214,132,30,29
212,134,28,30
209,139,29,32
207,149,29,37
204,165,31,40
202,183,30,40
197,211,30,42
197,232,31,34
198,231,31,30
201,231,30,29
206,231,31,30
209,235,30,33
211,242,31,33
213,255,30,33
210,269,31,36
207,287,31,35
202,307,31,35
199,324,31,33
197,337,29,25
200,342,26,20
205,339,26,19
211,328,28,23
219,303,31,30
229,274,30,33
232,246,31,40
233,213,31,43
232,188,29,38
231,167,29,36
228,148,30,37
226,135,31,36
226,127,29,32
223,123,32,31
222,122,29,30
219,124,29,32
217,131,30,34
213,142,30,36
209,159,31,38
207,182,30,38
199,212,35,43
199,236,29,34
193,231,30,30
187,225,31,29
185,222,33,29
186,222,30,29
187,228,31,31
189,236,31,35
192,251,29,33
192,274,32,36
187,301,35,43
183,324,33,36
178,339,31,30
178,342,28,27
182,336,29,24
189,326,30,26
198,306,34,30
207,275,38,37
219,241,30,42
220,207,30,43
217,178,30,45
216,157,30,39
213,138,30,36
208,122,29,35
206,111,29,31
200,104,31,30
197,102,31,29
192,102,30,29
188,105,31,33
182,113,31,35
179,126,32,39
172,144,31,38
166,166,31,41
157,195,35,40
153,207,35,31
151,203,29,26
149,199,31,26
152,200,31,26
160,202,31,30
166,210,30,30
179,226,31,32
177,225,34,34
189,239,32,37
188,240,34,37
196,253,32,33
195,257,34,32
194,253,36,33
197,245,35,32
200,233,36,35
204,223,36,33
207,211,35,36
209,202,35,37
211,199,34,33
213,198,32,33
214,199,31,31
212,201,30,30
210,205,28,29
209,208,26,28
205,207,28,29
205,198,28,31
204,186,31,32
201,172,31,35
194,166,36,34
186,163,38,35
178,165,41,39
175,173,41,41
175,186,43,47
179,203,42,46
186,215,42,46
194,219,42,40
204,214,39,39
209,213,37,33
212,214,34,30
209,219,33,27
203,229,32,26
198,238,31,26
198,248,28,27
198,260,29,29
198,275,30,31
196,291,33,37
194,310,33,38
193,325,34,32
196,326,34,32
199,318,37,33
211,295,35,37
221,265,34,40
224,237,35,40
228,202,32,43
228,176,31,40
227,154,31,38
226,136,29,36
223,122,31,35
221,113,31,32
219,108,30,30
216,107,30,31
213,109,32,32
210,116,30,33
207,125,31,38
204,141,30,42
201,162,29,45
195,190,33,46
192,224,31,44
189,239,29,36
186,238,34,29
178,242,31,29
175,250,30,32
174,262,28,30
173,284,30,37
167,313,31,35
163,331,30,28
163,331,30,28
163,331,30,28
163,331,30,28
171,336,31,23
178,321,31,24
186,302,33,25
195,274,30,31
198,248,31,34
202,224,29,31
201,200,28,33
199,182,28,34
197,169,28,32
195,158,29,32
193,152,30,30
189,151,31,28
186,152,31,29
184,157,31,31
182,165,29,33
177,180,30,36
171,201,33,41
166,229,33,39
161,260,32,32
158,263,34,31
157,265,35,33
160,270,32,28
165,277,32,24
172,286,33,24
186,289,32,28
199,281,28,29
204,268,31,31
210,252,31,33
216,236,31,34
219,221,31,32
220,201,33,36
220,184,33,37
218,172,33,35
216,161,34,36
215,153,34,35
216,146,33,35
213,141,33,35
211,136,33,34
210,133,33,33
208,130,35,35
208,127,35,35
209,123,35,34
209,121,37,33
214,120,36,33
217,121,35,34
220,125,35,34
226,130,33,34
228,135,35,34
232,137,33,33
234,139,35,35
236,140,34,33
239,142,36,34
239,143,36,34
243,145,36,34
249,148,34,33
250,149,34,32
250,148,34,32
248,148,35,34
249,150,36,35
251,156,37,34
258,161,36,32
263,163,36,33
265,161,38,34
273,163,36,34
279,166,36,34
283,171,36,33
287,173,34,31
286,172,32,33
287,171,32,33
290,173,35,33
293,177,35,34
295,181,33,33
294,182,32,33
294,180,33,34
293,181,34,34
294,182,35,35
295,184,35,34
295,185,35,32
293,182,34,31
290,177,34,32
287,172,34,32
286,168,33,32
283,165,33,33
282,163,32,31
280,160,33,30
278,156,31,33
274,153,33,33
272,151,34,33
271,149,33,34
268,148,33,31
266,145,32,33
263,143,34,34
261,142,33,33
259,140,33,33
257,140,34,32
256,141,33,32
256,142,32,33
255,144,33,33
254,147,33,34
255,150,32,33
254,154,32,32
254,157,32,35
254,162,31,33
253,166,33,35
252,172,34,34
251,179,33,33
252,187,33,34
250,194,34,35
249,204,32,35
249,212,32,34
248,220,32,34
246,229,32,35
243,237,35,36
241,245,36,38
241,255,34,35
239,262,33,36
236,271,33,35
234,276,34,35
233,281,33,30
233,287,32,26
230,290,34,26
227,293,35,33
226,294,34,36
225,295,36,37
223,296,37,36
224,294,36,38
225,293,37,36
229,288,34,28
232,283,35,30
235,274,33,34
238,264,33,33
240,255,34,33
243,243,35,36
246,232,34,35
248,220,33,32
250,210,31,33
252,194,38,36
251,185,35,37
253,173,31,34
252,163,33,33
251,154,34,35
251,146,34,34
249,139,33,34
249,134,33,31
248,130,33,32
246,126,32,33
245,125,34,32
244,122,33,32
243,122,32,31
243,120,32,32
242,120,33,32
242,120,33,32
242,120,32,32
242,121,33,33
242,124,34,33
244,128,33,33
245,132,33,36
246,138,34,36
246,146,35,37
246,154,34,38
249,163,34,38
249,173,34,37
249,184,33,37
251,197,36,43
251,214,32,38
249,229,32,42
248,247,32,38
244,261,33,40
243,275,32,34
241,287,32,25
236,300,30,33
236,299,31,35
230,307,31,36
231,309,30,35
228,314,33,37
226,319,33,37
222,323,35,35
222,324,34,35
222,324,35,33
223,323,35,35
225,320,35,35
229,315,31,34
230,304,33,40
236,295,33,38
243,279,31,34
244,275,35,32
247,263,34,35
250,251,34,36
250,239,36,37
256,225,31,36
261,213,31,35
257,198,35,42
255,185,32,34
252,172,34,37
248,161,35,35
246,152,34,36
244,144,34,35
243,137,33,35
241,133,32,33
240,130,32,32
238,130,32,32
235,130,31,31
235,133,30,31
234,139,29,30
234,145,28,29
237,152,26,29
237,160,26,28
237,166,25,28
238,172,23,27
236,177,25,26
233,182,24,24
231,184,23,22
217,193,28,26
213,189,31,28
210,185,37,27
208,182,41,30
207,179,44,34
206,178,46,35
206,179,47,36
207,181,47,33
207,184,47,33
209,183,47,40
212,196,38,34
227,168,32,29
231,160,28,29
230,152,28,29
229,145,28,30
228,139,29,31
226,134,32,32
223,130,32,32
222,128,34,32
221,127,34,33
218,128,36,37
218,131,38,37
218,137,38,41
219,147,39,40
223,161,41,42
228,177,41,44
233,193,38,45
239,210,36,44
243,228,35,44
247,241,35,40
249,251,34,37
249,257,33,34
252,260,30,32
249,261,29,31
250,259,27,30
248,258,27,28
245,256,26,28
242,254,26,28
240,253,25,28
238,253,25,28
238,254,24,28
239,256,24,28
239,259,25,27
241,263,25,28
241,269,26,28
243,274,27,29
244,277,28,31
245,277,28,31
245,271,29,34
245,261,30,36
245,250,30,36
244,236,32,39
243,222,33,39
243,206,33,38
246,190,43,38
240,172,37,40
243,161,36,35
246,153,32,33
249,150,29,28
251,149,27,23
254,152,27,22
259,160,26,18
259,160,26,18
259,160,26,18
259,160,26,18
259,160,26,18
259,160,26,18
259,160,26,18
209,173,25,23
214,172,30,28
226,177,31,32
234,186,32,37
235,202,34,38
232,214,34,38
225,229,33,31
216,235,33,31
207,237,32,30
198,236,33,30
189,232,34,31
183,226,33,32
223,160,32,28
223,160,32,28
231,169,32,30
230,169,33,32
235,182,29,29
232,194,30,29
223,203,33,28
215,209,30,27
207,210,29,29
199,210,30,30
195,207,28,31
189,203,30,30
186,198,31,31
184,193,32,31
184,188,32,31
185,184,33,33
185,183,35,34
188,182,35,33
188,183,38,34
189,182,38,36
190,180,39,36
188,174,40,37
188,167,40,37
191,160,40,39
195,155,40,36
200,149,39,37
208,148,39,34
216,147,40,36
226,151,39,37
236,156,38,37
245,164,37,36
254,173,33,34
257,183,32,33
259,191,31,31
257,197,29,30
253,202,29,29
248,205,28,28
242,208,28,27
237,209,26,26
232,210,25,27
230,211,24,25
231,211,24,26
233,211,25,26
238,210,27,27
243,209,28,29
249,207,27,30
251,204,30,31
250,199,32,32
246,194,34,33
242,188,34,34
238,183,35,34
232,181,36,34
229,178,35,33
228,177,34,30
227,176,34,32
225,176,35,31
225,176,35,31
226,175,35,31
226,174,34,32
227,173,33,32
227,171,34,30
228,168,33,32
228,164,34,32
227,160,35,31
227,155,33,31
225,149,36,33
223,144,36,32
222,138,34,32
223,134,33,31
220,131,35,31
220,130,34,31
221,131,35,30
223,135,34,34
225,144,34,32
225,155,36,35
228,170,33,37
229,188,33,36
229,202,33,39
231,221,33,33
232,233,32,33
231,245,31,31
232,253,30,27
232,256,30,27
232,256,29,26
234,253,29,25
234,248,27,26
233,243,29,27
233,240,29,26
232,237,29,25
232,235,28,26
233,234,29,26
232,233,29,28
233,232,30,28
231,230,31,29
230,225,32,30
229,218,31,31
227,212,32,31
225,206,32,32
224,201,32,31
224,198,32,31
224,197,33,30
223,195,33,31
224,196,33,30
224,194,33,31
223,195,34,31
222,195,34,32
224,197,34,32
223,198,35,32
224,200,33,32
226,203,32,32
226,206,33,31
224,208,34,33
224,210,34,32
224,211,34,32
226,213,32,33
225,216,32,32
224,217,33,33
222,220,33,34
222,223,33,34
222,229,34,32
220,234,35,33
220,243,34,34
218,244,37,33
217,257,35,32
216,257,36,31
214,268,36,33
213,279,34,34
213,292,32,36
213,308,33,36
211,321,35,36
211,326,37,33
218,325,34,33
224,315,32,35
233,283,31,31
240,260,26,33
239,227,28,36
233,199,29,39
226,178,32,41
222,161,32,37
215,148,34,37
212,140,34,35
206,137,34,32
200,137,34,32
195,142,34,32
188,149,34,35
182,164,35,39
174,182,36,41
164,203,38,38
157,189,34,34
149,175,30,35
147,168,25,29
150,166,21,26
155,166,22,27
165,178,26,28
178,198,26,30
189,225,26,34
198,265,27,40
197,305,30,40
193,336,31,33
193,336,31,33
193,336,31,33
193,336,31,33
193,336,31,33
220,335,36,27
230,316,32,33
240,274,31,34
243,249,29,40
241,226,29,34
236,206,29,35
232,191,29,32
227,182,30,31
221,176,31,31
217,175,31,31
212,177,32,32
209,183,31,33
203,194,32,35
199,209,29,37
192,221,30,37
171,184,39,40
137,159,46,39
113,144,44,31
88,123,46,33
74,115,44,34
72,111,41,35
79,107,41,34
91,108,45,31
109,112,48,35
140,125,41,35
161,146,42,37
182,178,41,43
199,216,33,48
202,261,33,49
195,304,35,48
190,333,30,47
190,333,30,47
190,333,30,47
190,333,30,47
190,333,30,47
190,333,30,47
210,327,31,41
222,310,29,40
236,271,30,38
240,243,29,39
238,205,31,42
240,181,28,37
239,157,30,41
239,139,28,36
238,125,28,35
237,115,31,33
236,110,30,30
235,108,28,29
234,109,29,31
232,115,28,31
230,124,30,35
229,139,29,37
226,158,30,40
225,183,30,40
222,199,30,35
202,186,35,32
183,172,36,30
171,161,31,28
162,157,29,26
159,159,31,28
165,166,35,35
174,182,38,38
185,203,35,39
195,236,35,43
196,273,34,45
188,309,35,40
180,333,34,29
180,333,34,29
180,333,34,29
180,333,34,29
180,333,34,29
180,333,34,29
180,333,34,29
180,333,34,29
180,333,34,29
202,326,36,31
215,295,33,39
223,264,32,41
227,235,29,43
229,209,27,38
225,188,31,35
226,188,29,32
225,172,29,37
224,171,29,35
223,158,29,32
221,150,29,31
220,146,29,30
218,145,30,29
216,149,30,32
213,155,29,32
212,166,29,36
210,183,29,37
204,203,32,38
197,202,37,39
180,181,39,37
167,167,38,32
154,155,34,28
148,151,32,28
148,152,33,30
154,165,35,28
168,179,32,33
179,204,32,38
187,237,31,44
190,275,35,45
188,310,36,39
185,330,32,30
185,343,31,22
188,339,32,20
196,327,33,24
203,305,36,30
214,276,38,35
223,251,35,38
229,210,30,43
223,178,31,43
217,150,31,42
210,128,31,40
203,108,33,39
196,94,33,37
191,85,31,31
183,79,31,30
176,77,31,28
170,77,30,29
161,80,31,31
153,89,30,31
144,103,31,34
133,121,32,36
121,146,34,40
109,172,36,45
98,199,38,41
94,193,38,39
86,190,41,30
93,189,34,28
99,191,35,29
111,199,36,34
126,219,33,34
136,240,32,33
143,260,32,33
148,287,32,35
155,312,31,33
163,327,27,28
171,333,27,22
182,322,29,24
195,298,30,29
204,269,33,35
214,241,29,35
217,209,28,40
216,183,30,37
218,164,29,37
218,148,31,35
220,137,29,31
219,129,29,31
219,126,29,29
220,125,29,30
219,128,30,32
218,136,30,35
219,148,29,37
217,165,29,41
217,189,31,37
215,221,31,36
215,204,32,35
206,183,34,37
199,165,35,35
192,148,31,36
184,138,29,31
179,129,26,27
171,123,25,27
163,121,28,28
158,123,28,27
155,125,29,25
153,130,34,26
150,140,37,30
142,146,41,34
128,157,49,37
117,169,50,42
108,180,50,43
101,192,52,46
100,201,54,48
109,206,53,45
120,202,56,43
133,196,55,41
149,190,54,40
166,184,55,41
186,174,50,40
202,164,46,42
215,157,44,42
225,152,45,42
235,147,44,43
242,143,44,42
248,140,44,43
253,138,44,44
257,138,46,44
261,138,45,45
262,138,47,46
259,139,48,47
254,140,48,47
241,139,53,50
227,139,55,53
212,138,58,53
199,135,61,55
187,130,62,56
172,125,67,57
167,120,67,59
165,117,69,59
166,116,68,62
172,114,66,62
172,115,68,59
184,116,68,58
201,119,67,59
224,125,60,58
246,131,58,58
267,138,55,57
287,149,53,53
304,158,53,53
317,169,56,50
333,177,49,50
340,185,57,53
348,192,57,52
356,201,57,51
367,209,52,50
374,216,50,48
380,221,48,47
384,222,47,50
391,222,40,49
395,222,36,45
402,220,29,44
405,219,28,43
410,217,22,44
414,218,20,36
418,218,17,33
421,221,13,28
423,226,13,24
425,230,12,22
425,230,12,22
425,230,12,22
425,230,12,22
425,230,12,22
425,230,12,22
425,230,12,22
425,230,12,22
425,230,12,22
425,230,12,22
425,230,12,22
425,230,12,22
425,230,12,22
425,230,12,22
425,230,12,22
425,230,12,22
425,230,12,22
419,220,13,24
412,220,14,26
409,218,18,29
401,216,23,32
385,211,28,33
372,209,37,37
358,200,44,44
347,197,48,46
336,193,51,47
327,191,52,48
317,190,52,47
304,187,54,49
290,185,54,50
273,181,55,50
255,176,55,51
234,170,59,54
213,167,63,55
193,162,63,54
179,158,63,56
168,157,64,56
159,156,63,57
156,153,64,57
158,151,63,60
163,152,63,58
172,153,63,57
186,154,61,57
199,158,60,52
213,161,59,55
230,165,60,54
250,168,54,50
267,171,53,51
285,175,53,48
302,179,51,49
316,183,51,49
331,188,52,47
344,192,53,46
358,195,51,48
372,200,51,47
384,203,45,48
393,207,40,46
403,212,29,46
410,217,25,41
415,224,21,36
417,226,19,36
417,226,19,36
417,226,19,36
417,226,19,36
419,227,15,31
416,221,17,34
409,220,22,32
400,211,25,36
389,205,35,36
370,197,43,41
345,189,51,44
328,188,49,42
309,188,48,42
290,191,46,44
272,196,46,43
254,204,45,40
240,212,42,39
225,221,42,39
217,232,38,39
207,242,38,41
201,257,36,38
197,267,35,40
195,283,34,42
193,299,34,42
194,314,33,40
193,325,32,34
199,321,29,36
203,306,30,35
211,282,29,39
211,259,30,40
210,232,31,36
207,210,31,35
204,193,31,33
204,194,29,30
202,183,28,31
200,182,31,32
197,175,31,30
192,172,31,29
189,172,30,29
186,175,29,31
181,182,29,32
176,194,30,31
173,211,30,29
180,210,26,28
177,203,30,28
179,198,28,25
180,195,23,22
178,197,20,16
177,205,24,19
184,220,18,18
184,220,18,18
184,220,18,18
184,220,18,18
184,220,18,18
184,220,18,18
184,220,18,18
184,220,18,18
184,220,18,18
184,220,18,18
184,220,18,18
184,220,18,18
184,220,18,18
226,251,16,21
224,250,21,19
218,250,23,17
212,251,23,15
207,255,22,14
207,259,19,15
208,264,17,13
208,264,17,13
208,264,17,13
208,264,17,13
208,264,17,13
208,264,17,13
208,264,17,13
208,264,17,13
208,264,17,13
201,273,16,11
198,273,16,13
194,273,18,14
191,272,20,15
187,272,21,16
184,271,24,18
183,270,24,20
181,270,27,22
181,269,30,25
184,270,32,26
189,272,30,25
194,272,29,25
198,271,30,26
200,269,31,27
204,266,31,24
209,263,29,23
216,263,23,19
213,261,25,21
209,257,24,18
207,258,23,19
205,261,26,24
205,269,26,27
204,283,28,29
201,301,31,35
199,323,34,34
197,333,35,27
204,332,34,27
212,317,34,33
223,287,32,28
234,261,27,34
236,227,29,34
235,192,29,35
231,164,32,40
231,141,29,37
229,121,29,37
226,107,30,35
224,96,29,33
221,89,30,31
220,86,30,29
217,87,29,30
215,90,29,32
210,97,30,35
205,110,31,39
201,129,32,43
197,155,31,43
194,169,29,32
186,162,28,27
177,153,27,25
168,146,24,24
165,145,18,19
167,146,15,19
172,154,17,22
180,168,18,27
188,192,20,31
198,222,23,34
200,261,28,38
200,287,29,37
196,316,30,36
194,328,25,32
192,339,25,24
200,345,24,17
206,335,25,18
215,319,28,22
222,290,30,27
231,263,28,32
236,236,28,35
235,205,28,37
231,178,30,37
227,154,31,41
223,135,30,38
220,121,29,35
214,112,30,31
209,105,31,31
204,102,31,30
198,103,31,29
193,106,31,32
188,114,30,33
182,127,31,36
181,128,32,38
175,146,32,34
178,146,28,34
169,170,30,35
162,192,30,31
151,184,34,32
144,178,32,26
143,175,32,25
145,178,33,25
155,185,31,32
162,199,34,35
169,223,31,33
178,258,30,32
182,288,29,38
183,323,25,32
183,323,25,32
183,323,25,32
183,323,25,32
183,323,25,32
183,323,25,32
205,332,28,29
217,315,28,30
229,284,28,27
232,257,31,32
237,225,30,36
235,196,29,37
230,172,30,39
223,152,30,36
217,137,30,35
211,126,30,33
205,119,31,31
198,117,31,30
192,117,31,29
184,120,31,32
175,128,33,33
171,141,31,33
161,158,31,37
147,183,36,41
141,187,33,35
133,175,35,35
133,167,31,29
137,161,31,28
146,164,30,29
158,171,29,30
170,185,30,31
184,203,29,35
192,229,33,38
194,254,35,40
196,271,37,36
196,271,38,39
199,259,38,36
201,241,39,38
209,225,35,36
209,211,37,32
211,205,34,29
212,202,33,27
215,206,29,24
214,213,25,20
211,221,26,21
210,225,24,17
208,223,23,23
210,225,22,21
209,231,22,18
205,233,24,19
202,233,25,21
199,232,28,22
198,228,27,25
198,224,26,24
196,222,26,25
190,222,28,24
184,225,31,22
178,233,28,19
177,235,27,17
176,238,27,21
177,244,27,22
178,252,29,23
180,259,30,26
183,268,30,26
187,272,32,24
191,272,32,26
197,269,34,24
204,263,33,26
213,252,32,25
220,242,32,28
230,235,31,30
241,229,32,32
250,223,35,31
266,218,31,32
280,214,30,30
294,209,30,30
305,205,31,30
322,203,30,28
336,199,28,28
346,198,29,30
357,197,26,30
367,198,27,29
376,199,28,29
384,203,28,30
389,207,28,30
395,210,25,30
398,214,24,26
399,215,25,27
401,216,24,27
402,216,24,27
401,217,26,30
404,218,24,27
404,218,26,27
405,218,26,27
405,217,26,28
404,215,26,29
404,214,26,27
404,213,26,29
404,212,27,29
402,211,28,28
399,210,28,28
396,207,27,28
391,203,27,31
383,200,27,30
374,197,31,30
363,197,31,30
352,197,32,28
351,197,30,29
341,198,32,28
340,198,32,29
327,200,30,28
311,203,28,26
295,207,33,28
280,213,31,28
267,220,30,30
251,229,32,29
237,238,31,31
225,246,30,29
215,255,31,29
210,260,30,31
205,261,30,32
206,255,30,31
208,239,30,33
211,218,31,36
215,195,30,38
219,168,31,42
221,144,33,38
226,121,32,39
232,101,36,40
241,88,38,38
253,79,39,35
269,76,39,33
282,76,41,32
299,82,39,31
318,97,37,31
331,118,33,34
340,133,29,41
340,160,28,42
332,180,30,42
317,201,32,34
306,213,32,35
295,224,31,33
285,231,31,34
279,236,33,34
277,235,32,35
279,229,34,35
284,220,33,37
291,210,35,36
300,203,37,34
311,197,36,33
321,195,36,32
331,196,35,33
341,202,30,31
345,210,27,31
342,221,27,29
338,231,26,25
333,238,27,24
329,243,25,23
327,246,26,23
326,248,26,24
328,247,25,25
329,246,29,26
333,243,28,28
335,240,30,28
341,236,27,28
343,230,28,29
342,225,31,29
342,220,31,28
341,216,32,30
340,212,32,29
339,209,32,28
337,205,35,33
339,202,32,33
342,202,31,31
343,200,32,34
347,200,30,33
349,200,30,33
353,202,28,32
355,203,28,30
358,200,27,30
361,198,24,28
363,195,22,24
364,194,22,17
364,188,22,18
364,180,22,16
361,171,25,17
360,165,26,17
360,159,23,16
356,156,24,15
355,148,26,20
352,146,27,26
348,153,30,30
346,163,32,35
347,181,29,40
345,203,30,41
342,235,31,45
340,269,31,41
340,269,31,41
340,269,31,41
340,269,31,41
340,269,31,41
268,341,30,37
268,341,30,37
238,324,37,31
226,302,39,35
205,301,42,33
185,302,46,37
161,311,45,36
132,324,49,35
132,324,49,35
132,324,49,35
132,324,49,35
132,324,49,35
132,324,49,35
132,324,49,35
132,324,49,35
132,324,49,35
132,324,49,35
132,324,49,35
132,324,49,35
132,324,49,35
132,324,49,35
132,324,49,35
132,324,49,35
132,324,49,35
132,324,49,35
132,324,49,35
132,324,49,35
132,324,49,35
164,294,46,43
164,294,46,43
164,294,46,43
164,294,46,43
164,294,46,43
164,294,46,43
164,294,46,43
164,294,46,43
164,294,46,43
164,294,46,43
164,294,46,43
164,294,46,43
164,294,46,43
164,294,46,43
164,294,46,43
164,294,46,43
164,294,46,43
164,294,46,43
164,294,46,43
164,294,46,43
164,294,46,43
164,294,46,43
164,294,46,43
164,294,46,43
164,294,46,43
164,294,46,43
125,339,47,39
137,320,44,37
148,305,41,36
162,286,39,39
176,269,38,38
189,257,37,33
205,244,33,29
220,233,35,25
235,222,31,21
254,215,36,24
274,199,30,25
285,183,27,23
294,165,28,26
300,148,30,33
310,153,26,28
316,147,25,24
322,144,25,20
326,139,25,19
330,138,25,20
334,138,25,19
338,140,24,20
342,143,26,19
345,146,27,21
347,150,26,19
350,154,27,18
352,158,27,17
354,160,28,17
356,162,27,17
358,165,26,17
359,166,26,17
361,167,24,16
363,169,24,16
364,167,26,17
363,168,27,16
365,169,25,15
365,169,23,14
363,168,22,14
364,167,23,17
362,168,25,22
359,173,28,27
357,187,30,33
355,208,31,37
355,236,30,38
354,269,29,36
355,260,30,36
355,244,29,36
354,229,31,37
354,222,30,31
354,216,31,30
354,216,30,31
355,219,31,32
357,226,30,35
358,239,29,38
357,257,30,38
358,277,31,33
358,263,31,34
359,254,30,33
359,248,31,33
359,248,32,32
361,250,31,33
361,257,31,36
362,272,32,36
364,281,32,30
366,275,29,27
369,282,26,23
368,287,29,24
370,289,29,23
370,292,27,21
369,292,26,19
364,287,28,25
360,270,26,28
354,264,24,23
344,250,24,26
333,244,24,27
309,240,28,20
293,245,29,26
277,259,33,29
261,272,32,35
244,285,30,29
216,325,35,32
205,335,37,28
205,335,37,28
205,335,37,28
205,335,37,28
205,335,37,28
209,338,36,23
223,321,33,26
239,276,33,33
244,247,31,37
248,210,27,41
247,184,28,39
243,164,30,42
243,146,28,37
242,132,30,35
240,123,27,31
242,123,26,29
239,117,27,29
239,116,27,29
238,115,27,27
238,115,27,28
236,117,26,28
234,121,29,29
232,128,28,32
230,142,27,34
225,158,30,41
224,182,27,39
221,210,27,43
213,245,30,39
214,241,26,35
211,237,25,29
208,231,24,25
207,227,27,25
208,227,28,25
214,232,29,26
216,241,29,28
222,259,30,30
228,280,27,32
228,316,25,36
224,337,25,33
224,337,25,33
224,337,25,33
224,337,25,33
224,337,25,33
224,337,25,33
224,337,25,33
224,337,25,33
224,337,25,33
242,341,27,30
245,327,27,25
253,285,30,25
252,260,33,32
255,235,30,35
256,216,28,33
254,201,29,32
255,191,28,30
253,186,29,29
254,182,29,28
253,185,29,30
252,191,28,31
251,199,29,32
250,215,30,35
248,236,30,40
247,263,29,32
236,249,28,31
227,230,29,31
221,210,30,34
215,199,33,33
211,191,33,32
212,193,31,29
214,198,33,32
220,208,34,38
226,233,35,37
230,262,32,36
228,318,28,35
222,335,32,27
222,335,32,27
222,335,32,27
222,335,32,27
222,335,32,27
222,335,32,27
222,335,32,27
222,335,32,27
222,335,32,27
249,334,29,25
261,283,29,27
264,257,27,28
264,226,29,31
262,197,30,35
260,176,31,36
258,159,32,36
257,146,31,37
257,139,32,35
255,134,31,33
255,135,30,33
252,139,32,33
251,147,30,36
249,161,31,40
247,180,31,42
242,206,33,39
232,196,33,31
211,172,36,33
193,148,34,34
179,134,30,30
165,123,29,27
157,117,26,25
157,119,23,21
162,124,20,22
172,134,21,25
184,151,23,26
198,176,23,32
213,211,19,36
210,262,26,38
188,306,32,38
172,327,35,32
161,339,32,23
150,345,33,15
150,345,33,15
158,346,27,12
165,344,27,15
175,336,30,18
187,322,31,23
202,301,29,26
209,275,32,32
220,247,28,38
223,214,29,40
225,184,28,39
225,159,30,40
224,141,31,38
225,124,31,38
225,114,28,34
225,107,30,31
224,104,30,30
224,104,29,29
223,107,29,31
221,114,30,33
221,126,28,35
221,141,28,38
218,165,29,40
220,164,27,41
215,192,30,38
215,192,30,42
205,192,34,35
185,176,33,36
172,165,32,34
162,159,31,31
162,152,29,31
166,151,33,32
172,153,33,32
177,157,35,30
183,164,31,29
189,171,31,29
197,181,30,32
205,192,31,31
216,209,29,28
