230,168,107,62
228,172,115,49
220,171,124,53
226,169,117,56
227,170,115,53
228,170,114,53
228,172,115,49
225,169,118,58
229,168,115,55
226,167,116,57
226,165,114,50
230,168,107,54
229,166,109,54
232,168,108,51
231,169,113,50
225,167,120,53
221,169,123,50
206,169,136,47
183,169,148,45
179,169,144,48
182,167,134,46
184,166,129,40
185,165,127,39
182,165,130,40
180,165,137,39
180,164,133,39
181,166,139,38
179,165,140,39
180,164,138,40
181,165,137,40
180,164,140,41
179,166,139,39
179,167,139,41
176,168,138,42
178,171,137,38
180,170,132,43
180,170,135,42
180,170,131,44
180,170,131,43
179,170,131,40
180,169,130,42
179,170,133,42
181,167,136,46
180,167,135,45
180,169,132,43
179,169,134,42
180,170,134,43
180,170,139,43
181,170,140,44
182,169,149,44
181,169,149,42
179,169,153,42
177,169,151,41
179,170,150,44
182,169,140,45
182,169,133,46
180,169,140,44
180,169,145,45
180,169,140,44
181,169,138,45
180,169,143,36
178,167,141,42
177,166,133,45
178,164,137,44
181,163,134,46
187,160,129,43
201,158,123,42
199,155,130,44
206,152,127,46
211,150,125,46
216,149,130,45
219,150,130,46
220,150,128,40
221,148,126,40
217,142,131,44
215,140,131,38
217,135,130,33
214,130,133,30
216,110,131,36
217,89,134,53
217,74,141,69
220,65,134,80
225,60,125,93
227,65,122,82
224,72,123,75
221,72,126,73
224,71,130,79
224,67,137,91
230,67,137,99
231,67,137,103
240,69,128,95
236,63,133,98
235,59,137,101
242,60,130,96
242,60,127,96
244,60,121,98
247,57,117,97
246,59,113,96
248,59,113,93
247,60,114,90
246,58,112,90
247,55,114,95
247,54,113,96
243,50,122,103
246,53,116,101
251,53,113,101
259,54,100,93
256,54,101,99
259,56,97,95
257,57,99,94
254,58,105,93
256,60,104,93
250,58,109,95
250,58,109,98
250,63,106,93
247,61,106,95
247,64,105,92
243,66,108,91
241,69,113,90
234,68,121,93
232,69,122,95
225,71,127,95
229,73,127,97
227,75,130,91
223,84,133,80
226,92,131,70
222,98,131,60
226,104,129,55
227,108,119,53
230,120,108,41
232,124,103,42
234,126,101,47
236,128,98,46
237,129,99,45
235,132,100,41
237,131,100,41
234,128,102,44
236,123,103,48
236,119,105,52
236,113,114,58
238,106,109,69
236,100,111,76
236,94,115,76
237,90,110,80
237,82,115,84
241,77,113,93
243,75,109,93
243,71,114,99
244,69,118,98
243,69,124,101
243,67,135,105
243,68,137,102
244,63,147,109
254,68,132,104
256,72,138,103
260,77,134,94
256,80,138,93
255,86,133,87
255,88,126,85
251,92,137,82
250,99,139,77
249,104,136,66
247,106,139,62
243,109,138,56
239,112,146,53
235,116,139,50
229,115,144,50
227,118,142,49
224,116,142,53
223,115,140,53
224,114,136,55
220,114,140,53
219,110,138,59
220,107,138,63
221,97,138,76
222,92,140,77
220,84,143,85
223,79,137,97
224,75,134,102
223,73,138,97
223,69,135,96
223,65,134,102
219,63,138,106
218,63,138,107
212,62,142,112
213,61,138,110
210,60,148,110
215,59,133,109
212,63,148,111
214,67,137,101
212,66,150,107
210,68,143,106
211,69,139,103
212,68,138,101
214,70,141,107
211,71,132,95
212,72,138,103
215,70,135,99
218,70,135,102
217,69,134,105
217,69,131,101
213,69,138,104
212,68,140,105
212,68,143,114
217,68,136,100
215,68,139,104
214,69,141,97
213,68,145,101
219,68,137,98
220,67,133,95
216,66,136,99
215,59,133,98
201,45,151,113
200,34,149,118
201,19,145,130
205,14,142,121
204,12,138,107
206,9,141,111
213,13,131,99
217,25,124,87
218,38,114,85
230,68,98,62
233,85,97,45
236,91,95,43
233,93,101,40
229,93,107,56
234,84,107,61
243,73,114,69
243,61,115,79
242,49,115,97
224,42,119,105
227,34,113,113
229,31,122,111
227,33,127,108
228,39,124,106
227,43,121,109
231,52,119,103
228,59,118,90
233,66,113,87
232,72,114,83
231,85,111,70
233,89,111,69
228,90,117,70
229,93,113,66
227,96,117,61
225,96,121,63
228,97,114,65
232,96,107,66
229,96,116,61
230,92,113,68
230,90,116,71
230,87,118,74
233,84,112,74
236,79,116,76
237,74,117,84
238,65,122,92
240,60,114,87
240,56,113,90
238,51,113,91
238,46,100,88
239,43,92,92
240,47,93,71
239,49,102,77
240,58,101,78
240,63,94,78
241,70,90,72
243,80,93,65
241,89,98,62
244,99,97,56
242,104,109,55
241,110,111,50
237,116,108,43
233,120,111,35
232,122,110,32
231,123,107,30
229,122,101,29
232,117,99,33
235,112,98,42
236,107,101,45
238,106,97,48
237,101,101,51
234,99,110,48
226,100,127,43
223,97,134,40
221,97,137,37
217,97,143,34
215,98,143,33
214,100,145,31
221,103,138,30
219,107,138,28
216,111,143,26
212,115,145,26
222,118,139,24
226,122,133,25
226,124,136,26
220,127,141,26
220,130,141,25
216,131,146,28
217,132,148,31
217,131,148,33
229,131,137,37
245,132,121,41
259,132,106,38
198,182,118,45
220,122,103,44
216,122,124,44
211,121,140,48
206,122,148,52
204,125,147,48
199,128,150,47
193,130,148,46
191,133,146,46
183,132,152,47
186,134,146,47
182,134,146,49
178,136,149,50
179,136,150,57
178,133,145,68
177,136,149,65
180,138,144,66
182,141,143,65
185,141,142,65
188,144,141,62
193,141,135,67
194,145,141,61
196,142,138,65
204,141,133,64
199,140,137,62
202,143,142,56
207,136,140,57
211,139,139,50
214,139,137,43
217,137,136,42
219,136,137,41
220,131,139,45
224,128,134,45
226,127,135,46
226,125,135,45
227,124,138,46
230,118,133,51
233,118,130,48
235,117,129,45
234,114,132,47
231,112,133,44
230,110,137,46
230,109,136,44
233,108,133,43
232,106,132,43
233,103,138,49
236,100,136,51
238,98,137,52
243,93,134,57
248,90,131,63
253,86,131,68
260,85,126,71
264,88,125,69
263,88,126,72
271,85,120,82
278,91,102,84
279,97,89,74
274,98,76,64
212,177,93,56
202,180,116,47
193,181,131,50
189,181,134,49
243,115,139,49
242,120,137,45
267,123,124,46
265,124,113,49
266,127,107,46
264,129,112,43
262,132,113,42
261,133,112,41
256,135,116,40
253,138,114,39
248,140,118,38
246,140,115,39
238,142,121,39
231,144,124,37
225,144,124,37
217,145,127,41
208,146,126,51
203,151,129,44
201,150,132,43
196,152,132,53
192,151,138,52
187,152,139,50
182,153,147,52
179,155,145,52
175,153,148,56
171,153,151,60
169,150,149,63
167,148,147,64
160,146,151,66
162,144,149,66
163,145,147,64
159,146,151,59
163,144,143,58
160,140,147,62
158,140,152,61
154,146,156,54
155,148,151,52
158,149,151,51
159,148,152,50
159,151,153,54
160,154,150,51
163,152,146,51
163,155,148,52
169,155,145,53
171,156,139,53
177,157,135,53
180,159,134,55
189,160,128,54
188,163,134,51
189,163,135,51
190,163,140,53
193,165,136,53
199,166,134,54
195,165,136,55
196,166,136,54
198,166,133,53
202,165,126,53
197,166,132,52
197,167,132,50
196,167,131,50
191,167,135,48
189,167,139,48
186,167,141,49
193,166,133,50
189,168,137,47
188,167,143,48
189,166,139,52
191,166,137,52
190,168,138,51
189,164,138,51
190,166,141,49
188,167,145,51
190,169,140,48
187,168,141,49
189,168,139,49
188,169,141,48
191,167,135,50
190,167,138,50
190,167,146,50
194,167,148,50
198,166,144,50
200,165,144,50
204,165,143,48
206,165,144,52
211,165,141,48
205,165,146,51
201,165,147,47
202,167,150,51
196,165,155,49
203,166,145,49
201,166,149,50
199,167,150,47
201,166,146,47
200,166,147,47
201,167,147,49
201,165,145,47
201,164,150,53
205,163,144,52
203,162,145,50
204,163,145,53
201,163,149,54
198,164,148,51
203,164,146,52
202,164,147,51
208,164,145,53
202,164,146,51
207,164,142,50
207,165,140,50
207,164,138,51
211,164,136,51
206,164,142,53
204,162,142,52
203,163,146,54
197,165,154,52
203,164,146,51
204,164,142,50
201,164,147,52
205,163,144,56
206,163,140,54
206,164,143,52
199,165,150,49
209,164,141,51
207,163,138,52
202,164,146,50
207,162,141,55
206,164,145,52
205,165,144,53
199,164,151,51
207,164,142,53
199,164,150,53
203,164,146,52
201,164,148,51
202,164,148,53
198,165,152,51
203,164,146,50
205,164,142,52
203,163,146,52
209,162,137,51
209,163,140,54
207,163,139,52
205,163,140,50
205,164,144,52
201,165,149,50
202,164,146,51
204,165,144,51
205,165,143,51
204,164,146,52
199,164,151,52
204,163,143,55
203,163,147,54
199,163,149,53
201,165,148,51
196,164,155,52
202,164,151,56
198,163,150,52
203,164,146,50
203,165,146,50
198,164,152,50
203,164,145,52
201,163,146,52
198,165,151,52
200,163,149,54
198,165,152,50
202,165,149,50
203,163,145,55
199,165,150,50
195,164,151,50
202,166,149,50
197,165,149,49
200,165,149,53
201,165,149,52
199,166,151,51
194,164,159,52
196,164,155,52
194,165,156,50
198,164,154,53
196,164,156,52
194,164,157,52
190,166,163,50
189,164,163,50
195,164,159,51
194,164,159,51
199,162,150,51
207,160,145,54
207,161,143,53
202,162,146,55
211,162,138,53
211,161,138,53
208,159,140,56
204,160,142,58
206,163,140,53
203,162,145,54
204,161,144,55
203,162,148,54
208,162,140,53
203,162,149,54
201,161,150,54
200,161,145,53
202,161,149,54
195,162,154,55
200,161,147,55
199,163,152,51
200,164,148,53
196,162,150,55
201,164,146,51
203,165,147,53
203,166,146,50
205,164,142,53
200,164,147,53
197,167,154,49
197,165,154,48
198,164,151,53
194,166,156,50
201,166,151,50
200,165,152,49
198,164,153,52
206,165,146,52
200,163,150,53
198,164,154,54
197,166,156,49
204,165,147,49
201,164,152,52
200,164,152,51
201,165,150,49
200,164,148,51
203,165,145,50
203,164,145,52
206,163,140,51
206,163,137,50
206,164,138,53
208,164,135,50
205,164,136,51
203,165,143,50
201,163,149,52
204,157,149,55
213,149,143,61
221,145,140,66
226,143,142,66
233,136,142,67
245,129,141,73
259,125,132,73
258,120,135,74
261,116,139,68
264,116,135,66
272,122,128,53
269,109,133,60
268,102,131,63
265,93,129,66
265,89,130,76
269,84,123,89
266,80,128,98
266,76,128,98
265,77,126,95
262,77,129,95
264,78,121,91
266,76,118,94
260,74,123,96
258,76,127,93
255,75,124,95
261,76,121,95
259,74,117,95
263,75,114,96
259,75,116,93
260,77,115,88
254,77,119,84
258,74,120,86
265,76,112,85
267,76,107,80
265,70,113,87
267,68,119,86
271,61,122,94
273,57,124,94
281,54,120,94
284,55,119,95
287,46,110,99
284,48,113,91
286,47,110,86
285,49,95,77
281,54,90,66
282,62,76,57
282,66,65,54
284,70,71,60
303,84,82,68
296,72,94,85
289,65,103,98
278,56,119,110
276,54,132,115
275,51,141,119
278,51,139,112
280,51,129,117
282,55,130,110
284,56,132,107
285,54,130,112
285,57,125,109
281,57,132,101
278,58,135,102
274,57,137,102
272,58,132,93
269,47,139,99
272,39,136,105
277,34,131,113
279,28,137,117
285,24,130,119
289,21,123,116
296,20,112,106
304,20,103,100
309,21,96,98
312,28,86,97
317,35,84,93
319,39,81,84
319,44,80,82
315,49,84,77
312,54,85,73
307,61,90,65
302,70,96,51
302,77,88,45
301,84,80,38
297,92,68,25
297,92,68,25
297,92,68,25
297,92,68,25
297,92,68,25
297,92,68,25
304,114,72,22
304,112,80,23
297,108,85,25
287,103,96,27
284,99,103,29
279,96,108,32
279,94,103,30
279,93,100,26
268,93,105,30
266,93,104,28
265,94,98,27
264,95,95,28
266,97,89,27
266,95,84,32
266,93,74,33
267,93,67,31
267,97,66,29
267,100,66,24
268,99,70,25
268,101,66,22
269,104,62,25
271,106,55,23
271,104,50,21
273,105,42,24
268,104,41,28
268,104,41,28
268,104,41,28
268,104,41,28
268,104,41,28
268,104,41,28
268,104,41,28
268,104,41,28
268,104,41,28
268,104,41,28
268,104,41,28
268,104,41,28
268,104,41,28
268,104,41,28
268,104,41,28
268,104,41,28
268,104,41,28
268,104,41,28
268,104,41,28
268,104,41,28
268,104,41,28
268,104,41,28
268,104,41,28
268,104,41,28
268,104,41,28
268,104,41,28
268,104,41,28
268,104,41,28
268,104,41,28
268,104,41,28
268,104,41,28
268,104,41,28
268,104,41,28
268,104,41,28
268,104,41,28
268,104,41,28
268,104,41,28
268,104,41,28
268,104,41,28
268,104,41,28
268,104,41,28
268,104,41,28
268,104,41,28
268,104,41,28
268,104,41,28
268,104,41,28
268,104,41,28
268,104,41,28
268,104,41,28
268,104,41,28
268,104,41,28
268,104,41,28
268,104,41,28
268,104,41,28
268,104,41,28
268,104,41,28
268,104,41,28
268,104,41,28
268,104,41,28
268,104,41,28
268,104,41,28
268,104,41,28
268,104,41,28
268,104,41,28
268,104,41,28
268,104,41,28
268,104,41,28
268,104,41,28
268,104,41,28
268,104,41,28
268,104,41,28
268,104,41,28
268,104,41,28
268,104,41,28
268,104,41,28
268,104,41,28
268,104,41,28
268,104,41,28
268,104,41,28
268,104,41,28
268,104,41,28
268,104,41,28
268,104,41,28
268,104,41,28
268,104,41,28
268,104,41,28
268,104,41,28
268,104,41,28
268,104,41,28
268,104,41,28
268,104,41,28
268,104,41,28
268,104,41,28
268,104,41,28
268,104,41,28
268,104,41,28
268,104,41,28
308,169,41,26
295,196,47,29
292,192,50,37
304,188,59,40
286,183,63,49
300,182,77,49
286,182,91,47
280,185,100,42
275,183,107,45
265,181,119,47
267,178,126,48
266,173,128,53
269,162,128,59
269,153,131,70
274,145,128,70
275,139,125,66
281,130,123,67
282,120,121,75
290,107,119,82
297,100,108,78
295,92,110,77
297,80,112,79
298,69,106,80
297,61,106,76
298,56,109,71
300,49,106,65
295,45,115,61
293,39,120,69
289,35,126,70
288,30,123,76
288,26,118,83
284,25,114,83
283,23,111,90
288,22,103,90
288,21,106,97
294,22,97,94
293,23,95,101
295,26,88,97
296,29,88,95
303,36,78,91
305,41,79,87
307,48,80,80
306,58,78,76
311,68,77,69
312,77,75,66
318,90,67,55
320,100,65,51
322,108,61,47
325,120,61,42
321,130,62,39
321,135,60,41
321,144,59,45
313,150,65,44
315,160,67,39
312,162,66,40
324,170,63,42
313,173,63,42
323,176,67,43
317,180,63,40
322,181,70,40
318,183,69,36
320,182,71,39
320,183,75,39
319,181,77,36
318,186,74,35
318,183,73,35
322,188,66,37
323,190,63,37
330,192,67,34
330,192,69,34
322,190,73,36
324,189,70,33
325,189,73,29
326,188,66,31
325,187,68,30
326,186,63,27
326,186,61,29
326,186,57,29
327,187,58,27
336,189,58,30
337,190,57,27
338,190,55,25
341,189,50,23
340,189,50,26
339,189,53,23
337,190,55,28
335,190,57,30
338,191,55,27
340,190,51,27
339,190,53,30
338,189,54,31
338,190,52,29
343,191,50,26
339,189,53,32
343,192,50,27
346,190,45,28
339,189,52,31
341,191,49,28
338,190,54,30
338,190,55,29
340,190,52,28
343,190,49,27
345,190,46,30
342,190,49,27
338,190,54,29
339,191,53,30
341,191,50,29
340,190,51,28
342,190,49,32
338,189,54,31
339,190,54,27
339,189,55,32
336,190,57,30
334,189,62,31
336,189,59,26
338,188,56,24
338,188,56,28
340,189,55,33
339,188,55,30
337,188,65,36
339,188,71,35
323,187,73,34
324,189,75,31
325,189,72,32
329,190,71,31
336,190,63,30
337,190,61,29
339,190,60,30
335,190,65,28
332,190,66,28
331,190,70,31
325,189,78,31
324,189,71,27
292,126,66,29
300,128,63,27
304,128,66,28
305,127,70,27
305,123,76,29
308,121,78,27
307,119,84,25
307,115,92,25
310,109,97,24
314,103,96,21
315,90,99,29
316,80,101,32
319,68,99,42
322,56,103,52
321,46,107,62
323,37,107,70
323,33,109,72
323,34,110,73
325,35,111,75
322,41,115,82
318,48,119,81
315,59,121,79
313,69,118,76
312,81,116,74
311,90,113,74
311,97,111,74
308,102,112,74
304,109,116,76
300,114,119,75
293,123,117,69
290,128,119,69
285,137,119,64
279,146,126,58
274,158,127,49
266,162,129,48
262,175,132,43
258,179,134,46
257,183,130,48
253,186,136,47
250,188,135,48
250,190,130,48
248,191,123,50
242,192,130,53
238,193,130,58
240,194,120,61
238,193,122,59
235,191,123,63
237,187,118,65
236,181,123,71
237,170,118,79
232,157,123,82
232,149,121,93
229,144,127,102
227,140,127,97
225,139,126,94
224,141,119,83
222,144,144,85
224,149,148,90
217,157,163,87
212,172,171,67
214,187,167,51
210,195,173,44
210,211,175,45
209,212,173,57
213,212,172,68
223,210,163,76
222,212,163,77
222,216,162,74
223,217,158,72
219,216,166,74
220,216,157,76
218,218,162,69
218,220,157,67
217,219,161,66
216,217,162,71
214,218,162,71
218,217,159,72
218,217,161,73
217,217,161,71
222,219,154,69
213,218,158,69
218,219,161,67
213,217,162,73
216,217,159,73
213,216,163,71
216,218,161,72
217,216,161,72
216,219,161,69
215,218,158,74
218,217,156,73
217,217,159,73
215,216,161,75
215,217,160,73
218,217,158,72
217,218,149,69
216,218,152,69
216,218,156,68
215,216,159,69
211,214,166,74
211,209,163,84
208,205,167,86
208,202,171,85
203,197,171,85
206,200,155,83
208,199,146,76
218,198,125,74
225,199,125,75
229,198,118,75
225,199,122,72
222,198,132,70
221,196,132,75
220,196,134,73
218,197,139,73
218,200,134,70
218,201,128,70
220,198,129,71
217,199,131,72
216,198,137,74
220,199,125,72
218,200,134,69
218,199,135,72
217,198,138,71
222,192,129,73
229,183,118,85
230,173,120,94
240,169,114,97
250,167,106,99
258,165,94,99
261,156,87,103
256,150,87,114
255,142,78,126
256,143,72,128
253,141,75,132
255,138,75,134
250,134,89,136
244,130,98,137
243,132,102,135
235,134,112,124
227,139,128,119
222,141,139,113
214,150,155,106
214,156,156,99
217,166,152,88
220,175,149,82
220,180,155,77
220,184,157,75
225,187,155,71
229,188,156,70
228,192,159,70
232,194,151,64
229,197,156,61
229,199,151,63
229,199,152,61
226,200,149,62
219,201,153,61
219,203,145,59
213,203,150,58
210,207,155,57
208,206,154,59
208,206,153,56
206,205,156,60
209,207,152,56
208,207,153,58
209,207,153,56
207,207,151,57
207,206,154,60
208,207,152,58
207,205,152,60
210,205,149,60
210,207,151,55
208,205,156,59
204,205,166,61
206,205,160,60
208,206,154,59
208,205,153,59
208,207,154,59
208,207,155,59
207,206,157,58
205,204,160,60
206,206,160,60
203,206,164,57
206,205,164,59
208,205,156,59
210,206,153,59
208,208,155,56
206,204,155,61
208,206,154,60
208,205,158,60
205,205,166,61
204,203,169,64
207,204,164,62
207,205,162,62
207,206,164,57
206,207,165,57
204,208,164,56
208,206,159,59
207,206,159,57
204,206,164,57
207,206,162,59
204,207,161,56
207,206,162,58
205,207,162,56
207,205,163,58
207,206,151,58
209,205,151,59
205,205,162,59
208,205,152,60
207,205,150,58
208,205,150,60
205,205,153,61
207,207,150,57
206,205,150,59
208,204,150,61
204,202,155,64
209,204,144,63
207,203,149,62
207,203,150,61
209,202,147,59
210,200,142,60
210,198,143,60
213,198,137,58
215,196,135,58
218,197,128,55
298,144,109,45
312,132,98,40
313,123,96,44
312,111,99,52
314,103,96,53
317,95,94,54
315,86,99,60
312,80,108,63
309,75,111,67
309,70,111,67
307,69,113,65
297,66,120,65
291,64,123,74
290,67,118,73
286,67,114,75
283,70,118,74
280,74,118,73
276,80,123,68
275,87,127,62
279,94,124,58
278,101,128,59
276,107,133,59
272,112,140,65
271,115,137,67
268,115,142,82
265,120,141,81
262,121,142,90
264,123,138,93
259,125,142,96
257,127,146,96
257,127,142,100
251,125,144,108
244,121,151,118
239,124,155,117
234,124,157,122
229,127,161,118
228,128,161,119
225,131,158,118
219,133,167,130
221,137,167,133
217,135,175,141
214,137,172,145
214,139,172,141
212,139,170,142
214,140,163,142
217,137,161,142
218,138,154,145
214,134,157,151
213,136,162,145
211,138,166,148
210,138,157,142
209,139,162,148
218,139,148,133
215,139,153,134
217,140,154,136
219,137,147,127
219,138,149,138
214,142,157,137
215,139,161,141
221,141,148,135
213,139,159,142
214,141,156,134
218,142,147,121
215,141,152,131
215,142,153,127
212,142,155,125
214,141,149,129
213,140,156,121
215,141,152,132
214,140,152,123
214,142,154,129
215,142,155,128
219,142,151,125
218,143,159,131
217,141,159,135
219,143,162,141
216,141,164,140
217,142,169,141
217,145,173,134
211,142,181,124
212,145,190,140
214,145,164,131
216,144,175,139
212,141,165,141
211,142,177,148
212,148,164,140
209,142,169,143
319,126,152,102
332,124,125,78
345,130,110,59
341,122,112,69
340,122,106,66
340,121,106,64
335,118,113,63
334,119,113,60
332,112,116,70
332,115,111,63
326,112,117,68
329,112,112,66
328,112,112,66
322,115,112,65
321,114,113,67
315,112,117,66
316,113,113,67
311,114,118,66
308,116,122,63
308,114,117,66
303,115,123,60
304,112,118,64
306,110,113,64
303,109,114,66
302,107,113,63
299,107,114,66
298,107,115,62
297,106,114,68
295,105,112,68
291,104,119,72
292,105,113,70
288,106,117,71
290,107,110,70
289,107,114,68
290,107,113,70
286,107,117,68
284,109,120,68
286,110,116,65
282,108,121,68
286,109,115,67
280,109,123,68
285,109,114,71
282,111,118,66
280,113,119,64
278,113,123,62
278,114,122,61
277,116,124,57
277,116,122,63
276,116,123,60
274,119,123,58
273,120,122,57
274,122,123,56
274,122,125,56
274,125,125,53
274,125,126,54
274,127,125,52
273,127,125,54
272,128,124,53
265,129,133,51
263,132,131,47
264,134,127,45
259,135,129,43
254,136,130,42
246,137,134,42
248,138,130,43
237,141,139,41
238,142,135,45
238,145,137,51
233,145,142,56
229,147,145,58
232,150,139,59
231,152,144,59
233,152,145,64
228,156,152,63
230,156,147,63
231,155,147,69
233,156,144,68
228,154,148,72
227,157,149,69
227,160,151,65
224,170,153,56
226,175,142,55
224,175,146,54
221,174,155,53
220,175,158,54
221,176,154,51
221,175,157,53
219,174,156,53
221,174,156,55
223,172,153,57
222,172,151,58
221,173,153,58
224,172,149,59
222,173,152,56
222,174,150,55
223,173,147,57
222,173,151,57
219,172,156,57
222,174,147,56
226,173,145,56
224,173,150,56
225,174,147,56
221,173,152,57
225,174,143,56
224,174,148,55
223,174,147,55
227,174,143,55
225,174,146,56
223,174,149,55
224,174,150,55
221,173,152,56
220,172,156,58
219,175,154,55
223,174,148,54
222,174,147,55
221,172,152,58
222,171,155,61
225,173,150,58
223,173,145,58
220,173,147,56
222,175,142,54
225,175,134,53
227,174,130,55
223,173,136,54
222,175,135,53
225,174,130,53
225,173,133,58
222,175,138,53
226,174,133,55
223,175,140,54
229,175,136,53
232,174,137,51
237,173,139,52
245,174,140,51
255,172,141,51
266,171,136,51
273,168,139,53
282,166,135,52
287,167,139,49
294,166,131,46
303,164,124,53
303,165,131,52
306,159,127,45
311,147,121,46
310,138,123,50
313,127,121,54
312,115,123,62
313,104,117,64
311,94,120,67
308,88,122,64
310,81,117,61
307,75,121,73
309,71,109,72
311,72,98,60
313,71,94,56
313,72,96,58
317,71,94,53
315,70,100,60
317,72,96,56
319,71,96,61
325,71,101,77
327,71,95,78
327,70,93,76
331,71,86,72
337,73,78,68
336,73,74,62
332,74,74,57
340,75,65,62
334,77,67,54
330,79,68,45
329,80,68,44
328,82,67,41
327,86,63,31
321,86,63,32
322,87,58,28
326,87,54,26
331,85,44,26
331,85,44,26
331,85,44,26
331,85,44,26
331,85,44,26
279,90,39,27
282,89,31,25
288,90,31,29
286,90,39,33
286,93,38,33
284,93,40,37
289,99,48,38
287,102,56,41
283,105,66,46
281,104,83,55
281,108,94,49
274,111,101,48
274,111,102,46
275,112,97,49
275,112,94,50
274,114,98,46
271,113,97,46
271,110,95,50
255,108,90,49
258,105,85,55
267,104,69,56
272,105,67,50
272,105,67,49
271,105,66,46
271,106,67,47
271,107,67,52
271,110,67,53
271,115,69,50
269,117,67,53
272,119,64,54
271,121,67,54
267,125,68,50
262,128,77,38
263,121,74,46
254,129,82,36
253,127,82,47
260,124,72,50
265,124,64,46
264,125,65,48
268,126,60,50
266,115,64,56
264,120,62,57
266,121,54,49
262,121,58,43
262,117,54,43
254,134,55,39
255,117,56,35
252,130,54,32
247,135,55,29
244,136,56,28
240,138,55,31
237,142,51,33
233,144,50,36
244,145,40,37
244,145,40,37
244,145,40,37
244,145,40,37
244,145,40,37
244,145,40,37
230,145,44,39
230,145,44,39
230,145,44,39
230,145,44,39
230,145,44,39
230,145,44,39
230,145,44,39
230,145,44,39
229,152,40,29
225,153,46,23
222,153,47,23
221,153,51,24
219,150,52,26
214,144,52,33
214,144,52,33
214,144,52,33
214,144,52,33
214,144,52,33
253,157,57,33
249,155,66,35
243,157,70,34
241,155,70,35
241,155,70,35
241,155,70,35
241,155,70,35
241,155,70,35
241,155,70,35
241,155,70,35
241,155,70,35
241,155,70,35
241,155,70,35
241,155,70,35
241,155,70,35
241,155,70,35
241,155,70,35
241,155,70,35
241,155,70,35
241,155,70,35
241,155,70,35
241,155,70,35
241,155,70,35
241,155,70,35
241,155,70,35
241,155,70,35
241,155,70,35
241,155,70,35
241,155,70,35
241,155,70,35
241,155,70,35
241,155,70,35
241,155,70,35
241,155,70,35
241,155,70,35
241,155,70,35
241,155,70,35
241,155,70,35
241,155,70,35
241,155,70,35
241,155,70,35
241,155,70,35
241,155,70,35
241,155,70,35
241,155,70,35
241,155,70,35
241,155,70,35
241,155,70,35
241,155,70,35
241,155,70,35
241,155,70,35
241,155,70,35
241,155,70,35
241,155,70,35
241,155,70,35
241,155,70,35
241,155,70,35
241,155,70,35
241,155,70,35
241,155,70,35
241,155,70,35
241,155,70,35
241,155,70,35
241,155,70,35
241,155,70,35
241,155,70,35
241,155,70,35
241,155,70,35
241,155,70,35
241,155,70,35
241,155,70,35
189,120,71,41
189,120,71,41
189,120,71,41
189,120,71,41
189,120,71,41
189,120,71,41
262,79,80,49
262,79,80,49
262,79,80,49
262,79,80,49
262,79,80,49
262,79,80,49
262,79,80,49
262,79,80,49
262,79,80,49
262,79,80,49
262,79,80,49
262,79,80,49
262,79,80,49
262,79,80,49
317,136,87,56
321,127,80,66
321,127,80,66
321,127,80,66
322,135,75,67
322,135,75,67
322,135,75,67
322,135,75,67
322,135,75,67
322,135,75,67
322,135,75,67
322,135,75,67
322,135,75,67
322,135,75,67
292,137,72,52
278,130,62,64
289,132,50,57
294,124,37,56
297,122,32,59
300,117,34,60
301,113,37,62
300,109,34,65
300,108,35,74
292,143,39,65
294,150,29,59
289,154,33,50
286,157,35,42
286,157,35,42
286,157,35,42
286,157,35,42
286,157,35,42
286,157,35,42
286,157,35,42
286,157,35,42
286,157,35,42
286,157,35,42
286,157,35,42
286,157,35,42
286,157,35,42
286,157,35,42
286,157,35,42
286,157,35,42
286,157,35,42
286,157,35,42
286,157,35,42
286,157,35,42
286,157,35,42
286,157,35,42
355,86,42,35
341,87,50,37
341,87,50,37
339,87,51,38
339,87,51,38
339,87,51,38
339,87,51,38
339,87,51,38
339,87,51,38
339,87,51,38
339,87,51,38
339,87,51,38
339,87,51,38
339,87,51,38
339,87,51,38
339,87,51,38
339,87,51,38
339,87,51,38
339,87,51,38
339,87,51,38
339,87,51,38
339,87,51,38
339,87,51,38
339,87,51,38
339,87,51,38
339,87,51,38
339,87,51,38
339,87,51,38
339,87,51,38
339,87,51,38
339,87,51,38
339,87,51,38
339,87,51,38
339,87,51,38
339,87,51,38
339,87,51,38
339,87,51,38
338,74,50,40
348,62,48,36
350,58,48,36
349,47,48,45
349,32,49,59
344,20,54,61
342,11,54,62
340,1,61,64
337,0,71,57
332,0,80,46
327,0,86,40
325,0,89,29
329,0,85,21
334,-2,75,19
334,0,81,20
334,1,76,21
327,2,75,23
301,3,81,25
301,11,81,35
298,26,89,44
296,50,89,37
292,72,94,37
294,86,87,44
288,105,95,42
283,116,106,47
286,125,110,50
281,129,116,52
274,131,137,51
271,128,138,53
269,125,141,55
268,125,139,60
265,124,138,63
263,128,134,61
263,132,129,64
264,137,121,64
263,146,121,64
265,157,131,57
265,163,136,62
266,173,140,55
265,178,139,51
264,177,133,55
265,177,129,54
265,175,122,62
264,176,117,60
260,177,122,60
258,180,123,57
255,182,123,55
253,180,126,64
251,182,131,59
246,186,132,54
244,184,129,54
242,186,132,52
238,187,132,51
235,188,127,55
236,190,124,52
236,192,120,48
234,192,126,50
233,192,129,49
236,192,124,50
235,193,124,48
235,193,126,49
235,192,120,48
236,193,123,46
235,192,127,51
235,192,127,48
235,188,129,49
235,185,129,53
235,182,129,56
236,180,127,58
234,174,125,68
235,172,122,68
238,169,115,70
238,161,113,79
235,153,122,89
236,149,124,87
235,140,125,96
234,133,123,105
235,128,119,101
234,127,126,101
238,127,115,95
235,124,139,98
237,127,122,108
236,134,133,109
237,140,150,98
238,149,158,92
235,152,167,90
234,163,168,84
237,179,157,68
237,191,150,51
235,192,140,40
237,191,149,47
237,194,149,48
237,193,163,52
236,192,171,59
236,195,174,58
237,193,174,64
236,193,174,68
237,191,170,74
238,190,169,79
238,191,169,79
236,189,173,84
239,184,173,93
235,183,177,98
237,182,174,97
236,183,176,98
237,182,173,100
237,174,171,111
236,172,174,109
235,171,171,108
237,163,170,117
235,161,168,115
233,156,171,123
233,149,170,131
231,147,175,135
232,146,174,133
236,143,170,134
240,140,169,138
235,138,173,135
239,139,172,137
240,141,172,139
242,153,171,128
243,152,170,123
243,172,169,104
238,178,177,94
238,189,176,73
236,194,184,65
237,192,176,71
240,195,172,74
238,196,174,71
237,194,178,76
238,194,179,76
239,197,178,72
238,194,174,78
241,194,177,84
240,193,178,82
239,194,182,83
238,197,178,79
236,195,178,81
238,195,178,81
239,193,177,83
238,189,184,89
233,186,190,89
231,180,188,92
230,173,182,93
229,168,185,97
231,158,182,106
233,151,167,107
233,141,168,118
231,134,166,122
236,126,156,126
237,124,154,124
235,125,158,119
237,124,155,111
237,128,150,107
237,126,149,99
240,127,150,100
242,133,151,91
244,142,151,83
242,146,152,78
247,155,148,73
245,163,145,62
249,161,143,63
246,168,144,63
246,167,151,63
249,176,148,64
246,185,157,67
241,188,170,77
243,199,171,78
245,196,166,79
245,198,158,84
248,200,161,79
247,207,164,71
248,209,163,67
247,211,163,66
247,210,164,64
246,213,162,66
248,211,161,72
249,211,154,70
247,212,165,67
245,213,165,67
246,211,163,68
241,212,169,66
242,209,167,68
243,201,163,72
241,191,161,83
243,177,156,88
245,165,154,90
244,153,153,91
250,136,140,99
248,116,143,107
249,82,159,130
253,68,148,136
252,50,129,128
252,35,124,130
251,23,133,135
246,17,148,138
249,7,153,144
250,5,149,144
248,7,158,143
244,13,161,139
250,14,163,132
251,25,165,121
256,44,165,101
257,57,164,97
254,73,181,77
245,88,178,65
274,118,182,54
248,143,200,41
236,156,198,49
222,162,198,47
242,169,183,44
238,172,168,51
245,169,157,57
244,169,151,61
248,168,141,62
246,167,155,69
251,165,156,68
252,165,151,72
254,166,159,70
256,165,157,70
261,166,142,67
262,169,150,60
263,167,154,62
266,171,148,57
269,175,140,52
271,177,133,50
270,179,135,47
270,180,137,46
269,181,136,43
265,183,136,42
261,182,136,43
257,181,131,46
252,181,130,49
248,180,131,49
244,182,131,42
245,184,131,42
245,186,127,39
243,186,126,42
238,186,130,44
235,188,127,43
234,185,121,45
233,187,121,43
231,187,119,42
230,189,114,41
231,193,102,36
230,193,100,38
229,193,107,39
228,194,124,37
229,194,124,35
227,194,124,35
231,194,121,29
238,194,117,25
237,194,117,25
265,193,108,24
267,191,105,27
271,190,93,31
271,190,93,31
241,192,95,35
218,198,97,42
206,193,112,52
221,193,107,48
217,194,97,49
221,194,97,51
221,194,86,51
222,195,94,52
223,194,95,52
224,195,96,51
223,194,105,51
224,194,114,52
222,196,124,48
220,196,131,48
219,197,136,48
217,196,139,49
215,198,139,47
213,199,142,46
206,198,143,52
202,200,150,50
201,201,147,49
197,200,150,53
195,200,145,54
190,202,147,53
181,203,153,54
179,207,149,55
169,207,154,55
168,206,158,56
160,208,162,58
156,209,162,59
150,211,162,59
142,211,165,65
136,214,171,62
132,216,174,64
129,218,166,63
126,215,167,66
122,216,170,67
126,218,163,64
123,218,168,61
122,218,169,63
122,220,168,61
119,218,174,66
121,217,170,64
121,220,171,63
121,215,166,64
120,216,175,66
124,217,168,64
119,217,169,67
