248,84,26,60
248,86,24,54
247,83,26,50
247,80,29,51
247,73,29,53
250,73,29,54
251,66,27,60
250,55,30,68
250,46,30,67
252,38,30,59
239,22,29,51
247,25,36,44
257,22,35,37
257,19,43,37
258,22,44,36
257,28,41,38
257,28,41,38
257,28,41,38
257,28,41,38
257,28,41,38
257,28,41,38
257,28,41,38
283,58,41,36
283,58,41,36
283,58,41,36
283,58,41,36
283,58,41,36
283,58,41,36
320,35,44,38
325,30,49,37
324,25,57,39
327,22,57,42
328,19,61,39
333,16,54,38
332,15,56,42
334,15,54,42
330,17,60,43
331,19,57,42
334,21,57,40
333,24,58,39
330,24,60,38
330,23,56,40
327,20,55,43
323,16,53,47
319,12,49,51
316,8,47,54
311,5,47,57
306,7,47,56
300,6,48,57
295,8,53,53
295,8,53,53
283,21,50,52
276,29,53,45
270,33,50,44
270,33,50,44
258,37,52,49
252,37,54,53
249,35,53,54
246,35,50,54
243,35,45,55
227,38,50,50
227,39,49,49
240,39,46,53
242,43,38,52
246,44,28,55
249,47,26,52
245,51,29,52
247,60,33,49
241,65,42,48
249,71,35,44
249,71,35,44
249,71,35,44
269,86,28,47
275,92,23,47
279,91,27,54
285,101,23,54
293,102,19,57
294,105,22,59
294,111,24,57
294,116,29,54
293,123,31,50
292,124,34,54
293,128,40,50
286,133,44,46
274,135,41,42
271,138,34,38
265,137,28,38
265,137,28,38
265,137,28,38
265,137,28,38
227,118,34,45
187,117,43,42
177,117,56,37
172,117,61,31
170,121,63,25
169,120,57,20
169,116,51,22
168,111,51,27
169,106,48,30
170,102,49,30
171,97,53,37
199,92,52,45
182,90,56,43
173,89,63,47
170,91,66,39
169,89,68,36
173,87,84,41
170,83,86,44
172,79,86,44
172,79,89,42
174,82,86,38
175,83,88,34
178,83,86,32
178,82,86,32
180,87,85,27
182,85,82,29
185,84,82,30
186,82,85,31
188,81,82,32
190,81,82,31
192,82,80,29
195,82,80,28
198,84,80,26
199,86,82,25
200,87,84,24
203,88,83,25
207,87,84,27
208,88,83,27
210,88,83,27
212,87,81,28
214,88,79,26
214,88,80,25
217,87,79,26
216,86,81,26
215,85,84,27
215,85,82,26
215,83,81,25
217,83,79,26
216,83,82,27
216,85,82,24
217,86,79,24
215,87,82,24
214,87,81,24
215,86,77,25
213,84,81,27
211,82,80,27
211,79,80,30
209,77,80,30
207,75,82,31
206,75,87,32
203,73,87,33
204,74,86,33
202,73,90,36
202,72,90,38
200,70,90,38
199,71,90,35
196,70,90,34
195,70,91,33
195,70,91,31
193,68,90,32
192,66,89,34
190,64,90,37
188,65,92,37
184,65,94,38
182,64,95,45
185,65,92,45
184,65,93,46
184,65,90,46
184,64,92,48
185,63,94,51
187,64,91,49
189,59,89,58
192,58,87,60
194,56,85,62
194,54,85,66
195,51,84,68
196,52,87,68
199,50,80,70
200,51,79,70
202,50,80,69
199,47,79,73
200,46,80,74
199,45,82,76
201,43,77,76
203,43,73,77
205,41,68,77
209,41,62,80
209,39,60,82
210,38,56,83
213,37,51,82
214,41,48,79
215,37,48,82
215,38,46,84
218,40,42,83
220,39,38,84
222,44,37,80
225,51,34,76
223,57,38,67
224,42,39,84
222,41,44,86
222,40,45,87
223,41,45,86
221,40,46,87
224,42,44,82
223,42,45,81
224,38,43,84
225,37,40,80
223,33,43,86
225,29,40,89
224,26,41,91
222,26,41,88
218,27,45,83
215,28,54,83
213,27,57,83
207,25,67,87
202,26,73,86
198,32,81,81
197,32,85,79
195,35,85,76
193,41,91,68
192,43,91,65
192,46,91,58
193,47,88,59
192,49,85,53
193,52,89,47
191,54,90,48
190,55,91,44
190,57,90,48
188,59,93,48
187,59,91,46
188,58,91,49
189,59,88,47
188,59,90,49
188,60,88,47
187,61,92,46
189,59,90,49
195,61,80,46
195,60,79,48
195,62,81,45
192,58,82,51
194,60,80,46
194,59,82,44
190,58,84,51
192,58,80,54
194,59,80,50
190,59,84,50
188,60,86,52
189,59,85,53
188,60,88,49
191,60,84,49
188,57,86,54
188,56,85,55
187,54,84,54
186,51,86,51
180,50,91,48
178,49,92,49
177,42,91,50
176,36,92,51
177,37,89,50
175,32,88,50
175,32,92,46
172,31,87,42
172,31,93,41
169,29,84,39
171,32,74,31
172,36,75,31
171,41,74,26
171,45,77,26
171,48,64,28
174,51,56,29
176,49,59,36
179,47,62,44
184,45,63,49
186,45,66,53
188,47,68,51
187,53,71,49
189,57,71,49
190,63,70,43
187,66,74,39
187,68,73,29
185,67,75,27
186,62,72,31
187,55,75,32
189,51,66,29
194,49,59,33
196,46,58,30
195,45,58,21
195,47,53,22
192,52,52,24
201,58,58,33
199,62,57,33
213,70,54,35
219,74,49,31
204,73,59,32
212,79,65,31
212,84,73,36
220,85,77,40
220,87,80,46
220,91,85,49
209,111,95,39
206,127,105,36
202,133,114,40
198,139,116,39
204,145,107,38
203,148,111,32
206,142,107,38
205,149,109,31
208,150,106,32
209,145,104,37
207,149,107,33
210,146,104,35
208,146,106,34
210,144,105,34
213,141,103,35
215,126,99,51
216,130,98,43
210,139,105,33
214,132,101,36
208,137,101,26
206,132,103,28
206,119,100,37
203,114,101,37
200,113,102,35
200,107,100,44
200,112,99,41
197,112,102,41
195,113,103,38
193,111,104,37
193,115,102,34
191,114,100,32
191,112,101,30
190,114,101,26
189,108,100,30
191,109,101,27
190,106,97,29
191,106,94,27
189,105,95,23
190,98,90,28
192,92,92,30
202,87,83,29
199,81,87,33
196,84,89,38
198,89,85,38
205,94,78,36
196,95,86,34
195,98,87,32
197,91,85,35
200,81,84,40
198,69,83,45
196,63,92,47
200,64,91,42
200,68,84,45
200,74,83,42
201,80,89,36
201,76,95,38
199,83,86,32
200,79,90,29
208,63,95,36
183,66,86,30
190,61,83,33
195,57,68,28
197,57,59,24
194,55,53,23
203,60,46,20
196,63,49,20
202,70,48,22
200,79,54,21
209,86,57,21
208,95,55,17
209,102,59,14
209,107,63,16
219,106,61,22
225,106,61,27
219,109,68,27
221,106,71,30
222,109,75,27
226,112,69,28
227,116,72,28
229,119,73,27
233,119,69,30
236,124,70,28
238,127,69,28
239,126,68,30
241,129,61,35
245,133,52,36
247,138,54,37
251,140,47,37
255,147,40,33
257,148,39,35
263,149,39,39
269,148,38,43
273,146,41,46
277,142,37,51
281,141,35,48
286,138,30,48
288,136,28,47
293,133,22,45
299,130,18,44
302,131,18,42
301,129,18,45
300,129,18,45
301,131,18,40
303,129,19,41
303,127,19,38
303,130,18,34
303,131,17,35
304,138,16,35
304,138,16,35
304,138,16,35
304,138,16,35
304,138,16,35
304,138,16,35
317,92,20,33
317,92,20,33
317,92,20,33
317,92,20,33
317,92,20,33
317,92,20,33
317,92,20,33
317,92,20,33
317,92,20,33
317,92,20,33
317,92,20,33
317,92,20,33
317,92,20,33
317,92,20,33
317,92,20,33
317,92,20,33
317,92,20,33
317,92,20,33
317,92,20,33
317,92,20,33
317,92,20,33
317,92,20,33
317,92,20,33
304,115,23,31
301,117,23,28
291,116,28,31
275,113,29,37
271,112,25,40
271,112,25,40
271,112,25,40
271,112,25,40
271,112,25,40
257,114,32,43
257,114,32,43
257,114,32,43
257,114,32,43
257,114,32,43
318,142,35,52
316,141,37,61
316,141,37,61
316,141,37,61
316,141,37,61
354,97,47,61
342,85,58,67
342,85,58,67
356,61,67,64
356,61,67,64
362,33,65,68
369,20,62,76
378,16,55,69
379,12,57,65
373,4,62,71
373,3,71,72
371,2,79,68
370,2,85,66
366,4,89,57
368,3,91,56
362,29,93,62
387,4,75,58
406,6,59,56
411,21,49,47
412,39,47,38
411,53,45,35
405,66,46,35
399,77,48,38
391,93,46,36
383,103,45,39
377,115,40,39
377,115,40,39
347,107,44,51
338,100,39,52
338,100,39,52
338,100,39,52
338,100,39,52
338,100,39,52
338,100,39,52
338,100,39,52
338,100,39,52
338,100,39,52
257,4,52,55
257,4,52,55
257,4,52,55
257,4,52,55
257,4,52,55
257,4,52,55
322,124,44,48
323,122,37,47
327,118,36,45
328,117,37,51
331,101,35,62
333,100,35,65
331,110,32,63
336,87,37,61
339,84,38,64
350,111,39,53
343,78,36,49
345,76,40,49
353,117,37,52
352,70,37,48
363,107,41,60
372,106,42,62
373,101,53,69
376,98,55,71
376,97,58,71
375,92,63,77
377,90,63,84
378,87,60,89
375,90,62,89
378,94,59,89
375,102,59,84
374,109,58,80
372,108,62,81
374,117,61,74
375,113,65,77
380,113,65,70
385,106,70,67
385,94,79,64
385,82,83,51
386,69,80,55
386,65,72,48
382,63,69,50
374,73,65,40
364,102,61,49
370,113,54,45
371,119,62,41
363,127,68,33
362,125,76,29
362,123,78,22
368,123,76,22
373,122,73,22
372,120,76,23
372,114,77,29
375,111,78,31
379,107,79,34
381,103,81,32
382,103,88,28
390,101,84,27
396,102,82,26
399,102,82,24
404,104,80,22
406,104,78,22
407,102,77,22
372,98,76,33
405,100,79,26
397,100,86,26
381,97,95,29
377,99,102,29
375,100,104,28
370,97,107,28
381,99,94,24
385,99,89,24
392,100,79,22
395,102,77,23
396,102,72,25
397,103,70,26
396,104,72,28
398,105,68,28
398,105,67,31
400,106,65,32
401,107,63,35
400,106,62,38
398,103,63,47
406,105,53,52
409,108,49,53
397,111,49,50
396,123,57,44
395,128,59,44
394,130,57,47
391,131,56,49
392,130,52,52
389,125,51,56
387,127,55,55
383,125,55,55
381,126,55,52
378,124,55,54
374,126,55,52
371,127,55,49
367,125,56,52
362,124,57,52
357,121,54,53
353,120,55,53
347,118,54,53
340,113,58,57
339,112,52,55
334,112,51,55
329,109,52,55
325,108,53,53
323,108,51,53
321,106,52,54
323,103,50,53
324,104,52,49
331,104,52,45
340,96,48,46
346,90,49,47
355,86,47,43
363,82,45,41
369,72,51,31
378,61,49,34
380,58,53,35
390,59,51,40
402,56,44,39
404,69,50,28
388,84,46,27
389,93,46,25
419,94,44,23
421,102,41,28
417,111,38,34
405,123,39,33
401,129,36,35
394,133,30,35
387,133,29,37
387,130,30,41
383,128,27,43
376,127,26,41
376,125,19,41
376,124,18,37
377,123,18,40
380,126,19,35
384,128,21,34
388,128,25,34
391,128,27,33
396,125,31,37
406,120,30,45
418,120,29,48
430,117,27,55
440,118,32,60
457,121,27,57
466,118,29,62
471,116,26,60
477,116,25,60
475,114,31,59
470,107,35,59
464,108,39,50
450,109,47,47
433,109,50,43
417,109,57,46
402,114,55,42
386,116,51,46
369,115,47,38
318,131,50,35
309,138,56,29
293,140,62,29
280,139,62,32
270,132,58,36
261,126,62,41
246,122,69,45
226,122,81,49
227,124,80,46
217,126,86,51
205,132,91,46
198,140,91,42
194,140,89,41
192,139,91,44
192,131,95,52
193,129,79,55
197,129,72,57
203,129,63,62
199,125,68,66
194,138,74,56
191,145,79,52
188,149,79,49
191,148,76,37
189,150,73,34
187,152,72,29
186,150,71,32
186,150,73,34
186,148,72,34
187,150,72,32
186,148,71,35
185,149,73,34
186,150,73,36
187,150,72,42
190,150,74,48
192,149,72,52
192,149,73,46
194,147,74,49
197,149,67,46
198,147,70,50
200,149,70,50
199,147,74,52
200,142,74,59
209,141,67,58
206,139,72,58
207,131,71,65
210,137,67,57
217,133,60,61
217,131,59,60
218,128,58,60
216,127,57,62
