418,122,48,70
427,121,43,81
428,120,43,91
429,122,47,92
430,120,46,88
431,119,45,93
427,119,51,90
429,125,39,92
420,123,39,87
421,125,43,93
420,123,46,82
421,123,49,88
426,125,44,77
427,126,42,75
426,128,43,72
428,131,43,70
429,131,41,69
432,126,39,72
435,125,38,67
438,132,40,64
432,138,49,64
434,148,54,60
440,149,56,54
445,139,48,61
451,140,45,65
452,142,48,60
456,145,44,54
462,143,42,64
461,142,46,66
461,146,45,67
460,148,49,68
463,146,46,59
467,139,43,61
462,138,49,69
464,140,46,74
466,140,44,64
457,137,54,67
463,137,43,59
456,135,50,66
457,137,49,67
464,135,41,61
460,134,42,59
463,132,38,63
464,132,35,62
459,133,40,61
462,132,39,65
461,133,39,63
461,135,40,65
457,137,45,66
460,138,40,65
459,137,43,70
456,149,46,60
457,146,47,69
459,161,43,67
461,163,39,57
459,174,40,62
459,175,39,58
454,184,43,63
455,194,42,60
452,190,46,66
452,198,48,66
447,198,53,61
451,196,46,65
450,196,49,62
453,195,43,57
456,197,37,64
454,197,39,57
454,195,36,60
453,195,39,59
453,194,40,54
456,191,35,59
458,192,33,54
455,193,37,53
454,193,38,59
455,193,37,57
455,192,38,58
457,193,36,58
456,193,39,55
457,192,38,58
457,192,36,62
458,192,38,62
456,193,39,54
457,191,39,56
455,190,42,59
453,188,44,57
452,188,50,60
456,192,52,49
459,189,52,48
459,193,56,50
462,185,52,49
458,179,54,61
461,176,46,55
457,176,49,63
452,175,60,70
456,174,56,65
461,175,48,59
457,172,57,62
456,173,59,56
460,165,50,62
463,165,46,65
460,162,48,63
465,160,44,61
463,156,43,62
465,154,44,64
466,155,40,66
461,155,45,70
461,156,42,69
451,156,43,67
448,158,46,62
446,157,42,61
449,158,36,57
440,173,42,56
435,172,44,57
438,169,37,60
430,171,44,60
431,171,40,65
432,172,38,63
432,174,39,62
434,175,39,59
436,174,38,63
437,174,46,69
441,173,42,62
447,172,44,67
450,171,42,57
453,169,47,60
458,169,51,62
462,168,48,60
461,167,47,58
455,165,51,66
460,164,46,59
464,161,41,59
461,158,45,62
457,155,49,65
462,158,45,53
467,154,40,59
467,151,40,59
466,151,51,65
469,152,46,63
473,150,50,65
473,147,57,72
480,140,63,71
485,138,59,76
490,136,63,71
501,130,63,77
521,121,64,74
538,119,62,78
542,115,63,81
555,103,69,87
558,98,70,93
571,98,70,94
576,99,63,103
582,97,57,99
582,94,55,96
586,92,52,98
583,93,55,95
585,92,51,98
581,94,52,97
575,98,55,92
556,101,64,98
554,113,66,87
549,121,60,77
550,135,53,71
528,165,54,63
510,201,57,51
505,206,61,45
501,214,62,51
492,223,58,56
496,232,48,54
492,241,47,48
491,249,44,46
484,250,51,48
484,259,46,49
477,262,49,45
475,267,45,52
469,267,49,52
469,267,46,53
472,265,41,48
471,266,43,41
466,267,46,41
468,269,43,43
459,269,47,53
458,270,53,60
445,278,56,65
435,285,48,61
428,282,41,68
427,287,31,67
426,290,30,61
412,293,35,54
409,294,35,53
397,290,33,55
378,280,41,56
367,278,42,60
368,277,34,65
353,266,38,62
340,258,44,70
339,258,42,76
331,247,37,67
331,248,39,59
324,234,37,62
323,234,39,64
317,233,41,61
311,219,39,74
309,221,41,69
309,207,39,76
310,206,39,78
308,195,37,75
309,193,37,77
309,183,41,72
310,183,43,70
315,171,39,71
318,163,36,72
321,167,34,71
325,168,32,68
324,169,32,64
320,183,34,63
321,186,35,66
320,204,40,65
332,216,31,70
330,229,37,70
332,231,38,64
342,242,33,63
342,245,42,65
343,245,43,64
354,248,48,56
358,245,49,62
371,234,42,58
375,219,38,70
382,198,30,80
383,195,32,73
383,195,32,73
383,195,32,73
383,195,32,73
397,114,35,63
396,112,39,56
369,147,36,57
368,145,35,61
362,141,34,65
361,133,30,75
423,126,29,71
424,128,29,64
427,131,27,58
426,139,30,55
426,139,30,55
423,150,32,57
415,156,39,63
333,126,39,67
332,126,42,60
329,127,51,64
329,127,51,64
329,127,51,64
329,127,51,64
329,127,51,64
339,136,57,69
331,134,64,74
329,209,64,61
361,143,60,53
360,145,57,46
372,142,51,45
387,143,46,49
405,141,36,52
409,144,41,43
415,148,40,38
420,148,36,39
426,148,31,48
434,147,33,55
434,149,33,59
444,150,33,61
446,150,32,62
456,152,35,64
457,151,35,60
467,152,37,57
469,152,35,59
472,150,41,54
474,150,37,57
485,151,39,60
486,149,39,63
492,155,48,52
492,150,53,53
495,144,54,55
499,151,44,50
504,149,51,55
507,154,47,48
510,149,48,54
513,150,45,55
514,150,43,57
513,150,43,55
509,148,49,63
508,152,49,60
500,153,58,48
504,157,52,43
525,173,55,36
500,157,55,39
523,171,59,37
518,173,66,33
481,159,71,35
477,156,73,37
471,157,75,38
468,159,78,44
458,156,83,55
461,160,84,57
455,160,82,59
448,159,94,63
447,160,91,54
448,160,88,55
442,158,86,55
437,155,82,65
432,154,66,62
438,157,57,52
433,149,49,53
437,149,40,50
441,145,31,51
441,146,32,45
444,145,30,46
445,143,28,49
446,142,28,48
447,142,27,51
450,141,27,48
449,141,29,47
458,140,23,52
457,139,25,54
463,142,28,51
460,140,29,54
459,140,30,58
457,141,32,59
460,143,32,50
462,142,28,56
462,140,28,58
459,140,30,51
459,142,28,46
447,141,37,42
443,147,35,47
443,143,33,54
435,141,41,59
438,144,35,59
438,145,32,54
436,147,28,51
433,147,29,49
432,148,29,47
433,149,26,47
433,149,23,39
432,149,23,40
430,149,23,44
428,149,24,46
426,150,22,45
417,150,25,43
418,151,24,36
417,151,26,37
411,157,32,35
411,155,29,40
412,158,28,35
409,158,33,37
410,161,31,30
409,161,34,33
408,157,29,35
409,158,35,38
445,171,37,38
445,171,37,38
415,168,43,34
425,169,50,31
418,164,52,38
440,161,54,35
421,160,65,35
423,158,70,32
419,154,70,36
428,151,62,38
434,148,54,37
436,147,54,36
438,145,49,37
438,144,50,36
444,135,49,47
440,131,53,47
441,125,49,51
440,121,48,57
442,119,41,65
443,117,39,70
443,117,38,74
440,109,43,85
444,112,37,81
444,107,36,88
444,107,36,88
444,107,36,88
444,107,36,88
444,105,39,91
443,104,40,94
441,109,42,89
442,109,35,87
442,101,38,95
443,102,37,92
443,100,37,97
439,114,43,78
439,117,41,73
438,120,39,67
439,117,38,73
439,117,37,74
440,116,37,72
442,119,36,65
439,120,39,59
443,113,39,56
438,108,44,59
442,94,42,66
444,91,41,67
444,85,43,71
444,84,52,63
436,89,49,60
436,89,49,60
436,89,49,60
436,89,49,60
436,89,49,60
436,89,49,60
436,89,49,60
436,89,49,60
437,86,60,55
437,86,60,55
428,75,50,48
434,78,61,45
446,70,57,53
449,67,55,54
454,61,57,58
452,64,58,55
468,60,44,63
470,60,39,57
471,66,46,61
476,61,45,72
482,65,52,61
485,63,45,67
479,82,46,75
486,71,43,74
487,72,38,68
487,74,37,68
481,80,46,75
483,77,44,82
484,79,42,83
485,78,37,81
482,78,36,74
480,75,38,79
478,67,40,84
474,71,41,78
471,71,31,71
467,72,39,60
468,74,33,65
463,78,39,63
454,76,46,66
452,75,45,72
452,72,47,66
453,75,61,60
453,69,59,65
453,72,64,57
458,75,57,50
457,77,62,47
456,80,59,43
451,81,66,41
444,83,58,40
445,83,54,41
437,86,45,34
443,84,41,39
437,93,36,34
437,93,36,34
448,93,29,36
446,94,31,33
444,85,35,35
448,77,38,37
463,52,32,35
473,85,35,29
488,72,38,35
486,80,39,38
495,90,35,43
496,87,33,47
495,88,34,55
496,84,35,61
497,82,32,65
496,82,33,70
493,87,35,72
490,86,41,79
490,88,40,70
493,91,39,61
495,90,37,67
496,92,38,73
498,98,38,78
493,103,47,74
491,103,49,81
491,106,46,80
485,106,46,80
486,108,45,74
489,109,46,73
490,107,49,77
492,105,54,77
491,103,53,75
491,97,53,85
491,96,53,93
488,89,57,94
483,88,60,110
483,79,59,125
477,78,68,122
471,78,74,124
471,70,78,125
468,70,77,133
470,71,73,131
470,66,73,129
469,66,72,123
467,65,72,126
465,70,74,125
468,71,71,125
468,70,71,122
468,68,73,126
466,72,77,124
472,70,73,119
474,72,68,115
476,72,67,117
475,72,70,116
474,76,71,111
476,71,70,112
478,70,68,123
475,72,73,120
474,73,73,117
474,71,73,120
474,68,73,120
474,70,73,116
474,71,71,121
473,71,74,119
468,79,82,114
470,77,78,117
469,86,79,111
472,90,79,104
475,102,82,85
481,98,71,99
482,109,72,89
490,110,59,85
493,104,55,94
493,97,51,98
491,80,57,107
491,73,58,111
490,72,64,114
493,66,64,114
490,63,60,130
487,67,66,115
488,62,63,119
488,58,60,128
485,63,64,123
484,61,64,133
483,62,64,129
481,64,69,126
477,70,73,122
479,71,68,119
478,71,73,118
478,77,73,114
474,83,79,113
476,88,77,106
474,100,77,97
482,94,66,112
474,91,77,109
475,85,71,117
476,83,69,116
476,80,70,119
476,79,70,122
478,83,68,113
476,80,65,118
473,81,68,131
467,85,67,127
462,85,74,129
462,94,73,122
463,90,70,127
463,92,69,123
462,93,70,120
464,94,66,117
462,97,67,114
463,98,66,112
461,95,67,127
459,101,70,118
456,104,73,118
457,100,68,125
457,104,68,125
457,109,70,120
457,114,67,113
459,115,62,106
455,120,67,114
455,116,61,121
447,122,72,111
448,121,68,116
447,116,65,119
448,117,57,114
436,116,67,112
438,116,65,113
421,120,61,113
427,122,55,111
407,126,58,101
399,131,54,92
377,137,65,89
375,138,64,92
351,141,87,89
344,146,97,79
337,141,106,93
332,149,109,75
329,155,104,73
331,155,96,73
315,145,97,80
313,143,112,83
306,145,108,82
305,145,112,82
307,142,109,85
308,136,102,89
299,146,110,78
300,145,110,78
295,149,119,77
293,153,122,72
298,156,118,72
298,151,119,81
300,153,109,78
300,149,118,84
299,147,113,89
302,133,107,104
308,138,92,96
305,136,109,99
304,138,98,92
307,138,104,91
302,140,110,91
307,142,110,87
309,136,105,94
307,142,94,86
299,150,113,79
302,152,114,76
303,158,112,70
304,154,109,75
305,153,108,76
301,155,113,76
303,157,114,79
301,151,114,83
299,139,120,101
287,138,115,121
285,120,89,124
288,116,78,144
285,106,74,165
280,102,79,160
282,103,80,172
288,86,74,165
284,99,78,163
288,97,77,161
294,100,76,149
295,106,89,130
320,107,88,109
324,117,94,90
337,104,104,97
337,116,104,79
346,100,110,92
355,100,94,89
358,92,93,93
366,104,81,88
370,102,76,83
371,91,75,94
365,83,86,97
360,79,93,102
360,80,85,99
363,81,80,101
357,73,92,99
354,67,93,115
359,60,84,122
353,56,91,127
348,55,101,115
348,48,100,136
339,70,78,124
343,69,72,122
334,91,71,105
330,96,72,102
316,108,78,94
321,115,66,85
314,114,68,91
309,124,65,84
302,135,63,79
306,133,55,79
301,142,57,77
300,140,59,79
293,139,58,75
295,140,53,75
289,141,53,76
290,142,48,77
283,142,51,76
283,142,47,78
273,141,51,81
271,143,51,80
267,152,44,75
259,153,51,68
253,161,46,77
243,161,54,87
233,173,52,88
231,177,52,85
218,196,49,71
221,196,40,77
219,199,41,78
220,199,42,76
221,199,40,74
221,198,40,79
218,197,39,81
217,201,39,75
215,199,40,77
216,200,39,78
216,199,39,81
216,200,40,79
219,200,37,79
219,196,36,81
220,196,35,87
217,199,39,83
218,194,39,83
215,196,44,82
215,195,41,82
216,197,39,82
216,193,37,84
215,196,36,77
215,193,35,74
212,192,39,84
213,194,37,83
213,193,36,83
213,194,37,88
213,194,37,85
215,193,36,88
205,191,42,87
207,192,40,84
211,194,37,76
213,193,37,81
216,194,33,89
214,190,35,93
214,189,36,86
214,192,35,88
215,191,34,87
215,190,35,96
213,190,37,91
214,190,36,95
212,193,39,83
213,192,37,85
218,190,32,81
216,189,33,88
216,192,30,84
217,191,31,85
216,189,29,89
212,191,36,87
213,192,35,90
220,190,28,95
217,190,29,94
215,192,33,83
215,192,34,87
217,191,32,88
215,189,25,90
221,192,23,86
219,193,25,86
217,191,29,88
216,189,30,87
217,191,32,91
216,190,33,88
212,192,38,86
214,192,37,85
214,191,37,87
213,192,39,81
213,194,36,78
215,193,32,85
215,193,34,78
213,193,37,84
212,190,39,86
211,193,40,77
212,195,40,78
213,191,39,83
212,190,39,87
213,193,35,79
212,194,34,82
215,190,33,90
216,192,34,91
212,193,39,83
213,194,38,83
213,191,37,80
213,193,36,85
211,192,39,82
213,194,38,75
213,193,37,79
216,193,34,84
214,193,35,78
215,195,34,83
215,192,34,83
215,191,34,86
214,189,35,84
218,193,29,85
216,190,25,79
220,189,26,80
217,190,32,85
214,190,33,85
213,194,37,82
211,193,38,76
218,192,31,83
215,189,33,90
211,191,42,79
214,192,37,86
214,193,37,76
213,191,35,85
212,192,40,83
213,195,36,74
215,193,33,82
214,189,34,93
210,193,40,87
211,191,41,81
215,194,36,73
215,192,35,85
213,190,39,82
212,193,39,80
211,194,40,72
216,195,34,69
215,191,34,75
215,192,34,77
214,191,36,77
213,191,36,79
214,193,35,83
212,190,38,85
214,193,35,82
215,190,35,93
213,190,41,89
207,191,41,85
209,193,40,84
212,192,38,85
216,195,35,74
215,195,35,71
216,193,28,69
215,193,35,62
215,194,33,68
212,193,37,72
217,194,30,65
218,194,31,62
219,194,29,53
220,194,27,54
221,194,27,52
221,194,29,55
222,195,27,50
222,194,28,51
221,194,24,49
222,198,26,50
221,194,22,51
221,195,25,55
221,194,27,50
221,194,28,53
222,195,22,47
220,196,27,51
222,197,31,49
222,198,33,58
226,197,29,59
227,199,29,61
228,198,35,70
229,199,36,75
228,197,37,72
228,194,37,77
225,196,38,65
225,198,36,59
225,199,34,51
224,198,34,60
225,198,33,67
224,197,35,67
225,198,35,65
224,197,35,67
224,198,36,64
223,198,36,55
224,196,36,61
225,197,34,58
226,197,35,63
223,199,38,58
225,199,37,53
228,198,31,51
230,196,30,55
229,198,30,54
230,198,30,53
229,198,31,56
233,199,30,54
241,192,33,51
241,189,35,58
242,187,38,54
243,185,40,54
240,186,42,57
235,189,47,63
220,202,43,58
220,198,41,63
224,197,44,71
227,183,42,80
228,184,43,83
230,182,46,76
230,181,44,69
219,196,43,82
221,199,41,85
222,192,40,88
220,192,47,94
222,181,48,102
234,176,41,96
231,178,49,87
234,180,51,90
234,183,47,94
225,189,46,108
225,195,50,97
228,191,49,93
229,181,48,100
238,178,44,94
239,178,46,94
243,180,46,76
234,194,40,79
233,195,41,87
232,195,43,72
233,195,40,60
233,193,38,63
235,193,36,60
236,192,34,63
236,192,35,65
236,191,34,64
237,192,34,62
235,192,35,63
234,192,38,73
234,193,40,70
235,192,39,69
235,192,38,70
234,193,39,58
235,192,35,58
235,192,37,63
235,192,36,58
236,193,33,51
236,191,30,49
236,191,30,42
236,193,31,51
238,192,29,50
239,192,29,51
239,193,30,43
238,192,29,49
239,192,28,52
238,191,30,58
238,193,30,52
239,192,28,51
239,192,29,50
239,192,31,50
237,192,30,54
236,193,33,55
235,193,36,61
236,193,35,65
232,193,41,67
234,192,39,64
235,193,36,58
235,194,37,59
236,192,35,59
236,193,36,58
234,193,39,64
236,193,38,68
234,193,40,71
234,193,40,76
234,193,40,74
234,192,41,79
231,192,46,86
231,191,45,83
228,189,47,87
230,192,46,75
232,191,44,73
231,192,44,79
233,191,44,86
233,191,44,95
231,191,46,98
229,190,47,105
229,188,50,104
227,184,50,114
227,188,53,101
226,192,51,96
228,192,49,103
228,185,50,111
228,190,52,103
226,189,52,99
227,190,52,100
226,187,53,105
226,192,54,110
226,190,59,103
227,190,51,103
226,191,52,103
224,189,56,113
226,191,58,100
228,191,52,91
229,191,51,96
227,190,50,97
227,191,52,106
226,191,54,97
227,189,51,103
228,188,50,105
228,190,49,86
231,191,45,80
234,190,39,65
236,191,37,63
237,190,35,63
235,192,37,66
236,191,35,61
236,190,35,63
236,190,34,63
236,191,34,67
235,192,38,74
234,190,39,79
234,191,38,71
235,192,39,64
235,192,38,66
235,193,37,64
234,191,38,67
233,191,39,69
234,190,38,65
235,192,41,62
233,192,40,64
235,193,35,72
233,191,39,75
234,190,38,80
232,189,39,94
227,190,48,105
225,189,52,112
225,192,56,106
226,191,53,103
226,189,53,101
227,188,51,109
225,189,53,95
225,190,53,108
223,189,55,95
222,191,53,91
225,191,48,93
225,189,47,104
226,185,47,100
233,183,45,100
233,184,44,89
233,185,45,97
213,187,42,103
211,185,45,101
210,186,44,93
210,187,38,81
221,179,35,93
220,177,38,92
221,182,29,101
217,179,36,103
214,185,42,100
214,178,44,94
214,179,44,94
214,171,42,100
214,170,39,103
210,171,38,105
208,172,33,108
204,181,29,103
200,177,34,109
195,181,41,100
193,174,46,99
193,171,43,99
191,171,50,93
193,172,47,95
190,172,36,105
187,177,30,95
182,183,27,90
178,181,31,93
177,180,35,96
173,170,43,96
170,169,47,92
170,165,49,92
171,164,48,86
163,166,43,98
166,172,40,98
162,188,44,89
163,181,33,92
161,180,39,88
160,179,39,84
159,180,41,74
158,178,40,78
159,179,41,88
146,187,51,80
150,193,53,72
153,190,50,77
144,186,50,76
148,182,49,77
152,171,47,86
153,172,46,82
152,173,42,82
153,171,35,83
152,184,29,88
149,184,35,82
145,189,46,74
147,185,42,75
146,185,41,72
148,179,34,79
147,175,34,76
146,181,37,77
144,183,38,73
144,192,38,71
143,186,37,78
143,190,41,75
142,188,41,72
143,188,36,74
143,190,36,71
142,189,38,72
143,185,37,76
143,190,37,73
143,190,37,75
144,188,32,73
143,188,34,77
143,183,35,76
143,190,37,74
142,191,37,69
142,190,35,68
141,191,37,72
142,191,36,71
142,187,38,72
142,187,36,74
141,191,39,76
139,190,42,71
139,191,39,70
140,192,39,65
142,190,37,66
143,189,37,67
143,189,35,75
142,186,37,76
141,188,36,69
141,187,36,77
142,188,34,72
141,188,35,77
142,189,34,72
141,189,34,76
142,188,34,69
140,188,34,71
139,186,32,72
136,172,30,66
148,145,23,69
148,145,23,69
167,98,22,65
167,98,22,65
167,98,22,65
167,98,22,65
167,98,22,65
176,64,25,67
172,68,32,68
172,68,32,68
172,68,32,68
172,68,32,68
172,68,32,68
172,68,32,68
172,68,32,68
172,68,32,68
172,68,32,68
172,68,32,68
172,68,32,68
172,68,32,68
172,68,32,68
172,68,32,68
172,68,32,68
172,68,32,68
172,68,32,68
172,68,32,68
172,68,32,68
172,68,32,68
172,68,32,68
172,68,32,68
172,68,32,68
172,68,32,68
172,68,32,68
172,68,32,68
172,68,32,68
172,68,32,68
172,68,32,68
172,68,32,68
172,68,32,68
172,68,32,68
172,68,32,68
172,68,32,68
172,68,32,68
172,68,32,68
172,68,32,68
172,68,32,68
172,68,32,68
172,68,32,68
172,68,32,68
172,68,32,68
172,68,32,68
172,68,32,68
172,68,32,68
172,68,32,68
172,68,32,68
172,68,32,68
172,68,32,68
172,68,32,68
172,68,32,68
172,68,32,68
172,68,32,68
172,68,32,68
172,68,32,68
172,68,32,68
172,68,32,68
172,68,32,68
172,68,32,68
172,68,32,68
172,68,32,68
172,68,32,68
172,68,32,68
172,68,32,68
172,68,32,68
172,68,32,68
172,68,32,68
172,68,32,68
172,68,32,68
172,68,32,68
172,68,32,68
172,68,32,68
172,68,32,68
172,68,32,68
172,68,32,68
172,68,32,68
172,68,32,68
172,68,32,68
172,68,32,68
172,68,32,68
172,68,32,68
172,68,32,68
172,68,32,68
172,68,32,68
172,68,32,68
197,177,28,60
198,179,25,57
215,182,28,60
214,183,29,56
231,183,28,52
232,185,27,41
243,185,24,37
258,187,21,38
261,190,25,43
266,187,29,42
264,186,32,41
280,185,35,46
279,183,33,38
290,181,33,42
293,181,35,45
299,179,37,46
303,177,30,53
310,177,34,54
318,175,36,59
319,174,33,65
330,175,29,59
330,174,33,65
339,174,38,69
339,175,42,64
348,174,46,74
350,175,45,72
365,169,48,77
376,160,47,83
381,158,44,79
393,156,40,87
401,161,34,77
413,167,29,78
410,168,34,78
416,165,37,88
420,160,35,99
422,165,37,96
421,165,41,90
423,167,41,83
423,166,42,85
427,169,43,79
428,169,44,75
430,165,43,69
431,156,41,68
429,151,43,70
424,147,52,80
424,146,49,81
422,143,48,83
419,133,40,82
419,133,43,87
414,133,37,87
407,125,45,87
407,126,43,82
405,113,45,92
393,92,49,98
390,96,51,91
391,83,49,90
390,83,48,90
382,70,39,96
380,68,44,101
372,72,40,92
367,74,47,97
361,80,48,99
359,84,53,99
351,83,41,111
349,95,44,102
347,104,35,91
345,112,40,87
341,130,47,90
340,130,43,99
338,137,37,94
336,133,43,95
335,143,48,98
332,141,49,93
326,143,59,86
323,147,64,77
310,147,62,59
319,151,49,51
322,146,41,53
324,150,36,55
324,145,34,54
325,145,33,49
328,144,29,55
329,143,29,56
339,147,23,63
336,145,30,64
339,154,37,63
339,158,35,56
340,167,40,52
343,171,39,55
341,180,42,58
339,172,41,66
330,172,35,62
331,172,33,63
326,180,40,56
324,178,39,60
323,179,34,52
323,178,34,57
321,186,39,53
323,185,37,52
323,181,41,48
322,175,44,48
322,160,46,57
322,156,51,62
331,147,44,56
333,144,44,56
337,142,45,60
338,141,44,59
341,122,47,70
343,117,44,70
349,109,51,74
353,106,45,65
356,105,55,66
357,108,57,60
359,115,60,62
359,108,63,60
369,93,71,72
372,84,63,79
380,84,63,73
383,82,53,61
383,82,53,61
383,82,53,61
383,82,53,61
397,111,63,72
397,111,63,72
397,128,72,67
342,143,70,69
347,132,77,70
288,174,86,77
293,164,73,96
266,169,70,93
265,170,62,103
242,186,58,112
240,186,55,120
237,181,58,121
