296,171,34,60
295,167,33,64
293,168,33,69
291,165,34,70
292,166,34,61
290,169,35,62
295,168,30,66
294,167,31,71
291,168,36,62
292,167,33,67
299,165,26,70
295,164,33,67
292,166,36,63
291,167,37,60
290,168,37,60
293,169,32,60
293,169,32,66
297,166,28,68
294,167,31,66
293,165,32,68
293,163,33,70
295,167,31,67
296,165,33,66
296,166,32,70
296,166,31,76
296,163,31,71
293,165,33,75
294,166,32,60
298,166,29,55
295,168,33,62
299,169,28,57
300,168,29,56
296,168,36,47
296,172,32,51
294,174,33,56
295,172,31,59
299,167,25,63
299,169,26,64
295,165,29,70
295,167,29,68
294,170,29,68
294,165,29,66
293,168,31,64
294,170,31,62
299,167,28,63
299,166,29,67
297,169,34,62
294,169,39,61
296,169,34,62
297,166,37,61
299,165,35,58
302,166,31,51
304,171,33,48
297,168,36,48
297,170,35,55
296,167,37,49
294,172,42,53
296,168,35,59
297,168,28,65
297,172,22,65
303,168,20,71
301,170,24,69
297,167,33,65
297,167,33,65
297,167,33,65
271,172,43,64
304,167,31,63
301,164,26,61
297,161,30,62
298,166,28,61
299,164,26,69
300,169,27,65
301,171,28,58
296,170,36,56
297,169,41,53
290,172,40,56
294,166,35,61
297,162,34,69
296,164,39,67
299,166,36,60
296,168,39,52
297,166,31,54
296,167,30,50
294,172,35,56
295,171,35,57
296,170,30,64
297,169,30,63
298,169,28,57
296,171,29,51
297,168,29,51
293,170,35,58
301,152,42,63
296,158,50,56
291,162,59,60
295,161,52,61
297,166,47,49
298,165,46,40
296,168,48,42
294,167,47,50
294,164,46,50
293,164,55,53
300,157,43,57
301,155,44,65
305,153,40,56
320,149,43,54
324,156,49,56
340,147,51,57
340,147,51,57
351,129,53,62
367,118,48,56
380,116,39,62
380,116,39,62
391,106,45,58
395,105,48,54
398,103,51,53
399,99,51,59
402,95,49,66
400,93,53,69
399,91,55,65
397,89,52,67
395,87,53,69
392,86,50,73
382,88,55,78
380,90,46,83
372,94,41,77
362,101,37,76
347,103,46,82
328,110,61,84
314,121,75,81
302,117,83,76
290,128,71,81
282,134,80,79
284,137,91,69
269,142,76,75
277,143,60,79
281,147,51,77
281,148,51,75
284,151,43,72
279,155,49,64
280,160,46,52
276,163,52,46
274,163,53,45
277,164,46,44
264,169,53,48
270,166,51,50
269,165,52,48
268,166,52,49
265,166,51,47
264,166,52,46
261,166,55,44
266,166,55,43
275,165,48,36
277,155,44,37
255,175,38,34
256,175,35,33
259,185,31,29
285,144,31,26
269,130,33,30
258,180,33,36
253,177,36,38
257,169,37,43
260,167,33,42
261,172,28,46
260,169,31,49
258,169,33,44
262,174,29,48
260,168,28,54
258,169,31,58
261,125,29,48
260,125,33,47
260,125,33,47
260,125,33,47
260,125,33,47
260,125,33,47
260,125,33,47
260,125,33,47
261,172,27,51
263,173,34,52
264,171,32,53
259,169,35,49
260,172,31,55
259,166,31,57
261,167,27,56
258,165,30,57
256,166,33,48
258,169,30,53
249,185,31,48
251,184,35,48
250,189,35,39
255,192,31,35
253,192,33,34
251,191,38,39
252,194,36,34
248,195,41,30
248,199,40,30
246,198,42,33
246,198,44,37
249,201,38,36
250,201,40,40
253,204,45,36
263,178,43,28
254,207,41,29
272,210,40,34
288,185,35,37
280,208,34,35
275,214,39,35
274,206,46,30
282,180,45,34
275,186,50,40
274,182,55,43
274,188,56,53
280,182,45,54
282,180,42,49
286,184,37,61
286,176,35,67
286,176,34,61
283,176,38,54
285,182,40,63
286,179,40,66
286,178,40,68
285,177,41,68
280,174,52,70
283,173,53,67
284,173,49,61
283,178,45,70
284,178,44,68
284,175,48,65
276,178,46,64
284,177,37,67
284,175,38,69
283,173,41,66
282,178,42,70
283,175,40,70
285,173,40,75
285,174,42,68
285,169,40,72
287,176,38,71
287,174,41,69
281,170,45,78
283,173,43,71
286,176,41,66
285,173,39,71
285,177,42,67
285,178,40,67
284,173,40,73
287,174,38,71
286,181,40,64
289,186,37,58
287,186,38,61
285,185,39,59
286,180,40,59
283,183,39,62
286,178,38,64
287,179,39,61
284,177,43,70
287,177,39,73
285,180,43,69
286,179,39,72
284,176,40,73
289,179,37,68
289,179,38,65
292,179,35,73
295,177,30,82
293,175,30,81
291,180,34,83
291,176,35,83
292,182,37,76
287,172,40,80
294,172,33,85
292,175,30,78
290,183,33,73
292,191,31,68
293,181,29,77
299,174,23,81
300,172,26,79
300,172,26,79
300,172,26,79
300,172,26,79
300,172,26,79
300,172,26,79
300,172,26,79
284,172,33,78
296,177,30,79
292,172,37,75
292,172,37,75
292,172,37,75
292,172,37,75
292,172,37,75
292,172,37,75
292,172,37,75
292,172,37,75
343,247,48,79
351,253,56,75
351,253,56,75
363,264,57,76
358,262,73,76
359,264,78,80
359,269,82,77
367,264,73,87
372,274,76,73
356,272,102,64
359,270,103,71
357,264,109,82
354,253,113,93
364,237,105,109
357,225,113,129
364,225,100,122
360,219,114,133
360,227,130,123
364,217,109,125
347,213,114,129
356,213,101,135
362,215,87,138
369,220,78,138
373,219,75,135
384,219,64,123
385,220,64,132
381,223,65,140
382,214,66,144
385,214,67,137
386,216,62,136
391,219,57,136
395,225,55,128
390,223,59,137
387,234,56,126
382,238,60,120
383,238,59,121
385,244,57,109
380,235,63,118
381,229,68,119
385,220,66,128
382,223,69,131
379,225,73,132
380,225,71,131
374,229,79,126
368,230,83,120
363,226,91,122
361,221,93,131
361,224,89,131
365,219,85,141
367,224,83,130
366,222,89,132
367,220,87,132
371,215,86,139
362,217,86,136
363,216,75,136
351,218,82,132
324,224,86,127
315,217,89,132
314,205,63,154
281,218,78,137
247,213,94,137
246,225,70,127
203,241,83,107
168,250,94,93
141,259,92,84
141,259,92,84
115,262,81,81
101,261,78,83
103,264,74,71
92,264,66,81
94,264,64,69
96,261,62,78
104,264,55,66
100,266,68,61
105,263,58,78
112,266,52,64
117,262,49,72
125,260,58,68
135,258,48,64
145,256,60,65
142,254,72,62
144,260,74,64
153,260,67,56
158,260,65,64
160,257,61,71
161,257,66,69
161,257,68,62
161,256,72,61
167,256,72,58
172,254,69,59
177,252,64,58
181,251,63,52
189,247,73,59
183,226,86,66
200,227,79,65
208,239,72,70
220,234,66,79
224,216,54,76
231,221,56,63
231,221,56,63
231,221,56,63
247,217,48,51
247,217,48,51
247,217,48,51
247,217,48,51
247,217,48,51
247,217,48,51
350,218,45,58
356,217,47,64
367,221,50,61
374,221,58,62
373,223,68,56
382,225,73,56
380,222,85,67
380,225,91,62
378,221,101,76
394,213,97,83
397,207,92,98
410,209,75,91
401,216,88,95
392,212,105,96
397,213,95,85
390,218,106,82
394,213,104,84
397,214,97,88
389,216,105,84
392,212,105,87
391,217,103,81
387,217,106,77
390,221,109,80
380,220,117,78
383,219,111,77
382,223,114,72
383,216,110,81
385,217,106,83
387,211,107,87
375,218,117,75
378,210,115,88
389,206,102,91
385,209,102,88
376,211,107,93
373,207,112,94
360,205,116,84
359,209,103,82
350,199,115,87
358,208,104,72
347,197,105,76
346,187,106,90
340,195,98,80
347,191,91,82
344,180,79,90
343,174,65,100
340,172,60,105
337,176,64,99
329,171,67,103
326,173,68,96
324,178,60,87
327,177,57,80
324,177,57,79
319,167,63,85
319,168,62,83
314,163,67,82
315,166,63,73
320,162,56,76
320,158,59,73
325,161,56,62
329,160,57,58
332,155,55,60
329,156,52,65
329,154,59,59
338,160,50,51
344,159,42,51
349,162,38,53
348,166,41,47
350,168,42,45
358,166,37,48
362,164,36,52
361,159,43,56
366,158,39,56
364,158,40,56
369,155,36,60
369,155,35,57
367,151,36,61
364,151,38,62
363,153,37,59
361,156,38,52
357,158,40,53
358,160,37,55
357,156,36,52
357,160,38,49
360,162,35,44
359,162,39,37
365,160,38,35
364,155,42,37
357,145,48,37
360,145,45,36
360,144,49,38
349,138,51,29
326,111,54,31
335,122,57,37
327,116,65,44
325,106,67,55
323,101,68,66
325,100,62,67
326,97,57,72
329,103,59,83
320,103,61,73
346,134,50,73
311,102,59,67
311,96,56,70
316,94,51,74
316,97,49,72
316,93,48,79
313,93,51,76
312,94,53,74
307,93,60,76
306,96,63,67
298,94,71,65
300,99,69,57
304,94,72,67
299,98,80,62
302,96,70,66
309,96,62,60
300,96,71,55
304,93,65,49
326,149,55,59
311,89,51,54
315,96,55,47
318,98,52,46
322,97,49,44
320,99,53,40
313,96,54,45
310,93,57,48
321,106,52,52
322,101,50,62
322,101,50,62
322,101,50,62
322,59,45,54
324,62,39,48
324,62,39,48
307,67,39,38
325,100,39,42
325,100,39,42
325,100,39,42
284,50,40,47
272,49,50,51
261,143,55,51
261,143,55,51
261,143,55,51
261,143,55,51
261,143,55,51
261,143,55,51
261,143,55,51
261,143,55,51
261,143,55,51
261,143,55,51
261,143,55,51
261,143,55,51
261,143,55,51
261,143,55,51
308,99,49,49
308,95,53,53
308,95,53,53
319,102,52,51
314,97,57,56
312,93,62,60
312,96,62,53
307,96,70,54
301,96,81,56
300,88,79,67
301,89,76,66
301,89,79,67
306,96,76,55
302,90,84,63
305,90,81,66
306,93,77,62
311,91,67,59
307,87,72,65
314,90,62,59
304,92,73,58
312,91,66,61
307,86,73,69
309,91,74,66
314,94,62,55
310,91,68,55
309,91,68,55
312,90,65,55
313,90,62,57
311,92,58,52
310,89,54,52
309,88,60,55
304,84,63,61
306,87,55,52
305,85,56,52
305,84,52,53
306,85,56,52
303,84,57,53
311,84,52,52
311,87,49,48
305,84,57,55
303,85,61,55
305,89,62,48
304,89,64,48
309,90,60,45
307,89,62,43
307,89,61,45
308,89,63,44
308,87,68,49
308,88,62,47
306,87,73,51
303,88,76,51
301,90,88,49
306,91,85,53
292,88,90,61
301,89,94,60
301,99,104,51
291,100,114,53
302,98,119,59
298,98,122,55
293,106,124,46
303,79,101,62
309,73,83,70
307,86,75,71
304,80,73,87
302,92,71,85
295,88,76,100
294,92,75,105
295,95,77,104
292,93,75,110
289,95,79,113
290,95,77,117
293,94,73,118
290,98,80,117
292,98,77,119
294,92,82,124
295,93,72,123
292,100,75,119
295,88,74,134
296,92,71,128
296,86,70,134
297,98,70,122
302,91,67,125
298,87,72,129
302,94,66,127
303,89,66,131
299,88,74,135
296,96,76,131
294,87,78,139
290,93,83,140
295,100,73,128
309,102,65,116
305,100,66,124
301,112,71,108
306,91,63,126
301,101,69,119
304,104,70,111
307,106,67,113
303,88,67,131
317,89,54,122
318,93,51,126
311,88,62,125
303,95,73,114
295,95,79,114
290,95,88,133
284,99,95,118
265,98,108,118
260,95,116,140
260,88,113,157
268,86,108,150
259,92,115,145
243,91,139,152
246,91,131,150
258,93,113,141
250,89,122,143
252,86,121,153
253,104,125,128
247,93,128,146
263,97,112,140
266,99,110,134
256,94,124,151
272,95,101,141
272,89,105,148
285,98,90,132
285,95,88,132
292,97,79,126
294,99,78,130
303,101,67,112
291,109,82,101
290,103,81,109
297,104,73,113
297,103,75,107
296,107,74,109
296,107,76,119
299,110,71,101
295,110,83,106
294,107,79,114
300,102,73,119
290,98,85,126
289,105,91,119
278,105,105,125
274,101,112,128
275,95,112,130
274,89,113,153
264,88,126,155
260,78,127,164
252,88,144,160
260,89,138,152
241,87,154,158
249,93,148,160
230,91,169,150
228,87,174,160
241,79,160,160
246,79,148,172
237,81,160,169
242,89,152,156
239,85,157,166
230,86,173,151
250,77,152,167
250,85,147,143
248,80,145,156
261,85,133,155
255,95,136,139
256,92,132,153
264,82,122,173
262,79,128,166
263,70,125,182
251,76,146,163
260,81,134,162
254,77,150,170
257,80,147,166
271,83,121,155
261,91,136,153
264,92,139,149
256,91,147,158
270,97,126,143
277,88,116,166
277,90,119,155
275,83,123,157
267,94,134,148
253,96,156,142
245,95,165,130
242,92,172,133
244,89,163,129
250,84,152,126
259,81,150,132
251,84,147,129
245,86,162,131
264,89,140,126
248,95,160,120
255,92,152,125
253,91,164,146
257,94,161,126
256,96,156,125
252,95,167,129
256,97,155,125
261,98,139,127
255,91,143,133
251,97,139,144
251,97,140,132
257,93,132,149
255,94,130,138
247,92,132,151
251,97,121,125
260,88,102,144
251,85,120,156
242,87,133,153
259,69,108,179
245,74,123,176
241,90,130,152
235,84,138,169
215,84,167,162
232,87,145,166
225,92,153,147
215,98,169,132
202,99,196,124
203,96,202,121
192,87,222,129
182,82,226,133
185,70,251,148
182,51,250,166
182,80,251,153
172,62,274,157
142,52,295,159
153,58,286,160
151,53,283,171
161,86,300,175
136,57,309,183
137,56,297,192
198,47,238,195
169,41,229,206
174,49,240,197
173,48,234,195
181,28,221,220
165,31,243,205
147,26,258,204
168,49,240,169
190,47,210,169
172,43,220,187
193,35,199,200
201,33,181,205
186,39,202,200
205,38,187,201
194,37,193,204
190,47,205,191
182,57,209,179
193,58,200,178
187,73,197,159
199,77,196,161
216,91,164,136
198,89,188,132
190,92,189,126
201,87,180,146
202,89,187,138
189,87,203,138
179,81,209,143
189,77,192,146
238,85,157,138
249,102,137,117
261,98,127,124
277,105,97,116
283,102,100,120
294,98,81,130
297,110,79,113
305,99,72,120
317,98,58,121
326,98,50,117
310,99,58,119
314,100,66,115
319,101,61,112
330,100,50,110
320,102,58,109
320,102,60,109
320,99,61,108
325,99,57,110
324,101,56,111
321,103,60,107
328,101,53,109
327,104,53,106
325,102,55,114
325,100,56,117
324,101,58,114
320,100,62,113
325,104,57,108
321,102,59,110
327,99,52,114
326,100,54,117
307,101,72,118
320,100,55,126
322,99,57,119
317,95,62,122
307,102,75,115
312,98,64,122
310,97,65,132
317,97,57,128
318,102,58,122
323,101,55,114
318,100,63,112
321,102,59,113
320,98,61,130
325,101,57,122
319,106,62,126
323,104,57,116
321,104,60,115
320,103,61,119
319,106,64,110
319,105,63,111
317,103,65,112
321,105,59,107
328,105,51,115
334,111,45,108
328,112,53,111
331,119,49,104
337,105,43,109
329,102,52,109
329,104,53,109
332,104,51,109
323,107,61,110
312,101,73,118
301,104,83,115
303,109,75,109
307,113,82,100
310,108,70,113
315,105,65,108
319,103,61,112
318,106,61,110
322,103,58,106
322,103,63,108
332,101,52,114
328,101,59,117
327,101,61,109
327,100,60,115
328,92,61,112
327,96,64,110
338,93,53,112
340,96,53,114
335,102,58,107
332,99,63,109
341,93,55,121
343,97,55,109
351,102,49,107
357,113,46,94
354,100,52,105
347,87,58,116
349,91,57,114
357,103,50,108
353,96,57,113
353,87,58,126
362,102,50,114
358,95,59,115
357,88,61,125
363,101,56,120
372,117,53,103
375,120,50,96
374,120,54,94
373,118,57,96
373,119,60,94
353,97,70,97
366,107,56,94
371,125,56,86
375,112,47,97
371,107,53,106
375,123,49,98
378,122,48,95
357,98,48,83
356,92,49,77
355,100,49,80
352,96,49,68
351,94,49,79
348,95,53,72
349,92,50,68
346,100,58,74
346,99,54,59
354,103,43,66
347,98,50,78
342,98,52,81
341,94,49,98
330,93,61,115
324,89,68,130
318,92,73,126
313,100,80,114
304,99,89,110
301,98,88,113
287,100,101,107
282,99,108,111
276,102,103,105
267,102,117,103
253,103,127,102
288,96,98,110
296,95,82,126
307,97,67,111
310,93,62,120
311,90,60,121
305,93,66,114
295,92,75,113
293,91,73,115
295,91,66,112
285,90,73,119
286,89,71,123
277,81,79,134
274,87,82,137
270,80,84,150
265,85,91,127
248,85,106,146
249,83,105,152
245,89,108,147
245,86,108,135
247,80,100,144
233,95,112,134
254,93,99,129
254,93,93,120
239,91,109,139
239,94,112,128
243,93,105,142
245,100,105,118
243,97,113,118
241,94,116,122
231,84,134,140
243,71,112,161
252,72,98,156
265,67,93,153
251,70,109,150
252,73,111,150
245,88,118,122
248,84,131,141
259,76,109,151
270,71,97,143
267,73,103,151
275,78,100,131
284,75,81,106
293,85,96,96
300,82,84,92
303,83,80,84
307,85,78,78
326,94,79,84
332,94,76,79
340,94,71,77
350,95,63,75
310,89,58,66
309,88,53,62
322,95,50,60
316,91,61,60
322,97,52,55
321,93,58,56
326,98,60,56
348,107,52,59
346,105,48,61
339,97,50,63
318,94,61,59
319,89,53,66
318,88,60,70
317,89,52,69
317,88,49,66
316,86,55,68
315,85,51,66
315,84,49,65
318,87,46,62
318,91,52,59
315,88,58,59
315,89,61,54
316,91,64,50
316,95,63,50
319,92,62,48
322,96,59,55
324,92,56,56
327,90,53,60
331,92,51,54
335,93,45,45
339,98,47,51
335,94,49,59
334,93,51,53
329,91,56,50
330,95,58,53
329,92,63,48
328,96,64,47
329,94,63,46
338,106,62,45
337,103,60,44
331,95,64,50
335,104,63,44
330,96,66,48
331,104,65,51
330,95,62,59
350,111,53,62
353,113,47,59
357,117,39,48
366,123,31,38
366,123,31,38
366,123,31,38
366,123,31,38
366,123,31,38
366,123,31,38
366,123,31,38
366,123,31,38
366,123,31,38
366,123,31,38
366,123,31,38
366,123,31,38
366,123,31,38
366,123,31,38
366,123,31,38
366,123,31,38
366,123,31,38
366,123,31,38
366,123,31,38
366,123,31,38
366,123,31,38
366,123,31,38
366,123,31,38
366,123,31,38
366,123,31,38
366,123,31,38
366,123,31,38
366,123,31,38
366,123,31,38
366,123,31,38
366,123,31,38
366,123,31,38
327,94,41,36
327,94,41,36
306,166,41,39
317,166,37,32
356,129,34,28
356,129,34,28
356,129,34,28
356,129,34,28
356,129,34,28
356,129,34,28
356,129,34,28
352,110,30,30
352,109,32,36
351,108,31,40
353,108,29,45
355,110,29,48
357,113,28,51
348,103,33,46
350,106,35,38
351,103,33,36
351,101,32,34
363,111,27,36
365,111,26,37
369,112,20,30
369,108,21,32
369,108,21,32
369,108,21,32
369,108,21,32
369,108,21,32
369,108,21,32
369,108,21,32
370,109,20,26
370,109,20,26
370,109,20,26
370,109,20,26
370,109,20,26
370,109,20,26
370,109,20,26
370,109,20,26
370,109,20,26
370,109,20,26
370,109,20,26
370,109,20,26
370,109,20,26
370,109,20,26
370,109,20,26
376,117,20,25
376,117,20,25
376,117,20,25
376,117,20,25
377,113,20,23
377,113,20,23
377,113,20,23
377,113,20,23
377,113,20,23
377,113,20,23
377,113,20,23
377,113,20,23
377,113,20,23
377,113,20,23
377,113,20,23
377,113,20,23
377,113,20,23
377,113,20,23
377,113,20,23
377,113,20,23
377,113,20,23
388,126,24,18
388,126,24,18
388,126,24,18
388,126,24,18
388,126,24,18
384,119,23,17
385,119,20,14
385,119,20,14
381,114,19,11
381,114,19,11
377,114,18,10
377,114,18,10
377,114,18,10
377,114,18,10
377,114,18,10
377,114,18,10
377,114,18,10
377,114,18,10
377,114,18,10
377,114,18,10
377,114,18,10
377,114,18,10
377,114,18,10
377,114,18,10
377,114,18,10
377,114,18,10
377,114,18,10
347,114,16,8
347,114,16,8
347,114,16,8
344,114,15,9
344,114,15,9
344,114,15,9
344,114,15,9
344,114,15,9
344,114,15,9
344,114,15,9
346,112,14,11
346,112,14,11
348,110,13,13
348,110,13,13
348,110,13,13
348,110,13,13
348,110,13,13
348,110,13,13
348,110,13,13
349,109,15,13
349,109,15,13
349,109,15,13
349,109,15,13
349,109,15,13
349,109,15,13
349,109,15,13
350,108,15,13
351,107,14,14
351,109,14,15
349,109,16,14
349,107,15,16
350,108,14,15
361,133,11,14
352,109,11,13
352,108,12,14
353,107,11,14
354,107,10,14
354,107,10,14
353,108,10,14
353,108,11,13
353,108,11,13
354,110,12,12
353,109,12,12
353,109,12,12
353,108,11,13
353,108,12,13
353,107,12,14
352,108,14,13
351,106,14,15
351,106,14,14
349,109,16,13
349,108,16,14
349,107,16,15
349,105,17,17
347,104,19,18
346,105,20,16
349,105,16,19
350,106,15,16
348,106,18,16
349,106,16,16
350,105,15,15
350,104,13,15
351,105,13,14
351,106,13,14
353,106,11,12
353,106,10,12
352,105,12,14
351,105,13,14
349,105,14,14
348,106,17,14
347,105,17,14
349,105,15,15
350,105,14,15
350,105,13,13
350,104,13,15
352,103,11,17
354,104,9,16
354,105,10,14
353,106,11,12
353,105,11,12
354,106,11,11
352,105,13,10
352,105,13,10
351,104,14,11
350,103,15,12
349,105,17,13
350,104,16,15
351,104,14,15
351,103,15,14
349,102,17,17
348,101,17,17
347,99,18,18
348,98,17,19
348,96,16,22
347,96,18,23
347,95,17,25
345,94,19,26
343,93,21,28
344,92,20,31
345,94,18,27
345,94,18,26
345,93,18,28
345,94,18,27
345,93,18,31
345,93,19,34
344,91,19,36
342,91,23,35
342,92,24,36
339,91,28,40
340,91,26,44
341,86,24,48
340,88,25,54
339,85,26,52
336,88,30,51
336,86,29,60
333,83,32,60
329,85,37,67
332,88,33,63
332,84,32,62
330,86,36,61
330,88,38,58
335,89,35,57
333,89,35,57
330,88,39,62
330,88,40,63
335,90,37,56
339,92,30,55
331,85,36,49
333,85,32,57
327,86,40,53
326,86,41,57
323,85,44,61
319,84,47,63
323,86,46,59
331,87,43,63
322,87,50,61
315,87,55,57
322,87,50,62
325,88,49,58
318,89,54,55
326,89,49,54
316,88,55,59
318,90,60,53
322,90,56,53
326,89,55,56
318,91,61,54
324,98,62,51
323,96,57,48
331,96,54,43
333,101,57,48
328,97,59,49
332,94,56,51
335,107,59,46
334,97,58,50
336,94,56,49
340,93,50,46
343,97,52,50
347,97,44,41
357,108,39,37
354,102,42,39
351,100,45,37
348,97,49,38
352,96,41,38
365,104,32,47
360,102,36,53
355,100,42,52
349,99,49,46
352,99,43,45
352,101,45,41
353,100,44,43
351,99,46,43
351,97,46,48
356,99,39,46
356,98,41,46
354,99,43,45
355,101,42,41
353,101,45,40
358,102,39,37
358,109,44,42
361,106,38,44
358,105,41,45
357,104,44,44
356,104,44,44
359,103,42,43
359,104,42,34
355,102,45,31
357,109,44,33
358,105,44,37
361,103,39,35
364,103,34,42
360,102,41,40
360,100,39,47
360,99,38,47
359,99,38,45
359,104,41,37
358,101,41,44
359,102,36,43
363,100,33,48
359,100,36,46
358,98,36,47
357,101,37,42
356,100,38,40
357,101,35,39
359,101,31,35
355,102,34,32
352,101,38,33
356,101,31,32
353,101,33,36
353,101,35,34
356,103,30,26
354,101,32,30
353,102,35,32
354,102,30,31
354,99,31,34
356,102,29,28
356,98,27,34
355,98,27,35
354,98,29,34
355,103,28,33
355,102,29,30
355,99,28,34
353,100,29,35
351,100,29,34
354,99,27,31
354,98,25,33
352,98,28,34
350,98,30,37
346,100,37,38
349,99,32,39
348,101,31,36
345,97,32,40
343,97,38,42
343,100,37,37
344,100,35,33
343,99,36,40
341,98,38,41
337,99,42,40
341,101,36,30
341,99,35,31
339,96,38,34
337,96,40,41
334,96,43,46
331,95,48,54
331,96,47,54
333,96,45,55
330,96,48,56
328,95,51,56
330,93,43,65
332,92,41,60
329,92,44,63
325,91,46,66
323,92,51,65
325,89,56,70
325,89,56,67
325,89,61,67
329,91,58,69
329,89,60,71
327,94,68,72
331,93,59,71
329,91,68,71
328,92,72,77
325,95,75,80
325,94,66,79
332,94,68,76
329,97,62,73
336,86,48,58
339,88,41,52
335,85,37,56
339,83,40,60
339,83,40,60
339,89,43,51
336,90,51,53
336,93,50,49
339,92,46,55
338,91,46,68
336,91,48,73
335,87,48,84
345,93,36,79
329,82,48,82
337,88,41,82
332,90,48,83
331,91,48,83
332,92,46,86
336,91,41,85
336,94,40,80
324,83,46,90
333,82,38,100
331,85,40,97
331,91,42,89
323,80,48,91
321,83,52,85
328,85,44,90
324,83,47,97
321,83,50,93
323,85,50,92
316,82,58,87
305,80,67,90
293,79,81,89
294,81,86,83
287,80,90,81
305,82,77,103
300,77,84,126
304,78,78,130
310,73,73,123
325,72,61,115
318,76,72,96
309,71,81,95
304,67,94,100
304,70,104,97
308,74,90,89
312,74,86,89
319,76,78,82
308,78,93,73
308,78,93,73
314,83,100,77
299,82,119,86
313,89,110,76
291,84,132,87
261,82,161,93
285,88,147,89
303,89,128,91
285,90,141,90
295,93,142,83
280,91,153,81
297,98,144,74
283,99,152,66
276,94,162,74
290,88,159,80
266,88,162,85
271,83,185,90
239,77,210,105
260,73,203,102
274,77,188,91
250,75,202,95
258,76,216,86
236,78,222,95
250,73,214,110
259,67,204,102
272,69,194,106
270,73,192,102
255,63,221,113
242,45,245,140
233,34,245,162
218,31,253,169
219,30,246,178
203,25,248,190
234,27,224,173
228,17,227,194
232,55,209,153
218,38,226,187
253,35,193,190
239,31,199,187
218,27,232,195
255,27,180,204
245,35,180,182
257,48,183,155
260,56,165,142
236,54,185,155
264,51,153,165
240,55,167,158
250,60,154,151
264,57,129,156
281,57,106,158
283,65,100,148
274,59,110,161
266,66,114,139
272,61,100,158
290,66,78,144
288,72,85,133
288,68,83,126
289,76,82,108
281,76,90,99
279,79,87,84
279,80,82,66
275,82,88,62
274,79,91,63
277,80,88,64
278,83,88,58
281,83,81,57
288,86,74,51
291,85,70,57
296,89,69,51
297,89,65,50
300,92,61,50
304,89,55,55
308,89,56,51
316,94,46,42
312,86,50,46
303,83,60,44
308,82,57,46
314,82,52,44
311,79,49,45
312,84,57,52
322,79,51,51
310,78,60,56
318,80,59,51
307,82,71,45
317,82,66,44
318,83,66,40
326,78,57,48
333,78,47,45
330,74,50,45
333,73,48,42
317,101,49,37
316,99,52,40
314,95,60,49
309,98,67,45
318,100,67,43
317,99,69,43
319,98,68,43
317,97,65,45
320,98,61,44
320,101,66,39
319,101,65,40
324,101,63,39
321,100,63,39
325,99,63,41
326,99,65,42
324,101,67,41
326,102,65,39
328,99,63,43
331,98,63,44
325,95,71,48
324,98,73,46
324,99,75,44
326,99,75,45
327,92,72,55
322,91,76,55
320,92,74,55
321,94,83,52
321,95,73,47
319,92,79,54
320,92,73,53
319,89,72,53
320,93,84,49
320,93,84,53
319,94,84,54
317,93,85,55
315,93,79,53
317,90,70,60
315,94,78,56
312,98,96,49
312,97,97,53
307,97,92,55
307,96,83,55
308,93,89,57
310,93,81,54
312,92,75,53
311,97,69,44
304,100,73,39
303,101,77,38
305,97,82,41
303,94,93,50
303,86,103,65
301,81,110,81
307,85,99,88
309,89,100,83
310,92,93,84
317,93,83,84
318,96,81,82
326,96,67,91
313,83,70,99
317,93,68,104
316,109,73,97
312,96,72,120
307,88,76,140
295,85,81,159
288,98,81,153
280,100,87,161
287,73,84,185
270,83,94,193
257,79,95,202
245,99,115,186
260,76,125,194
247,84,126,202
254,104,153,191
273,89,131,180
253,107,139,169
242,99,132,185
254,89,112,199
261,99,99,193
251,107,114,174
257,111,107,167
238,119,125,148
249,105,111,162
255,110,101,155
259,112,91,135
170,182,111,130
249,110,112,140
258,110,95,121
270,109,89,131
272,107,83,146
273,108,83,156
269,113,91,146
268,105,102,150
265,105,105,137
268,101,102,153
272,100,97,148
271,92,100,150
265,94,107,142
249,101,119,124
234,98,139,131
206,97,158,129
200,96,161,121
214,92,161,118
202,88,158,120
213,109,145,103
171,94,170,111
160,86,183,112
155,74,178,129
156,76,164,119
139,70,184,116
136,86,191,106
123,66,199,120
100,52,223,128
133,72,218,129
103,39,201,146
97,39,213,158
100,-1,191,186
111,2,178,161
107,13,182,167
92,-18,190,176
107,4,163,178
106,-15,167,179
108,-11,156,166
109,-10,155,158
104,-20,156,187
109,-9,144,173
94,-17,160,201
105,-19,141,220
97,-21,146,201
96,-19,142,210
91,-15,143,184
94,3,135,193
85,62,123,171
85,77,117,183
124,-33,114,167
111,-16,119,140
112,-8,116,144
124,-9,95,159
135,0,89,165
140,6,84,167
142,16,85,163
107,2,106,155
107,7,104,148
174,169,72,138
181,174,68,139
181,171,72,136
177,179,74,133
177,168,79,141
177,168,79,141
172,171,84,138
170,179,85,138
176,177,79,137
176,169,80,141
176,169,80,141
176,169,80,141
176,169,80,141
192,159,78,145
217,157,56,138
222,143,61,143
238,136,59,143
246,133,61,137
263,124,52,140
277,115,44,142
278,113,58,130
284,107,63,128
282,103,77,116
296,104,65,113
297,94,72,116
305,92,66,119
312,78,62,120
323,93,61,121
329,88,62,113
347,95,47,115
354,102,44,121
353,105,51,123
354,112,57,123
350,113,54,136
353,126,53,131
341,129,60,141
334,139,67,146
329,136,60,156
326,137,66,160
314,140,60,161
304,141,74,168
298,133,77,181
292,141,72,172
286,128,74,180
276,140,82,172
264,141,89,173
253,139,88,174
248,137,78,175
240,137,77,166
232,131,66,164
223,126,79,164
211,129,89,161
207,128,87,156
201,121,73,155
187,111,82,159
185,112,69,146
172,101,82,151
165,100,79,146
151,95,88,128
152,91,82,124
144,87,85,113
147,81,75,121
135,77,80,127
140,75,72,129
129,71,81,123
131,66,76,119
122,65,81,120
121,59,80,117
115,52,87,121
119,47,83,122
121,50,77,122
117,49,81,122
117,47,79,121
122,43,75,129
124,45,73,125
116,45,79,123
119,43,76,126
125,46,71,123
125,45,71,124
127,46,72,117
126,46,69,117
124,36,71,121
124,37,71,122
120,36,75,120
115,36,82,110
119,32,75,122
114,34,78,118
115,34,73,113
115,37,69,101
111,27,70,112
110,26,73,119
99,27,81,116
110,21,69,121
104,24,75,110
108,22,70,115
109,21,69,121
99,20,79,113
102,20,72,111
101,16,71,106
100,12,64,99
90,1,70,106
85,-3,75,101
71,-11,77,93
70,-6,71,81
75,-4,61,75
71,0,51,58
70,-1,50,51
73,-1,45,50
75,0,47,53
83,5,44,50
95,3,41,51
104,3,36,55
108,4,40,52
111,8,46,51
120,14,45,48
129,15,42,50
139,14,34,55
146,16,38,54
150,17,39,57
157,15,41,59
164,7,37,68
169,10,41,69
177,12,37,67
178,21,38,60
188,31,30,48
187,-6,33,44
188,-1,37,41
190,3,39,34
196,4,34,34
197,7,35,37
196,5,38,42
194,5,42,44
191,3,48,53
195,0,44,63
194,1,46,70
193,1,47,75
194,3,45,77
196,4,44,85
191,8,51,81
194,9,48,80
194,11,50,85
199,11,46,84
201,12,46,81
204,12,46,80
206,13,43,79
208,14,42,75
211,9,41,82
208,13,50,78
218,12,40,74
218,3,43,61
221,3,40,63
225,5,38,54
225,6,44,54
230,4,42,55
232,1,40,57
230,3,48,52
235,2,43,53
235,0,45,55
239,1,48,57
243,0,46,56
247,0,49,57
247,-2,52,60
247,-1,59,64
256,2,48,55
255,0,53,61
254,0,56,67
259,4,49,65
260,4,50,72
261,7,52,73
265,24,50,61
264,21,49,69
264,20,51,75
263,24,52,73
269,31,45,65
268,30,45,71
272,34,42,72
271,36,49,72
271,43,50,68
273,45,47,65
276,47,46,64
276,47,47,60
280,48,47,61
282,50,44,57
286,51,44,56
285,51,45,56
285,48,46,56
288,47,42,56
290,45,40,58
290,48,43,54
290,47,42,55
291,47,44,54
292,47,43,55
291,47,44,52
292,48,45,47
293,48,42,46
293,47,43,47
295,47,41,45
295,49,41,41
292,49,47,38
294,49,41,39
292,46,43,43
291,48,48,39
295,52,41,33
290,52,50,34
292,50,45,36
291,46,46,40
290,47,43,40
287,47,49,38
289,48,49,37
289,50,46,34
289,48,43,34
293,48,38,35
292,47,38,37
295,47,34,36
294,46,34,35
298,47,29,34
295,45,33,36
295,47,33,34
293,48,36,32
296,48,32,32
295,47,32,31
293,48,34,30
294,49,34,29
297,47,31,31
295,47,33,31
294,46,35,30
297,45,30,31
297,46,27,29
298,46,29,30
298,44,28,31
297,44,29,31
297,43,31,33
298,44,30,30
296,43,33,33
294,44,34,30
293,47,39,26
294,48,37,25
296,47,34,26
297,44,33,28
295,42,36,30
295,41,35,33
297,41,32,33
297,42,32,32
298,41,33,31
295,41,36,33
296,43,35,29
297,41,33,30
300,39,29,33
302,39,26,32
303,40,24,30
302,42,27,29
301,41,27,28
300,39,28,32
301,40,26,32
299,39,28,32
299,37,27,34
297,40,29,28
300,41,27,25
298,38,29,29
301,38,25,28
298,36,28,29
296,35,31,31
297,35,29,31
297,35,29,31
295,34,32,32
292,35,35,31
291,34,34,32
289,35,36,32
288,35,41,31
286,34,41,37
285,33,43,37
288,32,38,37
287,33,39,36
290,32,34,37
289,31,34,36
292,31,30,33
290,28,32,38
288,28,37,42
286,31,38,36
286,30,39,37
284,31,39,37
284,29,42,42
281,30,46,39
284,29,39,36
285,28,37,36
284,27,38,36
284,26,40,41
282,23,42,45
282,22,44,42
280,20,46,46
281,20,42,42
282,17,39,47
283,15,40,46
283,12,40,47
277,11,44,46
274,10,48,47
274,7,48,50
274,8,48,47
274,5,46,50
274,5,49,49
268,5,51,43
270,4,52,44
265,2,57,43
267,11,62,38
256,9,67,33
262,3,60,41
262,3,60,41
266,7,60,49
266,7,60,49
266,7,60,49
235,13,64,59
235,13,64,59
235,13,64,59
228,10,65,64
234,4,68,69
237,2,74,71
252,-11,70,78
421,136,68,71
421,136,68,71
421,136,68,71
421,136,68,71
421,136,68,71
421,136,68,71
421,136,68,71
421,136,68,71
421,136,68,71
421,136,68,71
421,136,68,71
421,136,68,71
421,136,68,71
421,136,68,71
421,136,68,71
421,136,68,71
421,136,68,71
421,136,68,71
421,136,68,71
421,136,68,71
421,136,68,71
421,136,68,71
421,136,68,71
421,136,68,71
421,136,68,71
421,136,68,71
421,136,68,71
421,136,68,71
421,136,68,71
421,136,68,71
421,136,68,71
421,136,68,71
421,136,68,71
421,136,68,71
421,136,68,71
421,136,68,71
421,136,68,71
425,140,60,72
425,140,60,72
425,140,60,72
425,140,60,72
425,140,60,72
425,140,60,72
425,140,60,72
425,140,60,72
425,140,60,72
425,140,60,72
298,51,62,81
251,16,70,82
274,30,64,72
285,49,50,77
286,70,55,66
290,79,50,66
320,95,57,66
302,94,69,67
292,117,78,62
293,134,80,53
278,81,71,48
278,81,71,48
293,154,70,45
294,162,64,51
298,164,51,57
300,166,56,53
301,168,53,46
296,168,53,46
301,165,63,46
287,174,61,53
294,169,60,45
290,175,60,45
298,172,62,45
296,180,59,42
302,189,60,53
293,183,66,57
295,192,59,60
297,183,66,63
300,192,67,73
290,188,73,79
290,206,71,82
293,195,78,66
288,199,89,49
287,202,90,49
291,211,90,47
295,206,85,54
296,216,85,50
288,212,92,53
287,215,93,55
280,213,100,54
290,213,89,57
298,213,79,55
301,212,72,65
285,215,81,51
286,214,89,54
291,208,86,69
293,202,88,69
298,188,86,67
302,175,77,67
307,167,70,70
310,164,65,61
294,168,73,62
300,161,70,66
301,168,68,69
298,160,70,82
302,166,58,89
293,178,66,83
288,165,66,94
288,156,60,102
269,157,65,105
253,155,73,102
243,145,73,112
229,153,71,101
250,126,74,90
240,121,85,88
160,158,95,98
242,118,90,96
214,125,100,83
220,117,106,94
75,162,112,96
94,139,110,108
209,121,128,122
62,162,112,102
66,149,102,121
67,149,102,130
68,153,94,122
222,117,106,116
64,152,107,107
69,150,99,115
68,144,108,130
78,150,105,115
71,150,126,114
75,158,132,100
86,161,118,90
105,150,124,87
111,171,127,67
228,120,128,70
238,126,113,68
253,119,98,80
263,107,81,97
276,98,69,98
284,118,68,84
270,149,74,78
276,149,72,83
294,154,71,93
313,155,73,90
322,148,64,93
333,152,75,88
340,171,86,93
349,165,80,110
356,165,76,112
356,162,88,98
357,166,86,99
363,163,81,115
368,158,72,125
345,155,97,134
349,156,111,156
348,151,133,164
356,150,115,180
360,167,97,165
279,70,106,137
279,70,106,137
279,70,106,137
279,70,106,137
257,81,99,119
225,88,130,103
357,214,99,102
357,214,99,102
355,214,92,112
372,210,69,121
375,205,65,131
375,204,66,131
374,203,67,136
373,207,69,130
371,205,68,133
371,201,67,133
378,203,65,134
378,203,65,134
371,209,66,134
397,143,76,142
369,202,78,132
369,204,75,133
370,207,73,128
371,211,70,124
375,203,64,137
371,202,72,132
370,204,70,131
368,208,75,128
366,210,75,125
371,209,71,126
370,205,72,127
371,209,69,122
368,207,76,124
364,205,82,127
371,206,71,127
371,210,70,126
367,199,73,145
370,204,76,135
367,205,74,129
365,209,78,125
365,207,81,128
367,202,77,130
365,204,75,136
370,204,73,136
367,207,78,128
370,215,74,122
370,212,76,129
371,206,68,132
369,205,72,134
371,201,72,134
366,204,80,133
370,202,77,135
