220,112,159,124
216,101,160,133
220,94,156,136
226,90,143,146
223,90,144,145
223,86,145,153
217,84,154,161
220,84,156,160
223,83,152,167
220,85,158,158
215,89,168,153
215,91,172,149
223,102,159,140
236,110,148,128
230,114,164,119
248,126,148,95
261,132,139,87
222,156,159,92
227,154,168,92
219,162,172,86
223,168,164,81
224,173,159,79
226,177,151,78
225,180,144,76
223,179,138,78
226,181,132,66
220,179,133,71
220,171,134,74
205,165,151,86
212,166,148,84
219,161,136,88
223,161,136,82
228,161,132,83
231,163,145,83
238,170,145,72
243,180,151,62
247,193,151,50
249,198,150,58
251,199,151,66
254,193,151,82
247,191,158,86
250,193,157,84
248,187,163,96
248,189,163,96
244,185,168,98
245,184,161,96
250,184,153,89
246,187,161,73
250,186,151,61
250,178,145,63
254,178,134,59
252,173,133,60
248,168,137,63
249,168,133,56
238,167,145,55
243,166,142,51
246,158,132,63
239,157,136,68
242,164,131,64
243,163,127,64
245,165,122,62
242,166,121,62
241,165,109,59
239,161,108,64
241,163,101,60
241,159,98,67
238,159,102,84
238,154,100,93
230,157,110,88
224,154,122,89
217,146,138,99
211,142,159,99
208,126,163,117
205,125,170,114
205,123,171,113
206,125,168,112
204,124,171,110
204,127,169,108
203,129,176,104
203,123,178,111
198,130,192,103
198,122,198,119
199,127,203,118
199,128,212,117
196,125,214,121
196,133,221,115
190,119,234,133
192,124,235,126
191,124,238,126
185,126,251,124
193,124,239,133
188,114,240,143
186,120,252,138
187,125,246,135
191,123,245,133
185,127,256,132
189,127,253,134
188,128,250,131
187,123,253,143
188,120,255,143
190,124,250,138
189,118,249,143
190,118,241,141
188,120,215,137
194,118,178,139
196,113,170,143
194,117,173,147
198,114,170,133
198,143,187,137
191,117,184,161
199,119,177,145
209,175,197,113
208,178,203,102
209,176,197,100
219,179,176,89
213,168,176,114
217,172,174,108
213,174,174,101
222,177,164,93
214,178,170,89
221,179,160,85
223,176,157,85
224,177,157,82
226,178,158,80
227,180,160,75
224,179,159,74
222,176,162,73
229,177,155,72
230,180,156,66
244,180,142,67
219,183,166,60
226,183,157,65
224,184,162,65
225,186,157,63
233,185,152,66
235,184,150,68
250,186,137,66
259,187,127,68
259,199,121,56
266,205,117,53
266,208,113,53
266,213,112,48
280,213,112,51
278,215,108,47
289,215,114,49
304,216,108,50
325,218,93,50
305,219,98,48
313,218,93,51
255,205,98,62
253,210,104,59
260,214,117,54
292,217,109,55
320,223,109,52
233,210,105,60
229,197,108,75
317,199,97,78
322,210,98,63
321,219,97,51
321,219,95,50
324,221,95,48
324,222,96,49
324,224,99,48
317,226,108,48
318,225,113,54
327,227,106,55
329,230,105,56
329,230,109,60
336,233,97,60
325,237,116,59
224,215,130,70
326,239,117,68
329,244,119,63
325,243,120,65
309,242,140,65
320,239,129,70
312,244,135,59
224,220,132,68
242,216,127,74
282,217,150,86
280,220,168,82
269,224,185,76
260,219,193,80
247,216,204,82
233,219,221,77
211,209,246,92
203,224,260,69
202,231,266,56
205,230,261,59
214,235,247,54
214,238,253,49
220,239,244,46
259,238,221,48
281,233,200,49
254,236,201,43
256,238,204,39
252,230,207,50
247,223,207,60
236,223,215,62
225,223,231,64
213,230,245,55
204,235,256,48
213,231,250,53
211,234,250,51
217,233,243,54
209,234,250,52
213,234,246,53
212,233,248,59
216,235,242,57
208,232,256,65
202,229,257,67
203,234,257,66
200,227,256,69
201,231,259,64
210,225,245,67
216,228,237,61
215,225,231,61
218,222,227,61
211,221,234,60
194,218,245,66
218,214,219,68
213,217,227,64
208,215,229,63
214,219,225,59
213,216,223,61
220,216,213,60
219,212,217,67
217,212,218,63
212,205,221,69
216,207,217,66
218,204,216,66
219,202,214,70
213,202,217,67
214,200,214,69
214,199,212,66
216,195,206,79
221,192,201,84
223,194,194,84
227,194,188,87
225,193,182,92
224,198,178,90
226,202,170,86
223,209,171,81
220,213,171,78
226,211,163,83
233,208,148,86
231,211,148,83
231,212,144,80
231,213,142,81
227,219,142,74
227,223,130,72
227,226,132,69
229,230,125,61
229,240,127,52
229,245,123,49
225,247,123,52
216,252,126,53
223,259,121,57
226,254,120,70
228,250,118,79
228,239,115,97
223,236,124,110
220,229,125,119
219,222,123,115
230,217,123,113
218,222,130,125
252,209,104,133
252,218,94,121
263,213,89,124
272,217,80,115
269,202,92,129
268,199,101,132
270,198,104,129
262,194,120,128
260,188,124,128
242,192,150,116
229,188,166,114
224,188,175,117
223,189,182,109
220,189,192,103
221,192,192,99
225,189,189,100
221,182,191,105
220,185,195,105
221,187,191,106
227,186,187,105
224,188,191,104
219,186,201,109
223,186,196,110
218,185,199,119
218,188,197,121
224,190,184,124
217,187,195,135
215,186,199,143
216,190,192,143
217,191,190,144
212,200,200,141
214,199,193,150
216,198,185,153
210,203,198,146
209,198,196,154
206,206,198,145
209,211,195,143
209,209,191,146
211,214,187,143
209,211,194,147
209,218,194,141
207,220,198,138
210,219,190,138
211,216,182,137
215,217,164,135
213,212,164,142
217,214,152,143
217,213,150,145
213,219,157,138
216,217,149,140
212,219,153,138
212,220,149,134
213,219,144,136
212,218,155,139
215,223,138,136
214,226,145,128
215,229,150,127
224,230,125,117
223,222,131,118
222,217,155,132
222,214,151,140
216,219,180,136
223,225,176,133
218,224,185,133
215,226,193,131
214,222,197,132
216,224,191,132
216,214,190,141
207,210,194,149
209,214,178,147
213,213,155,144
218,222,151,136
217,217,157,141
215,216,148,131
215,202,154,157
202,181,162,171
204,157,156,202
197,150,173,213
213,163,152,197
189,147,170,211
212,180,140,180
201,160,150,199
211,165,136,193
216,192,127,166
201,182,147,175
199,185,149,175
210,198,140,154
206,181,142,175
207,183,142,174
210,184,139,174
208,182,139,176
212,183,138,170
217,182,130,177
215,180,135,180
213,177,135,183
219,173,132,187
204,174,147,186
220,161,128,201
217,153,129,210
207,119,153,239
214,115,145,247
215,131,142,231
224,119,126,243
218,116,136,250
219,108,139,253
220,101,139,261
219,112,141,245
219,107,140,257
219,114,143,245
209,112,153,248
212,117,152,239
218,114,142,244
206,127,154,222
207,111,163,242
210,123,152,228
213,111,152,244
214,109,148,244
217,115,147,235
211,115,154,231
215,114,150,235
207,116,157,231
208,116,165,231
208,116,162,231
210,112,157,236
202,111,169,242
207,115,158,238
220,110,139,245
209,113,154,228
209,113,158,234
209,115,158,228
217,114,149,227
209,115,163,233
212,109,155,241
211,108,154,242
212,110,156,238
200,113,175,228
199,104,172,246
194,110,176,227
187,107,187,246
201,111,172,217
212,115,157,195
204,114,171,187
200,117,168,215
205,111,162,225
200,107,166,238
204,104,160,244
203,107,161,244
190,105,176,244
202,105,161,216
194,110,179,193
203,109,164,174
187,120,184,200
185,111,187,191
204,112,158,166
202,146,154,187
207,110,160,193
201,112,174,162
201,131,174,171
206,109,167,173
206,107,166,172
206,102,170,184
202,117,162,234
205,105,161,252
210,92,153,271
211,80,152,286
214,62,144,308
210,44,150,331
205,36,161,343
208,45,157,331
212,46,154,329
208,57,157,311
206,72,160,297
210,67,154,299
210,53,151,313
210,62,151,312
202,36,162,338
205,35,154,346
198,34,168,347
196,35,164,329
195,32,163,344
195,43,166,321
185,32,177,345
176,33,186,340
181,35,180,335
185,32,174,335
188,37,174,340
181,29,182,333
184,35,179,343
182,35,178,332
211,34,147,349
199,29,163,358
190,29,172,351
188,30,181,350
191,36,176,337
190,32,173,339
177,13,190,359
155,18,221,349
168,15,205,354
183,17,185,354
181,17,186,344
172,13,198,357
152,-37,231,403
158,10,226,355
164,13,217,352
182,23,200,337
171,18,208,355
161,20,228,348
163,25,227,345
172,31,218,331
155,18,244,348
156,23,249,347
167,22,240,348
138,22,286,347
163,48,233,327
160,43,250,320
157,24,266,341
167,32,241,339
167,33,247,329
181,35,196,334
189,22,173,347
212,23,142,344
203,27,149,345
219,31,132,332
215,35,138,328
205,29,149,341
220,24,134,343
212,32,150,333
220,30,143,326
219,32,158,324
212,31,201,321
197,31,231,319
205,43,225,276
197,75,224,218
178,97,253,203
203,121,211,166
210,117,193,170
216,116,184,175
212,121,182,176
208,120,184,179
198,107,191,207
175,102,211,223
171,99,211,231
170,98,204,233
167,101,210,231
171,94,208,251
181,106,190,245
174,102,201,249
160,107,216,251
169,117,202,231
174,110,201,248
174,109,201,254
188,101,179,261
182,99,186,258
182,104,185,248
184,102,184,236
185,111,178,235
196,110,161,226
194,107,169,244
169,101,202,235
187,100,174,251
197,105,166,233
199,113,166,237
190,110,176,227
192,112,180,179
206,122,162,155
203,125,166,143
206,121,166,147
196,116,184,148
196,138,191,130
197,123,179,141
201,122,185,133
194,124,199,127
198,129,195,119
199,121,192,129
197,117,196,137
195,121,198,127
197,118,195,127
195,126,200,113
198,126,191,116
202,119,180,124
201,123,187,118
199,120,194,124
196,122,203,124
197,127,205,120
200,124,203,125
201,126,202,132
202,123,198,136
197,126,213,135
198,124,211,145
199,125,213,145
203,120,206,152
209,124,195,151
200,123,209,151
199,124,209,155
206,120,200,156
203,128,209,152
208,125,202,157
209,124,204,153
219,129,187,148
225,124,182,151
224,126,183,152
225,121,182,155
222,121,188,159
221,118,186,160
213,119,199,161
203,117,211,165
213,120,201,160
211,119,197,155
218,125,198,152
220,120,189,156
224,119,178,163
216,124,205,171
216,116,198,178
216,121,193,175
216,119,189,179
208,117,196,207
200,113,200,219
224,104,170,234
209,110,176,234
213,112,189,234
195,112,196,235
205,109,184,245
205,112,187,243
213,111,175,247
217,115,169,241
219,110,165,248
208,115,180,245
216,113,167,248
217,111,165,249
210,107,175,254
216,109,165,250
213,104,165,258
217,108,156,251
211,116,164,243
213,116,162,243
212,110,163,251
205,111,166,255
207,112,162,254
210,113,159,254
203,116,166,252
210,116,155,252
214,109,146,259
212,112,153,254
202,109,169,255
211,110,153,251
214,113,147,243
206,111,162,247
213,115,145,239
254,180,161,204
226,192,190,173
221,207,209,144
243,219,214,128
225,218,227,128
212,207,234,142
207,201,239,139
200,197,241,153
203,205,240,142
193,211,246,140
188,235,254,105
196,250,252,80
197,261,248,78
181,259,256,91
182,259,244,95
184,259,235,102
191,254,203,107
199,260,201,100
193,261,176,95
202,265,152,92
210,271,137,88
216,279,127,75
193,275,136,83
207,276,135,81
167,267,139,89
167,267,139,89
167,267,139,89
167,267,139,89
167,267,139,89
167,267,139,89
167,267,139,89
167,267,139,89
167,267,139,89
167,267,139,89
167,267,139,89
167,267,139,89
204,275,146,81
212,264,137,93
233,249,135,105
320,224,141,73
312,137,150,78
297,65,153,89
252,31,162,100
248,19,137,120
252,9,114,130
280,2,96,123
287,0,97,106
287,-6,98,94
282,-6,110,70
174,20,132,70
165,46,149,87
148,72,160,110
158,98,189,131
164,136,187,154
167,129,189,187
194,118,164,226
205,115,146,249
208,112,147,254
216,114,137,249
218,110,141,254
222,112,136,244
216,106,148,251
214,112,154,254
222,111,148,257
225,113,137,247
218,103,151,260
220,94,143,274
224,86,135,281
215,53,148,312
210,40,147,337
188,106,172,272
185,90,173,279
173,96,182,266
166,119,182,242
160,120,210,246
130,127,244,237
96,115,273,251
104,101,261,262
62,84,298,284
55,63,304,296
63,83,290,286
48,92,309,269
54,93,304,260
