377,202,64,80
385,199,52,80
383,198,49,91
382,194,52,94
381,196,56,91
387,196,47,84
381,194,53,93
382,193,51,89
380,195,54,85
378,194,57,87
383,196,51,85
383,197,52,84
382,196,52,90
382,193,53,96
384,195,52,89
381,200,56,89
380,193,59,94
381,195,56,84
383,189,53,93
383,192,51,92
378,194,59,93
381,193,54,91
384,193,49,92
383,192,48,95
382,194,53,91
385,197,49,84
385,193,48,94
382,192,51,94
378,193,59,93
380,192,55,94
379,196,57,95
382,194,53,93
383,187,53,97
380,194,55,92
383,195,52,87
384,197,50,89
383,195,51,90
384,197,48,88
382,195,52,89
381,194,54,88
382,194,52,92
381,194,54,93
384,197,51,84
385,196,48,87
385,193,45,95
383,194,50,89
383,200,48,87
385,191,47,91
381,192,54,93
384,191,51,94
382,193,51,96
381,194,57,89
381,196,53,88
378,194,57,89
382,194,52,87
381,195,55,84
380,194,57,89
381,190,53,93
380,192,56,91
380,195,54,86
379,194,57,91
379,195,57,91
381,196,55,86
378,198,59,87
380,195,57,89
381,188,56,95
380,192,57,86
382,195,53,83
386,187,51,89
384,178,58,101
381,182,61,94
380,186,59,90
386,188,52,91
382,193,55,84
381,194,57,84
384,196,56,87
381,195,58,87
384,188,54,94
386,196,49,82
379,192,56,91
379,191,54,93
378,192,56,89
378,196,50,90
377,190,49,97
366,196,58,90
361,197,58,95
356,200,58,89
349,195,64,100
339,200,66,91
332,199,70,93
329,195,65,105
317,196,71,102
323,197,65,100
313,205,64,94
315,202,54,99
310,203,55,97
307,201,52,98
305,193,52,109
303,189,56,110
289,188,68,118
286,191,70,112
293,185,62,118
295,183,59,123
292,183,60,119
290,188,60,113
292,189,63,110
291,190,59,107
294,187,56,112
295,188,57,112
294,189,61,110
292,190,63,114
293,195,60,105
295,192,60,106
298,192,57,106
296,198,59,103
293,201,60,99
293,201,66,101
287,202,70,96
293,201,62,95
294,203,63,95
296,197,59,108
297,196,56,108
296,199,58,104
292,197,59,100
291,192,60,104
299,196,55,105
296,192,58,107
295,193,59,112
293,189,63,110
295,191,59,104
292,190,58,109
292,188,59,111
289,190,62,112
290,189,58,107
283,187,66,104
282,188,65,101
269,188,80,106
255,190,96,90
252,197,103,75
249,194,106,82
253,196,105,89
250,192,116,83
245,189,116,95
239,193,121,90
260,192,114,88
243,196,117,81
251,202,118,78
235,199,135,86
233,197,133,86
237,197,136,92
233,199,138,83
234,195,139,94
224,199,157,88
237,202,137,84
233,208,134,78
218,201,148,82
223,197,146,87
225,194,139,96
224,192,139,98
218,187,151,103
226,186,146,102
212,184,167,93
209,181,165,105
222,182,156,109
225,185,144,112
231,188,146,102
217,184,148,98
215,184,152,99
210,182,160,102
231,180,151,110
211,188,162,95
212,186,160,95
206,189,163,92
209,191,162,91
210,188,160,100
221,190,138,94
222,190,150,97
215,186,158,104
227,186,147,104
226,186,137,102
229,189,126,101
223,190,140,102
229,192,127,99
233,196,124,94
238,195,119,99
235,197,128,101
245,195,118,108
238,197,124,107
248,199,114,112
250,200,109,109
261,204,90,100
260,206,86,102
247,207,102,93
250,209,93,93
245,209,101,89
236,205,110,98
240,206,115,92
239,205,120,98
227,207,137,90
226,205,144,88
220,207,153,84
220,201,144,89
217,201,145,90
222,197,142,91
222,198,138,88
223,197,144,87
224,195,144,92
220,192,148,91
229,189,135,97
220,190,144,94
215,190,145,94
214,190,152,87
224,190,142,84
230,186,130,93
239,183,110,107
239,173,105,129
242,162,107,142
234,152,120,146
234,138,133,165
226,119,143,194
243,115,124,202
203,131,125,176
236,117,101,202
255,150,84,164
140,130,102,156
119,145,99,127
243,190,99,120
245,198,90,114
251,205,81,105
66,149,84,110
51,151,78,104
51,157,62,98
33,158,59,97
20,161,49,95
20,161,49,95
20,161,49,95
3,146,46,112
3,146,46,112
3,146,46,112
0,156,36,108
0,153,35,111
-3,160,40,105
-3,160,40,105
-3,160,40,105
-3,160,40,105
-3,160,40,105
-3,160,40,105
-3,160,40,105
-3,160,40,105
-3,160,40,105
-3,160,40,105
-6,134,42,114
-7,144,49,111
-5,147,52,104
6,148,43,100
4,151,53,88
2,148,68,90
12,146,66,91
24,145,65,90
39,138,65,93
50,139,56,91
54,136,58,92
68,130,56,98
71,131,59,98
83,129,60,98
89,129,65,96
102,131,59,95
115,126,51,101
123,126,53,111
134,121,48,96
141,126,48,99
150,125,52,109
156,128,52,108
165,129,53,96
172,130,54,97
177,131,64,95
193,130,56,87
203,131,49,87
217,134,51,79
225,137,55,77
230,134,63,80
239,133,75,85
251,127,73,87
268,128,51,77
276,128,56,79
277,127,64,82
290,130,65,78
299,122,64,86
311,114,64,90
318,107,66,100
330,97,61,114
341,97,58,108
355,93,57,104
361,93,70,99
372,87,80,83
370,89,86,85
384,89,74,92
394,89,68,79
409,88,65,79
413,90,61,78
423,85,50,91
428,86,51,89
432,85,51,93
438,85,54,78
447,80,45,89
454,81,45,86
460,73,46,93
467,74,45,94
477,70,50,86
487,69,49,81
493,67,48,88
500,65,53,85
510,63,53,82
513,60,48,84
519,59,51,83
520,58,52,85
520,58,60,87
524,56,76,90
524,52,76,90
533,48,86,102
535,52,92,89
526,61,98,76
533,54,103,94
543,68,99,73
536,59,97,83
541,64,94,77
545,67,94,77
546,65,93,80
543,66,85,84
555,69,82,78
558,61,70,94
547,61,84,89
543,61,90,85
540,70,89,79
555,62,82,73
544,65,87,70
532,58,100,80
528,61,98,73
524,62,101,73
527,61,96,77
515,64,99,63
524,56,84,73
520,52,89,84
505,55,87,85
515,50,73,97
499,54,67,78
501,48,63,77
489,48,53,73
487,51,60,63
478,51,59,59
477,44,62,63
466,42,51,59
458,42,44,52
456,39,42,56
443,37,46,50
434,34,52,49
432,31,48,51
426,25,38,55
428,22,33,59
416,26,32,53
412,21,35,57
397,25,42,50
392,22,46,49
392,20,40,55
386,19,35,65
386,22,28,59
377,22,30,59
377,18,38,63
375,17,44,63
360,22,51,65
356,20,64,73
340,26,81,68
344,33,73,62
327,43,85,65
311,51,93,70
317,56,79,77
316,65,74,76
305,77,71,73
302,84,69,81
292,95,72,82
288,90,70,99
284,98,68,105
278,110,73,104
274,106,77,99
269,118,79,104
270,118,77,101
272,127,75,85
250,143,92,82
246,148,96,74
246,149,93,78
241,148,103,83
237,149,107,80
240,151,102,78
230,159,113,67
226,160,115,65
237,161,111,78
225,162,119,77
223,165,119,73
223,165,120,67
224,162,120,81
218,161,128,67
221,162,116,69
221,160,118,79
225,162,117,77
217,161,124,82
229,162,114,80
231,164,106,78
226,169,113,70
229,170,112,83
227,176,116,77
227,177,120,80
232,180,119,74
228,182,123,74
229,183,130,73
225,181,135,76
230,184,136,78
235,185,132,77
230,185,140,78
239,189,138,83
237,188,131,92
245,190,130,88
240,190,130,90
234,190,130,92
242,192,127,92
242,191,124,95
249,195,108,94
259,198,90,103
269,198,80,103
267,201,79,99
270,206,76,94
273,205,70,105
272,204,72,104
274,208,68,106
272,211,68,101
273,209,66,104
264,212,79,98
267,208,76,106
265,213,81,101
270,215,75,101
268,216,76,105
266,214,82,110
271,206,77,123
282,208,62,123
277,207,67,133
275,212,71,126
276,219,72,117
282,229,64,112
285,227,59,122
285,233,61,113
284,233,66,115
284,236,68,113
286,225,64,122
286,224,65,121
282,230,68,116
285,239,64,99
286,237,62,108
289,237,58,113
298,235,54,111
298,243,51,106
288,226,51,115
296,228,51,125
303,235,46,113
303,238,47,117
304,237,50,111
305,242,49,112
305,241,50,114
298,225,58,123
297,228,60,132
298,226,59,125
293,216,62,134
290,215,62,127
290,212,63,129
286,214,68,132
289,210,61,133
290,214,55,141
285,209,46,145
281,210,55,145
274,204,49,140
268,201,61,148
260,212,61,130
263,201,50,143
258,200,45,144
259,199,35,147
252,207,46,135
243,206,42,141
240,219,42,126
236,215,49,131
231,216,54,125
229,223,54,114
228,220,58,127
226,218,58,122
228,221,59,121
229,219,58,118
230,222,56,117
229,222,58,111
230,221,56,123
228,224,60,118
228,216,59,119
228,217,60,122
227,219,59,119
230,221,60,114
230,224,57,112
232,216,57,117
231,217,55,124
233,223,53,115
230,215,55,133
228,211,61,133
228,218,65,125
228,218,61,123
228,217,62,123
228,224,63,117
230,219,56,119
231,219,56,123
229,220,60,122
229,223,55,117
228,221,56,113
231,221,57,118
232,218,55,117
232,221,56,115
229,224,55,113
229,217,55,118
229,222,53,120
229,227,57,113
230,231,50,107
234,228,49,119
231,223,54,118
229,232,56,110
230,235,52,106
232,230,48,112
232,220,51,122
231,220,45,121
233,221,51,126
234,223,51,123
232,226,52,116
230,225,53,118
229,219,58,124
229,227,58,119
229,227,56,114
225,220,62,121
227,223,60,109
230,227,53,106
233,235,51,102
234,229,51,104
234,230,52,102
234,230,52,107
236,230,52,100
237,230,48,108
238,227,45,107
237,230,50,107
236,233,50,108
235,230,50,103
235,220,50,113
236,224,50,109
238,220,46,114
236,223,50,106
234,225,52,110
235,226,53,106
218,231,68,98
228,226,56,105
240,227,42,112
240,231,43,114
239,227,44,116
238,227,49,111
234,228,50,111
235,225,52,116
233,224,56,113
227,229,59,100
214,223,63,102
206,224,72,94
200,224,78,92
202,219,72,101
202,219,68,98
195,219,75,99
193,220,75,90
191,220,71,85
190,217,79,97
189,224,78,82
186,221,78,86
177,224,79,73
177,223,82,83
186,221,67,87
195,222,57,89
195,220,54,95
193,221,48,92
185,225,55,87
179,214,66,99
181,213,66,103
187,217,60,100
185,219,59,96
187,212,57,93
188,217,59,88
189,216,64,91
193,218,61,88
199,221,63,77
208,216,58,87
209,216,63,86
210,215,69,87
216,216,64,82
221,216,64,88
230,217,58,86
235,217,54,97
238,218,53,87
240,218,53,94
240,219,48,86
243,217,53,92
242,220,50,88
247,220,43,86
245,218,51,94
247,216,50,91
244,222,50,83
252,217,45,90
251,220,50,84
255,218,46,89
263,214,37,97
262,213,37,103
259,212,38,102
261,207,36,116
254,204,43,111
253,210,44,104
246,213,53,92
251,214,51,82
251,215,50,80
246,213,54,80
244,210,56,77
233,203,65,85
244,202,56,83
239,203,58,82
241,203,53,86
239,200,58,85
233,194,59,95
237,196,56,91
235,198,52,86
240,198,44,97
237,202,46,88
236,200,41,89
237,197,37,91
237,198,42,93
233,201,49,83
235,201,46,89
239,197,40,89
236,202,43,80
233,202,46,80
238,203,40,78
239,199,32,89
237,195,36,94
233,194,42,91
238,197,38,94
235,195,39,96
238,201,41,93
238,200,43,92
239,203,43,91
236,196,41,94
243,200,31,88
236,198,41,93
231,191,42,95
239,200,35,90
233,201,41,88
231,196,50,97
230,199,51,90
235,201,48,87
232,198,50,86
237,200,41,86
238,200,40,88
234,201,42,86
235,203,42,81
234,203,44,84
231,202,48,82
232,203,43,78
230,201,45,79
231,205,44,75
233,201,41,79
233,204,41,77
229,204,45,79
238,202,36,87
236,200,44,90
230,192,49,103
226,195,51,94
234,201,47,92
224,203,55,85
220,205,60,80
228,205,58,77
223,205,60,72
232,202,57,79
226,202,64,73
232,198,51,82
233,200,54,75
240,203,44,72
237,200,49,65
240,207,48,65
239,201,51,69
242,198,47,72
244,198,45,73
244,196,48,72
246,195,48,82
247,194,49,86
249,194,46,85
246,193,51,88
249,196,53,82
249,194,56,82
251,194,54,82
251,193,54,85
249,194,58,76
250,192,52,85
249,194,53,85
246,193,57,84
251,192,51,85
249,195,54,80
248,195,55,79
249,196,53,79
243,193,64,87
245,196,61,73
247,195,58,82
244,193,62,86
247,191,63,91
247,195,68,77
250,192,63,84
250,192,60,79
247,191,68,79
251,191,62,80
252,192,61,75
253,190,68,81
251,191,72,73
251,193,77,69
252,192,74,71
255,189,69,68
253,193,69,75
248,189,73,87
250,189,73,89
254,189,68,84
251,187,70,88
254,193,67,83
250,190,78,84
251,189,65,83
257,188,62,85
256,187,61,83
256,185,65,86
251,188,71,83
256,189,56,84
254,191,59,81
253,190,62,83
251,186,67,91
256,193,66,75
253,192,69,78
247,187,83,81
246,182,80,80
245,178,80,92
245,167,81,105
241,172,75,102
253,177,63,93
253,168,60,98
253,197,58,81
251,197,62,76
257,202,57,74
247,198,64,78
251,197,59,78
251,196,60,81
253,199,57,80
251,198,55,80
252,196,55,84
252,193,54,89
253,191,57,82
244,198,68,76
247,203,65,60
251,200,64,71
250,201,63,78
249,195,61,87
250,195,61,86
250,196,65,84
250,195,64,91
247,197,65,90
251,195,61,84
250,195,68,84
247,198,68,85
248,197,74,71
248,201,74,55
253,204,77,43
251,206,85,45
241,205,95,46
242,201,88,54
240,209,92,53
236,206,99,44
242,203,91,44
243,202,95,47
244,203,99,46
249,203,97,48
240,201,99,53
246,203,88,40
249,203,87,46
249,204,88,44
247,201,92,47
243,203,96,46
234,205,95,55
238,206,83,44
241,207,99,36
241,206,98,46
242,206,102,41
237,204,92,48
245,206,80,39
248,205,72,45
249,209,68,38
246,208,61,30
248,207,64,34
258,203,67,42
264,208,64,54
249,207,70,63
254,202,66,67
248,204,70,59
248,202,69,63
248,205,62,69
250,204,61,79
250,204,58,86
247,206,66,89
245,205,62,92
246,206,61,88
247,207,63,92
246,210,65,90
242,212,73,100
249,212,66,95
253,211,62,102
248,213,69,105
249,213,69,107
251,215,72,105
251,212,80,101
264,215,68,93
276,216,63,95
284,214,63,102
296,213,62,99
305,213,61,102
316,213,66,99
327,202,72,107
334,205,80,103
350,202,69,101
355,200,68,102
356,203,80,97
371,203,64,90
371,204,70,91
379,199,64,97
380,204,66,90
388,199,61,90
381,203,66,85
384,199,63,83
384,202,63,83
383,201,65,80
383,203,59,80
380,196,66,86
373,198,67,79
372,200,64,80
375,196,60,81
370,199,63,79
370,196,56,81
364,194,61,83
359,192,63,83
360,192,60,86
356,191,62,84
355,189,59,84
351,187,61,86
346,187,65,82
348,188,62,75
336,198,53,76
334,194,53,76
326,193,57,79
313,196,61,76
314,201,52,61
299,202,58,73
292,202,56,71
288,205,55,70
276,201,54,73
256,200,60,66
251,201,65,66
239,201,73,66
238,203,72,61
225,203,68,64
218,205,65,70
219,205,58,68
199,202,62,69
200,205,56,58
200,207,58,53
180,209,71,54
172,207,77,63
168,206,73,64
168,205,64,74
166,201,61,73
162,200,63,79
157,197,78,79
157,200,63,78
159,197,64,78
166,198,51,72
163,195,56,82
162,193,55,85
148,200,67,81
156,191,59,89
155,193,56,90
156,196,52,87
153,196,59,85
156,195,55,86
154,193,60,85
151,199,68,76
142,203,76,69
138,202,81,64
137,200,82,68
147,198,68,80
141,199,71,74
140,201,75,76
135,204,81,69
134,205,82,65
133,203,84,69
129,204,87,68
139,204,74,70
146,195,66,83
147,191,63,90
141,189,71,92
145,191,66,87
148,193,62,85
150,188,60,93
150,188,64,93
150,192,67,86
150,192,64,85
149,197,63,83
151,193,62,90
152,188,59,94
153,191,60,89
159,191,53,92
163,190,49,95
157,187,59,101
163,196,58,84
166,193,58,98
164,194,66,92
173,197,59,91
184,194,50,97
192,191,43,103
192,190,46,109
198,186,49,115
202,187,52,111
206,185,53,118
210,189,55,121
218,190,50,113
222,192,48,112
231,189,41,109
231,197,50,95
233,201,52,87
236,202,52,78
241,197,56,82
245,201,50,71
253,183,51,81
261,166,61,89
258,150,62,94
262,155,64,89
256,151,71,87
258,149,81,83
265,119,76,87
272,132,65,100
269,133,74,96
272,133,83,90
275,104,82,107
273,101,85,109
273,98,85,120
275,101,83,114
275,98,83,125
274,99,92,119
271,101,92,119
281,99,83,123
283,94,79,140
286,89,71,139
280,87,77,148
286,89,75,130
266,98,86,124
281,101,80,132
280,99,80,146
272,104,86,132
268,101,93,128
265,100,98,139
269,95,90,146
272,97,87,140
276,100,82,135
276,94,76,145
269,99,86,131
269,103,85,131
267,102,93,144
266,99,90,147
265,105,94,136
265,106,87,128
260,103,102,137
255,112,107,124
261,112,100,127
259,101,100,148
255,104,104,146
251,101,112,139
240,103,125,135
228,105,141,139
239,110,133,122
240,109,121,131
244,110,125,128
249,97,116,143
244,105,114,130
227,115,128,120
217,113,148,122
210,109,160,139
214,100,151,146
210,105,148,136
213,102,142,145
203,109,149,139
204,108,158,132
206,111,154,139
210,112,159,143
206,114,150,130
194,122,156,121
195,118,156,125
192,107,173,142
212,103,155,160
185,105,185,139
211,98,164,149
230,97,149,159
252,88,113,170
273,84,89,165
274,90,90,146
275,87,88,168
291,90,75,150
87,160,87,143
91,146,108,122
65,164,119,102
49,179,113,81
57,180,123,83
61,189,134,76
64,187,130,72
72,189,127,72
83,180,129,85
84,182,129,67
94,180,110,75
120,179,98,93
136,179,83,95
154,174,88,98
153,189,88,85
181,164,70,104
211,162,58,100
229,163,63,103
249,167,66,97
264,164,74,82
278,162,74,89
294,155,65,93
307,153,61,86
319,148,72,85
321,143,70,94
326,146,67,88
330,137,61,94
330,137,46,86
329,136,36,85
323,134,38,78
310,132,38,86
293,122,44,91
286,124,53,83
276,124,46,68
254,114,55,62
249,104,56,57
240,89,59,57
239,83,50,57
231,59,56,64
231,59,56,64
231,59,56,64
231,59,56,64
235,92,55,56
227,86,61,55
213,81,70,59
220,78,59,62
185,34,63,63
180,42,63,66
177,62,59,58
185,79,51,63
184,99,42,54
190,119,45,59
188,122,39,51
194,130,39,53
195,132,41,59
196,138,41,52
197,140,37,47
197,139,41,47
192,142,44,40
195,139,38,41
201,140,31,42
197,139,34,42
200,139,30,45
202,141,27,43
208,141,27,43
209,139,26,49
207,143,35,54
208,143,36,58
201,144,44,62
204,143,43,69
205,143,31,72
204,137,31,80
201,132,33,79
198,136,37,73
196,131,37,62
194,136,34,49
191,136,40,52
194,131,36,63
196,133,39,58
199,130,44,62
198,128,53,67
201,130,50,63
211,129,53,62
214,128,50,69
212,127,60,74
222,125,59,82
218,127,62,84
226,126,64,90
229,132,64,88
235,141,58,70
232,151,69,69
226,149,83,85
228,156,91,87
230,168,100,80
238,173,93,79
251,183,80,71
243,182,91,77
244,185,88,77
251,189,76,83
243,197,83,68
245,191,87,78
242,197,88,76
231,193,91,95
229,196,101,89
230,202,106,73
231,199,93,81
228,199,90,82
226,199,101,88
221,198,95,89
227,204,92,85
226,200,97,83
221,201,100,86
221,202,98,84
214,206,111,75
210,202,112,88
211,205,106,82
218,207,89,78
223,204,72,83
218,203,73,86
218,207,74,85
223,202,70,96
230,203,59,95
234,203,53,92
