362,114,109,71
356,116,111,81
349,117,119,86
347,116,122,87
342,119,107,83
345,112,102,91
338,110,105,96
332,115,119,88
328,111,115,98
333,113,111,102
335,119,109,97
327,119,117,90
331,111,115,112
329,113,119,104
333,116,115,107
328,117,115,102
342,117,95,102
334,111,112,111
333,111,113,109
330,117,119,97
341,116,104,110
341,105,109,125
337,113,119,110
341,111,112,113
346,109,106,116
345,115,100,99
343,110,108,110
352,117,94,94
344,112,110,103
344,112,110,103
353,116,100,99
347,108,108,103
351,114,109,97
349,111,115,109
348,116,112,87
345,112,118,91
354,115,105,96
353,108,110,112
359,113,103,103
358,110,107,113
360,112,108,105
370,117,90,92
362,107,108,110
367,112,100,104
369,115,96,95
367,114,105,97
373,116,95,102
371,109,102,107
379,111,90,114
380,110,89,119
374,105,93,114
379,116,85,102
374,112,104,107
381,113,91,100
384,112,87,104
380,113,96,104
383,120,94,81
386,113,88,100
389,113,90,107
385,110,100,100
390,118,94,88
385,112,102,93
390,112,99,100
398,116,87,92
395,106,93,102
393,113,101,90
394,117,101,87
393,108,108,95
399,117,104,81
399,119,108,82
398,114,107,86
405,115,96,89
409,111,93,96
408,114,102,90
406,110,101,96
409,118,93,82
410,109,101,97
408,109,109,99
406,116,111,80
414,112,104,86
418,119,103,82
415,113,110,87
423,118,111,84
426,108,105,90
423,113,112,83
415,118,128,82
415,116,125,86
416,118,130,85
420,119,126,82
412,118,137,88
425,109,121,102
422,116,124,92
420,116,128,89
415,110,149,98
423,123,163,83
415,110,171,104
421,113,174,105
419,120,207,92
407,117,216,98
413,118,209,98
424,112,202,104
413,119,202,99
422,117,203,94
418,116,208,103
412,119,228,84
401,121,230,89
413,117,223,102
412,115,211,108
412,115,221,112
404,119,221,98
416,114,198,103
421,110,211,104
414,114,209,107
412,114,219,101
406,122,217,104
412,120,221,104
405,112,217,108
411,108,215,120
408,112,211,119
413,108,222,125
398,110,218,118
401,111,235,113
406,114,224,109
400,112,217,111
407,110,221,118
411,110,211,117
391,113,229,131
393,109,234,123
402,106,231,123
404,108,217,128
403,111,221,117
398,116,223,112
400,117,222,112
392,114,232,121
398,110,226,122
399,108,229,123
405,107,207,123
403,109,214,122
403,114,214,114
402,116,219,110
394,117,219,111
404,116,221,103
395,120,237,104
399,114,228,105
407,110,223,112
392,108,236,121
395,108,248,121
384,112,251,112
399,105,248,119
393,105,232,108
382,104,261,112
387,99,239,137
388,102,240,124
395,101,243,127
388,102,242,120
394,97,249,128
388,107,242,120
388,103,237,125
402,103,239,112
395,103,239,119
388,107,250,111
395,104,243,121
384,105,249,122
394,101,244,122
392,102,244,123
399,99,231,126
390,92,249,139
404,92,241,134
395,97,229,133
388,103,244,118
404,103,228,114
391,106,241,118
392,102,234,106
395,102,231,106
401,103,219,108
402,108,229,105
391,109,243,106
408,108,227,106
396,110,235,100
411,103,219,110
393,106,232,98
387,110,252,110
370,110,264,101
384,98,261,126
386,99,251,115
401,96,232,120
389,104,237,108
398,104,234,113
400,106,235,109
384,104,243,111
381,102,269,112
377,101,252,120
372,98,264,126
374,93,255,139
378,83,259,152
374,75,261,160
372,75,262,158
375,71,253,171
379,60,248,181
372,49,263,200
387,41,256,232
391,40,229,224
405,52,226,192
401,65,214,167
374,72,245,162
389,76,231,160
382,90,240,140
366,90,261,147
353,90,285,129
362,90,262,141
364,71,261,178
382,55,256,220
387,42,265,214
399,31,239,217
391,60,249,176
377,71,249,162
391,86,245,144
384,88,251,148
378,100,238,121
382,101,243,124
363,104,272,123
370,110,259,128
371,103,275,131
377,100,256,131
358,98,274,139
366,111,266,114
354,110,282,118
343,110,310,117
369,115,276,110
353,112,283,110
346,107,301,115
339,107,309,122
354,105,300,129
336,102,300,134
368,113,283,111
357,109,280,101
347,103,280,107
362,99,273,123
365,99,286,129
350,95,293,133
358,101,290,137
347,102,307,107
351,93,285,122
349,93,305,129
352,83,282,128
363,97,271,123
364,92,279,122
359,100,283,122
353,86,299,144
369,78,274,166
380,67,263,182
373,74,275,164
371,92,264,134
357,85,282,148
371,82,268,149
394,103,253,129
379,98,262,147
371,102,274,142
340,108,293,125
359,110,284,136
375,109,267,103
360,104,267,111
376,100,259,132
384,97,249,137
367,100,266,124
372,99,257,129
381,95,261,142
378,101,258,137
371,113,270,96
357,109,275,79
355,102,275,73
349,94,280,89
357,88,274,102
369,83,248,114
359,82,269,108
356,75,272,128
361,60,278,152
354,63,274,135
354,64,271,139
366,57,266,159
379,38,249,185
375,46,261,170
364,55,259,151
365,58,258,144
381,47,254,170
378,59,255,171
403,37,236,219
385,40,257,192
410,27,219,228
438,40,199,200
401,37,219,208
389,26,249,216
407,38,242,216
416,20,218,238
440,29,188,242
419,39,200,210
407,28,216,217
416,15,201,234
432,5,183,248
425,22,195,216
406,24,208,205
420,28,201,183
398,37,217,177
429,33,197,201
440,40,184,184
442,48,173,175
414,59,198,179
401,59,219,159
399,63,229,158
396,59,237,147
402,52,228,163
404,51,234,164
403,43,226,179
419,38,203,178
406,67,191,141
418,70,196,145
407,75,209,136
407,70,218,150
405,61,217,160
405,70,224,144
395,77,233,135
395,81,229,128
410,69,215,154
394,84,240,130
385,83,243,134
387,77,236,139
390,72,245,147
395,73,233,145
399,62,239,164
393,79,228,140
395,89,222,119
390,88,234,137
400,87,233,135
399,82,229,129
388,87,231,114
396,94,213,116
408,97,215,118
391,99,240,98
395,90,222,125
411,87,206,128
394,93,227,107
401,96,219,124
406,88,218,123
393,84,225,130
398,85,219,127
410,69,213,138
402,49,210,167
413,59,200,158
408,73,214,142
406,82,218,132
407,83,214,130
402,89,217,141
405,88,225,131
400,91,226,120
395,92,228,108
392,103,228,111
404,100,223,121
401,93,226,126
388,102,239,107
392,99,240,109
381,96,250,115
386,90,247,119
388,85,249,128
382,80,252,142
398,77,234,149
394,64,241,157
390,48,259,163
400,64,242,156
389,71,231,133
407,78,194,123
390,99,234,114
375,97,244,107
393,87,246,125
382,88,245,124
396,86,235,141
386,82,266,124
386,83,244,125
376,88,230,124
361,92,242,127
387,74,262,141
400,52,257,164
398,34,251,178
392,71,245,172
387,48,253,203
396,61,248,189
394,51,241,176
402,35,250,192
394,51,251,171
396,30,239,194
418,54,216,164
404,66,242,159
412,53,228,168
399,59,218,161
386,71,249,160
390,77,256,138
391,80,252,135
393,78,238,131
388,79,231,131
403,69,223,156
409,70,226,149
409,73,221,147
404,70,217,145
391,80,225,123
397,79,215,128
411,63,200,139
393,67,218,145
399,83,209,129
398,91,208,115
402,98,208,112
402,90,226,119
396,91,218,124
401,91,218,111
399,89,212,120
407,86,209,127
397,86,228,131
410,87,215,126
407,90,217,126
405,95,215,119
409,95,207,114
412,97,210,117
417,94,205,112
418,99,208,113
446,108,187,93
410,106,217,94
432,114,201,90
399,78,226,101
409,98,226,95
421,104,227,101
403,114,248,85
399,107,256,96
408,94,242,115
402,78,247,152
407,64,241,169
399,52,255,165
398,82,247,129
384,88,254,113
394,93,253,113
415,98,233,108
416,102,236,107
409,105,236,102
427,112,227,89
438,111,215,95
398,88,237,110
406,98,237,107
416,99,239,112
393,99,261,104
403,97,242,107
423,95,233,104
404,99,253,107
394,100,261,108
388,85,276,114
386,85,269,111
377,68,279,128
395,69,266,141
395,68,260,142
393,67,254,146
383,63,274,141
386,86,262,117
393,74,270,135
413,79,245,130
443,93,216,112
399,92,261,101
383,83,290,123
400,75,263,144
428,86,235,136
405,83,267,120
384,68,279,139
391,65,276,140
372,58,278,159
384,44,275,178
392,15,249,213
401,23,262,201
414,17,234,218
392,34,249,194
390,29,267,184
394,60,274,148
388,53,259,158
389,46,253,160
396,40,248,174
385,38,249,176
376,17,274,199
422,33,255,194
387,26,252,212
386,30,277,194
381,26,270,179
379,36,284,183
394,46,262,176
429,58,232,165
418,71,236,145
435,84,215,131
466,86,190,149
410,24,207,169
412,38,222,178
392,24,249,202
405,34,245,198
398,18,237,205
405,38,243,183
406,32,242,192
418,54,235,174
433,83,229,156
384,39,265,170
371,8,290,204
386,-10,254,209
394,28,253,232
395,-5,246,262
393,-11,237,279
409,21,232,243
396,-3,258,255
398,7,248,235
400,-5,248,233
391,-1,255,201
396,-11,241,242
411,0,228,251
396,0,253,208
386,-10,280,245
397,-8,253,252
413,7,237,234
395,-4,257,216
413,18,221,176
437,43,211,198
442,38,205,203
464,20,176,220
466,0,132,244
465,-3,137,234
461,25,172,255
462,31,200,227
449,21,174,211
451,3,146,213
464,21,151,245
455,16,198,219
472,20,160,202
466,18,175,222
469,9,149,226
468,19,162,220
465,18,180,221
470,11,172,213
467,6,150,215
461,58,186,186
449,69,206,156
469,89,194,114
480,108,195,93
433,86,209,91
433,102,222,84
447,115,230,80
424,99,252,74
430,109,254,75
435,112,246,73
422,89,253,80
428,96,252,89
455,105,238,88
451,114,227,78
412,83,247,99
429,91,240,98
447,98,245,101
452,93,234,106
445,97,232,102
440,99,240,115
426,71,245,141
433,66,238,163
423,68,258,161
431,98,270,133
439,87,271,134
427,67,276,159
415,60,274,167
450,67,237,172
433,63,250,171
418,56,257,175
435,67,244,174
430,56,233,183
422,40,241,199
426,45,246,209
442,57,207,192
437,56,203,183
442,44,196,172
452,46,184,176
473,58,176,151
483,72,189,126
465,79,204,116
462,83,209,106
437,75,236,115
448,63,206,142
448,58,215,139
454,52,205,154
443,56,218,154
441,56,234,151
446,48,225,163
446,50,221,160
444,55,218,146
458,58,211,148
464,59,205,146
465,51,201,151
446,53,208,150
451,48,208,163
449,45,218,167
445,31,217,186
432,36,217,182
430,41,212,194
464,23,185,221
468,12,164,238
462,-6,130,270
455,15,163,224
447,24,180,209
458,36,181,184
448,35,168,180
459,29,167,205
453,33,194,182
450,20,188,211
445,14,196,223
444,22,161,188
462,9,146,218
455,9,163,223
448,10,187,218
434,28,203,211
438,20,192,216
428,13,199,227
427,3,196,234
412,5,214,233
426,10,193,244
433,11,188,232
429,6,203,243
414,11,221,228
398,22,250,206
399,18,233,200
425,7,194,223
410,18,229,198
411,0,217,232
408,5,227,226
384,4,248,263
428,24,200,242
409,15,225,246
389,6,237,258
418,19,210,282
378,16,245,281
388,15,224,302
405,-2,206,341
389,0,235,367
384,5,241,410
393,-13,214,386
393,-8,234,354
397,-5,235,396
386,-30,241,463
396,-3,238,492
385,0,265,503
374,17,264,491
376,0,261,501
395,19,258,504
377,-18,258,479
390,-7,249,481
374,9,248,463
361,9,274,499
407,37,240,450
394,-4,249,465
387,9,247,497
391,24,259,475
381,-13,264,472
395,-11,261,535
390,-33,254,480
410,-4,238,489
393,8,231,499
387,0,248,445
410,31,222,456
397,23,237,449
395,8,242,500
396,23,252,490
385,37,247,444
385,33,245,473
371,-6,263,498
386,21,258,482
393,21,261,454
388,14,257,478
367,25,278,457
381,35,264,442
392,15,257,476
387,10,251,454
392,16,237,406
378,13,262,467
395,14,241,469
381,10,259,469
377,-10,254,467
380,-14,257,518
390,2,249,524
373,12,266,445
381,18,264,435
385,17,256,453
382,19,245,435
395,21,235,463
394,9,236,494
378,-2,254,504
393,24,237,459
402,19,225,474
375,24,269,477
352,3,299,450
358,15,303,470
370,27,298,391
378,16,238,377
398,31,217,405
379,29,245,444
415,19,214,523
390,-9,238,511
397,6,253,480
366,25,275,444
392,22,254,464
374,8,258,436
365,4,264,459
400,25,228,485
405,2,227,529
380,-4,251,490
366,25,260,447
375,17,251,464
386,15,255,477
373,9,273,470
358,8,291,454
366,20,279,474
372,18,283,432
368,-11,275,494
372,-7,274,548
345,-25,302,543
394,8,274,521
369,-4,290,484
349,0,289,430
375,-13,264,498
386,24,262,452
360,10,275,442
382,6,254,494
369,16,281,494
377,7,264,469
376,19,273,486
368,-2,271,501
381,19,267,504
371,-4,260,490
393,34,253,442
382,-6,240,464
385,-4,239,498
399,9,225,534
401,2,237,535
377,-7,253,503
370,5,275,477
353,20,312,440
354,26,299,458
372,34,296,432
375,11,263,488
395,27,244,481
355,18,291,490
381,34,271,473
391,18,242,461
347,1,272,498
399,34,233,463
374,25,272,493
372,15,267,479
374,13,270,510
350,19,296,485
348,2,314,496
367,26,289,464
361,25,276,449
395,33,236,467
411,28,214,502
382,3,253,487
366,32,270,436
364,24,277,417
376,28,274,459
380,17,275,496
378,20,263,452
414,31,211,447
404,33,229,456
376,21,265,468
387,-10,258,524
360,25,277,498
379,15,260,488
382,1,266,500
387,24,257,488
376,26,255,452
371,7,256,473
363,-1,289,553
350,6,316,523
389,7,286,521
380,-11,265,520
388,10,252,502
384,-2,272,531
369,1,282,522
369,7,280,471
391,23,250,520
396,11,261,508
373,-4,269,524
397,20,278,522
399,-3,217,517
392,1,229,503
410,5,213,544
394,5,266,532
370,-25,279,534
395,21,261,481
387,0,260,501
386,1,256,501
406,6,237,536
377,0,257,482
381,3,264,499
397,16,245,541
387,-6,253,532
394,7,241,514
389,3,246,492
410,11,237,500
376,0,267,510
368,-7,287,482
375,2,280,516
376,-5,281,479
374,-3,262,461
409,13,253,460
411,2,197,492
408,20,209,504
413,39,213,486
408,4,221,535
392,-7,243,521
391,15,253,548
373,0,259,514
385,19,261,487
379,12,258,463
390,40,252,491
379,16,257,472
388,22,251,500
388,11,243,533
383,-10,260,535
377,21,282,482
369,3,292,486
374,21,270,488
372,4,275,523
391,9,260,498
385,17,260,505
388,20,250,461
378,6,264,520
370,18,292,494
388,2,277,511
400,5,222,505
387,16,258,460
383,15,272,488
366,23,273,465
383,25,258,469
376,-4,264,542
388,18,247,486
400,21,246,497
368,-6,283,513
368,4,279,477
370,27,274,461
381,-3,268,471
364,8,268,469
425,41,212,468
420,-8,193,463
379,12,247,453
374,10,255,470
391,24,245,505
377,11,259,470
400,35,239,456
362,0,289,509
378,24,279,441
362,14,265,443
376,19,265,482
364,10,286,473
391,40,253,467
379,19,242,468
391,9,244,456
381,8,261,509
382,-3,256,483
390,5,255,521
389,-1,248,532
372,23,273,495
376,40,272,455
385,32,256,427
378,17,252,463
391,15,249,478
394,21,245,460
387,18,249,437
382,15,266,489
392,0,258,501
380,8,255,483
400,27,239,461
380,-18,268,517
395,17,253,497
384,15,247,462
399,14,230,487
398,23,235,512
400,34,233,482
387,0,267,501
392,4,258,507
372,0,263,460
395,42,238,468
394,13,236,470
401,10,236,487
392,4,233,462
400,23,227,465
404,8,231,477
387,6,241,466
400,-1,224,506
392,8,242,489
402,18,255,479
372,39,280,418
407,48,244,452
382,18,255,476
394,20,254,465
386,8,260,471
383,0,260,444
408,17,219,478
