451,275,53,74
452,273,47,77
452,272,46,79
453,271,44,80
453,270,44,82
453,271,44,81
453,270,44,82
453,271,44,81
454,272,43,79
453,270,43,83
453,271,43,80
454,272,42,78
453,271,44,81
453,272,43,81
452,270,45,84
454,270,43,82
453,271,44,82
452,270,45,84
453,272,45,80
453,272,45,79
452,272,46,81
453,271,43,82
453,269,45,85
453,272,44,80
454,271,43,80
453,272,45,79
454,272,43,79
453,273,44,75
455,274,41,75
454,271,42,81
455,272,40,80
453,272,44,79
454,272,43,78
454,272,44,79
453,273,44,77
452,271,48,80
454,272,42,77
455,272,41,79
454,270,42,82
454,271,42,82
454,271,43,79
453,273,44,78
454,272,43,78
452,271,45,79
451,273,48,75
453,272,45,77
452,270,46,83
452,271,45,83
453,271,43,80
453,270,44,81
452,271,45,78
453,272,43,78
453,271,43,80
454,272,42,80
453,270,44,82
452,271,47,78
453,271,45,79
453,270,44,80
452,270,46,79
453,272,44,77
452,273,46,75
453,270,45,80
453,272,45,77
452,272,45,77
452,273,45,77
452,270,46,80
452,271,46,78
451,272,47,75
453,272,44,77
452,272,46,77
452,272,46,76
452,272,46,75
453,274,45,75
453,272,45,76
454,273,43,74
453,272,44,77
453,272,45,75
452,271,45,78
452,271,47,78
452,273,47,73
453,273,44,73
453,270,44,77
453,268,44,81
453,270,45,77
451,270,48,80
452,269,46,83
452,270,46,81
452,270,47,81
452,266,47,86
452,264,47,86
452,263,48,90
452,263,47,91
452,262,48,92
453,266,46,88
453,268,45,85
453,270,44,83
453,271,44,80
453,270,44,83
452,272,46,80
452,273,47,81
455,272,43,82
454,271,48,83
454,270,51,84
453,270,51,83
452,272,52,80
453,275,53,78
456,276,53,77
460,277,57,77
466,281,57,74
473,281,57,76
477,283,57,75
479,286,64,70
482,286,63,72
483,286,65,72
485,288,64,68
485,286,66,71
486,289,68,68
490,287,62,70
489,291,62,64
491,289,60,67
490,288,60,67
491,290,59,66
491,287,59,68
491,288,58,67
490,289,59,66
491,287,59,68
489,288,61,67
491,289,60,67
491,287,60,69
490,287,61,70
490,288,60,68
491,287,60,70
490,287,62,70
491,287,58,70
491,287,59,69
491,293,59,62
490,288,61,68
491,289,59,66
491,289,59,67
490,291,60,64
490,288,61,68
491,291,60,65
491,288,59,66
491,287,58,69
492,288,57,68
491,288,58,67
491,289,58,67
491,288,58,68
491,290,59,65
491,287,59,68
490,287,60,68
490,289,60,66
491,286,59,70
491,288,58,67
490,288,59,67
491,286,59,71
490,288,60,68
491,288,58,68
491,285,59,71
491,287,59,69
492,290,58,66
491,288,59,68
491,287,59,69
490,286,60,70
490,287,61,69
490,291,60,64
491,289,59,65
491,288,58,68
491,286,59,72
491,290,59,65
491,289,59,68
490,292,60,62
490,290,59,65
492,291,56,64
491,287,58,69
491,287,58,70
490,287,62,69
490,289,60,68
492,287,57,68
491,290,58,65
489,287,61,67
490,291,60,64
491,287,60,68
491,290,59,66
490,288,61,68
490,289,58,66
490,289,60,66
492,289,58,67
492,289,58,65
491,285,59,72
492,287,59,67
490,285,61,71
492,287,59,70
489,287,62,71
492,289,58,69
490,288,59,69
489,289,67,68
490,291,67,67
489,288,65,68
485,287,65,70
484,285,61,72
483,283,60,72
481,281,57,72
479,280,56,72
477,276,52,77
474,274,54,77
472,270,54,79
470,269,55,80
469,266,54,80
469,266,50,77
468,263,50,82
468,264,48,78
467,264,50,77
466,263,51,73
466,263,48,68
465,263,41,69
462,263,44,68
461,263,42,68
459,264,42,67
459,264,41,67
457,264,45,70
457,263,46,70
458,262,46,72
460,260,43,76
460,263,43,73
460,263,42,74
458,265,45,71
458,265,45,72
458,264,43,76
459,264,42,75
459,263,41,75
458,264,40,74
458,264,40,72
457,265,41,70
457,263,42,73
458,264,39,75
458,264,39,72
457,265,41,69
458,265,39,70
458,264,39,73
458,264,39,73
457,264,41,75
457,265,41,73
458,264,41,74
458,263,40,76
459,264,38,74
458,263,39,76
458,263,41,77
458,264,41,74
457,265,41,70
457,265,41,72
456,266,43,69
458,264,40,74
456,265,43,70
458,265,40,72
458,264,40,72
457,263,41,76
457,264,42,74
457,263,42,77
459,264,39,75
458,265,39,72
456,264,43,74
457,264,42,73
458,264,40,73
458,264,40,73
458,265,41,73
458,266,40,70
458,264,41,75
458,264,39,75
458,263,40,76
458,263,40,76
458,264,41,72
457,265,41,69
457,266,41,68
457,265,41,70
458,264,40,74
456,263,43,74
458,264,40,75
458,262,39,78
458,265,40,73
459,263,39,76
457,264,42,76
459,264,39,74
457,263,42,75
458,265,40,72
457,264,41,74
457,266,41,71
457,264,41,74
459,265,39,72
458,264,39,74
457,263,41,75
458,265,41,73
457,264,42,75
458,263,41,75
458,264,39,73
458,264,39,74
457,264,41,75
458,264,40,75
458,264,40,76
459,264,39,76
458,264,40,73
459,265,39,72
458,265,39,73
458,262,40,78
458,264,40,74
458,265,41,74
458,265,40,72
459,265,39,71
459,264,39,73
459,263,38,76
457,263,42,76
458,265,40,73
458,264,40,75
458,264,41,77
458,263,41,77
458,264,40,76
458,264,40,75
457,266,42,71
458,265,40,73
458,265,41,71
457,265,42,71
458,265,40,71
458,266,40,71
458,264,40,73
459,265,38,71
458,264,40,73
458,265,39,71
457,264,42,72
458,266,41,67
459,264,38,73
458,264,40,73
458,266,39,70
458,264,41,72
457,265,42,72
458,263,41,75
457,265,42,69
458,266,41,70
459,264,38,73
458,263,39,75
459,263,38,75
458,264,41,73
459,264,38,74
458,264,40,74
459,264,38,74
459,263,39,75
459,264,39,74
459,266,39,70
459,264,38,72
459,263,38,75
459,265,38,72
459,263,38,76
460,265,38,72
459,265,38,72
459,264,39,74
458,263,40,76
458,264,40,74
458,263,40,77
459,263,39,77
458,264,40,72
459,264,39,72
459,264,39,74
458,264,40,74
457,266,42,70
458,265,39,73
459,264,38,72
458,264,40,74
458,264,41,71
459,263,40,74
458,265,41,72
458,265,39,72
459,265,38,71
458,265,40,72
458,265,40,71
458,264,40,71
459,264,39,73
459,265,38,71
459,264,37,70
458,263,40,75
456,254,42,84
456,260,43,77
455,263,45,72
456,265,42,70
456,265,43,69
457,266,42,69
456,264,46,74
457,265,46,75
456,266,45,75
453,267,48,75
450,266,48,78
448,266,49,80
444,267,53,82
440,268,54,80
436,269,55,80
434,269,52,83
432,272,49,80
425,270,52,85
420,274,51,79
414,274,55,80
408,273,57,82
403,274,60,82
400,276,62,80
397,276,58,80
397,277,55,79
399,275,52,81
398,270,53,86
400,275,50,81
401,274,49,83
400,273,50,84
400,273,51,82
400,277,51,78
401,277,47,78
401,277,48,78
398,277,52,79
399,279,51,75
399,277,52,78
399,277,51,79
398,277,53,79
398,276,53,81
399,277,51,78
400,278,48,77
401,278,48,77
400,278,49,77
400,280,49,75
399,280,51,74
399,281,51,74
401,280,48,75
399,279,50,77
401,279,47,76
400,281,49,73
397,280,53,73
398,280,51,74
399,281,52,73
399,279,51,75
399,281,50,74
400,280,49,74
399,283,50,71
399,282,50,73
399,281,49,73
398,281,51,73
401,281,45,73
400,278,47,76
401,281,47,73
399,277,49,78
401,278,45,77
399,281,48,74
400,281,49,73
399,279,50,75
400,280,49,74
400,279,48,75
400,278,49,76
398,277,50,77
400,280,48,73
400,276,48,79
401,278,45,74
399,271,50,79
396,271,49,77
394,266,47,83
394,269,45,79
393,272,44,72
392,270,44,69
389,271,45,62
388,269,45,64
388,267,45,66
388,265,44,70
389,265,44,71
390,266,41,71
390,266,42,74
389,263,44,76
387,263,45,78
387,260,43,83
388,260,41,82
388,257,41,86
389,258,42,88
389,261,46,82
391,259,43,87
389,260,44,85
389,263,42,82
388,263,43,81
389,263,43,82
389,261,42,85
390,263,42,81
391,266,41,78
389,265,44,78
391,265,41,78
391,265,40,78
390,266,42,77
391,267,41,77
390,267,41,77
391,267,40,76
390,266,42,79
391,267,41,77
390,266,41,76
390,266,43,78
389,265,43,79
389,267,43,74
389,265,43,75
389,268,44,70
388,266,44,77
389,265,44,79
389,266,44,74
389,266,44,73
388,266,44,76
389,267,43,73
389,267,44,74
390,267,42,72
389,265,42,75
389,265,43,75
389,265,43,76
389,266,43,74
389,268,42,71
389,266,43,73
389,262,42,80
388,267,45,71
387,267,46,71
387,263,45,76
389,260,44,83
389,262,43,82
390,261,41,84
390,262,42,81
389,264,44,80
389,262,44,81
389,264,44,79
388,263,48,81
387,265,51,77
381,266,55,74
374,265,55,71
369,262,48,76
370,262,42,75
304,259,41,85
303,259,43,84
304,259,43,86
305,259,42,85
306,258,39,87
305,260,42,85
304,260,45,83
303,257,46,87
304,256,44,91
303,255,47,92
302,254,45,92
302,254,44,92
299,255,50,92
299,255,49,92
299,258,48,86
300,256,47,89
300,258,48,84
302,260,46,83
304,261,44,81
304,259,44,82
304,262,46,80
305,260,44,83
304,262,43,81
302,260,48,86
304,260,48,85
308,259,53,87
312,262,56,84
315,263,64,84
322,263,60,84
329,263,61,84
339,263,60,82
348,263,58,81
358,263,52,80
368,264,49,76
376,265,54,73
382,265,52,73
387,263,48,79
389,265,45,72
390,265,43,72
392,266,41,73
391,263,42,78
391,265,43,72
391,265,43,73
391,267,42,69
390,266,44,70
390,267,44,69
390,267,44,70
390,265,45,70
391,268,44,66
391,266,44,69
392,266,42,68
391,266,43,67
389,266,46,69
391,265,43,72
391,265,44,72
390,265,44,72
391,265,42,71
391,264,43,72
391,264,43,74
392,266,41,69
391,265,44,70
391,266,44,70
392,261,42,76
390,257,44,82
389,257,44,83
383,257,50,81
380,258,53,85
391,262,41,84
391,264,42,76
392,265,42,73
392,264,42,74
392,264,42,74
391,265,44,73
391,264,44,75
392,265,43,75
392,266,42,73
393,265,42,76
392,264,43,79
392,264,42,76
390,265,44,75
391,265,43,73
391,266,43,71
392,265,40,75
391,267,42,71
392,268,41,69
391,266,45,74
390,266,49,76
390,266,51,76
391,267,52,72
391,266,55,72
394,264,54,78
396,263,54,75
398,259,55,77
401,257,52,79
402,254,54,76
406,253,55,73
411,251,52,75
416,251,49,74
417,252,52,78
420,253,51,68
424,252,52,67
426,254,53,70
429,256,51,65
431,259,49,54
427,269,54,56
430,263,51,53
431,269,48,57
429,268,52,57
427,276,54,46
428,278,51,49
430,278,51,50
432,278,50,51
432,277,51,53
433,278,49,49
432,278,49,48
432,278,49,47
432,278,49,47
432,276,51,51
434,274,49,54
436,273,47,57
435,274,50,48
436,273,52,40
437,272,52,41
437,269,52,44
438,267,51,45
438,269,49,37
439,265,48,42
439,264,49,40
440,260,49,42
440,252,50,47
443,246,46,50
443,246,46,44
443,246,46,44
438,239,50,47
437,234,47,58
435,232,49,66
434,235,49,68
434,244,47,64
433,251,48,61
432,256,49,64
434,262,48,67
434,264,53,77
438,264,49,83
439,267,53,81
439,266,57,82
442,267,53,81
443,266,49,80
444,265,47,82
445,264,46,82
447,265,43,81
447,268,42,79
448,267,41,81
448,267,41,80
448,267,42,81
447,266,43,82
446,268,43,81
447,267,42,82
447,268,43,82
447,268,42,81
447,267,43,81
447,267,43,81
447,267,42,81
447,269,43,77
447,267,43,80
447,266,43,84
448,267,41,81
447,269,42,78
446,267,45,81
446,268,43,83
447,268,42,80
446,267,44,82
446,268,44,82
447,269,43,75
446,268,43,80
447,266,42,84
447,266,43,83
447,268,42,80
447,268,43,80
446,268,44,78
447,266,43,84
447,267,42,82
448,268,42,76
447,268,42,80
446,267,44,84
446,267,42,83
447,267,41,85
447,267,42,83
447,267,42,83
447,267,42,85
446,268,44,79
446,268,43,78
448,267,41,82
447,267,42,83
447,267,42,81
447,266,43,86
446,266,45,83
446,267,44,81
446,268,44,79
447,268,42,78
446,268,44,76
447,267,42,79
447,268,42,79
446,267,44,78
446,270,44,78
447,268,43,79
447,268,42,81
446,266,45,85
445,267,45,81
446,268,44,82
446,267,43,82
445,266,46,85
445,269,45,78
446,269,43,77
447,268,41,80
446,267,44,83
446,268,44,79
447,267,43,82
447,267,42,82
446,267,44,83
446,268,43,82
446,267,44,80
447,267,43,84
446,267,44,81
448,269,41,78
447,267,42,78
446,269,44,76
448,265,41,82
448,269,41,74
447,267,42,75
446,267,42,79
446,268,44,77
445,267,46,79
445,267,45,81
444,266,47,81
445,267,45,81
446,268,43,78
446,267,44,81
447,268,44,78
443,268,51,82
443,268,52,80
443,268,50,77
439,267,51,80
438,267,52,82
439,266,52,83
440,264,50,84
439,258,48,95
438,257,48,91
434,252,55,77
436,250,48,70
435,243,52,77
435,238,53,74
436,235,52,70
438,231,48,68
439,226,52,71
442,223,47,71
443,222,45,71
444,221,43,70
442,218,44,72
442,219,43,71
436,220,52,69
433,219,64,70
429,220,72,72
424,227,80,61
421,232,84,50
422,238,81,45
422,238,81,45
429,243,73,55
435,244,68,57
442,242,62,62
446,240,57,64
451,242,49,64
452,244,49,63
450,245,50,65
448,245,50,67
445,248,51,65
443,246,48,69
440,252,47,67
437,253,47,70
436,261,46,66
435,266,45,71
437,266,42,73
436,263,42,77
435,265,42,75
435,269,42,73
436,271,42,72
435,271,43,70
434,271,45,70
437,269,40,76
436,270,42,72
436,270,42,73
436,271,42,70
436,270,42,73
436,271,42,71
435,271,43,72
435,271,42,73
437,271,40,72
435,269,43,75
436,270,41,75
435,270,43,73
434,271,46,73
435,270,43,74
435,269,42,74
436,270,42,73
435,270,43,74
436,270,41,75
435,270,44,73
435,270,44,76
435,270,44,76
434,269,45,76
435,270,43,75
435,270,43,75
434,269,45,78
435,270,42,74
434,270,44,73
436,270,42,73
435,269,43,74
436,268,42,79
436,270,42,73
435,270,43,73
435,268,44,77
436,269,42,76
436,268,41,77
436,268,41,78
436,269,42,76
436,268,43,78
437,267,41,79
436,269,43,76
435,268,44,78
434,269,45,76
436,270,42,75
435,269,43,76
436,268,42,77
435,270,44,74
436,270,42,72
436,271,43,71
435,269,44,73
434,268,45,73
433,270,46,71
433,271,47,71
433,270,46,72
435,263,43,82
434,262,45,85
431,260,45,85
426,260,46,81
423,257,44,83
410,256,51,81
410,255,41,79
398,254,45,77
389,249,44,82
356,269,44,79
364,274,47,76
369,273,52,79
379,277,50,76
390,280,46,72
398,279,45,72
401,276,47,73
405,280,46,67
406,275,43,70
405,278,44,64
403,276,44,65
401,276,44,61
402,269,41,67
401,264,41,73
400,265,41,71
401,267,39,67
400,268,39,66
399,267,42,68
400,266,40,68
399,265,42,69
399,265,43,71
402,265,42,70
402,266,46,69
404,266,44,69
405,266,43,71
407,266,40,71
406,265,41,72
405,266,43,70
405,266,43,73
407,267,41,69
406,266,41,71
408,267,39,70
405,265,43,74
405,267,44,70
407,267,41,69
407,265,40,73
407,265,42,72
407,266,41,71
406,268,42,68
407,266,41,71
407,267,41,69
407,267,41,71
407,268,41,68
407,267,40,70
407,266,40,71
407,266,42,74
406,268,42,68
407,268,41,68
407,268,41,68
407,267,40,70
406,267,42,69
407,268,41,68
407,267,41,69
406,267,41,70
407,267,41,69
409,268,38,67
407,265,41,72
406,265,42,72
407,265,40,72
406,264,42,73
406,266,42,71
407,267,40,69
407,266,40,69
404,266,43,67
406,264,40,68
404,263,40,67
398,263,45,65
398,262,42,64
396,261,42,64
394,259,41,66
395,259,38,65
396,259,36,66
394,258,39,66
395,259,38,64
396,260,36,62
367,282,39,64
387,261,42,67
383,277,47,69
387,279,46,68
391,275,48,72
395,274,47,72
397,271,48,74
399,271,45,73
396,270,48,77
399,270,44,77
399,270,45,77
398,271,46,75
398,269,46,78
398,269,46,78
400,270,44,76
398,270,47,76
398,270,46,76
398,271,46,75
400,273,43,72
400,270,44,76
400,272,44,74
400,273,44,73
400,273,44,73
400,273,45,71
402,273,43,73
402,271,43,75
400,271,45,76
402,272,42,74
401,272,45,75
401,270,45,78
401,270,43,78
401,273,43,73
401,272,45,73
400,272,44,73
402,273,42,72
401,268,43,79
400,271,45,74
401,276,48,71
403,274,48,74
406,272,45,78
408,271,44,78
408,272,46,79
411,273,45,79
413,275,46,75
416,273,47,78
419,276,49,75
425,277,48,75
427,274,52,78
432,275,47,76
434,271,49,80
435,273,49,76
438,275,46,72
440,270,44,75
441,271,44,73
443,272,41,70
445,269,39,72
445,269,40,69
446,269,39,69
445,270,40,67
444,268,41,69
445,268,39,68
446,267,37,70
443,267,39,68
443,263,37,72
441,267,38,65
438,266,38,64
434,265,41,65
432,264,39,64
429,264,34,62
429,261,30,64
428,257,27,68
393,263,33,70
389,261,41,73
390,256,39,79
388,259,40,75
379,258,50,75
376,259,54,74
361,257,67,72
384,262,61,70
384,265,52,71
387,267,45,68
389,268,41,66
389,265,40,69
389,266,40,67
389,266,40,67
390,264,39,70
390,266,39,68
390,266,39,67
391,265,37,69
392,265,36,68
390,269,38,62
390,265,39,66
391,264,38,69
390,265,39,68
390,264,38,67
389,263,40,71
389,263,40,72
392,264,40,71
395,266,47,70
400,268,45,72
402,267,47,75
407,268,46,73
411,272,47,68
416,270,46,70
421,270,45,72
422,271,44,69
423,271,42,69
423,266,43,74
421,270,46,70
422,271,45,69
422,271,44,68
424,269,41,72
422,271,45,68
422,270,45,70
421,270,47,71
422,269,45,72
421,269,48,73
422,265,46,77
423,263,45,78
422,266,46,76
421,263,47,80
422,258,47,84
423,256,45,88
422,256,47,89
422,255,47,91
421,257,48,90
422,255,48,92
422,254,47,92
422,256,47,90
423,257,46,87
421,256,49,88
422,258,47,87
422,257,48,88
422,258,47,87
422,258,47,87
421,257,49,88
420,261,49,84
422,257,47,88
420,257,50,88
422,255,48,91
422,258,47,87
422,256,48,90
422,255,48,91
422,255,48,92
422,255,48,92
421,259,48,85
423,256,46,90
422,256,47,88
422,256,47,91
421,260,50,84
422,257,48,89
420,256,50,90
423,257,45,89
423,257,46,89
423,256,48,90
424,258,44,87
424,260,43,82
425,267,41,75
423,268,43,71
425,269,42,72
424,269,42,71
425,269,41,73
425,268,42,73
424,269,42,73
425,269,42,71
425,269,41,72
425,269,41,72
424,267,43,74
426,270,40,70
425,270,41,70
424,269,43,72
425,270,41,70
425,270,42,70
424,269,42,71
424,269,42,73
425,270,41,71
424,270,42,70
425,270,42,70
425,268,41,73
424,269,43,72
424,269,42,72
424,268,42,74
424,268,43,74
425,268,42,74
424,268,43,73
423,269,44,72
424,270,42,69
424,270,43,69
424,270,43,70
424,269,43,70
423,270,44,70
425,268,42,73
424,271,42,68
425,269,41,71
426,269,40,70
426,270,41,71
427,270,39,71
428,268,38,72
426,269,40,71
427,269,39,71
427,268,40,74
426,267,41,75
426,269,41,70
427,268,39,73
427,268,39,72
427,268,39,71
426,269,41,72
427,270,40,71
428,267,41,74
429,268,44,72
430,266,47,59
433,254,48,62
437,247,50,66
440,238,49,69
443,238,49,68
448,241,43,65
448,244,46,62
449,247,46,62
450,252,44,64
450,258,41,66
450,260,38,68
449,263,40,63
449,264,40,63
449,264,41,62
448,264,41,62
449,264,40,62
449,265,40,63
449,263,40,64
449,263,39,65
449,264,40,64
449,264,40,62
449,263,40,64
450,264,38,64
450,262,38,66
449,263,39,66
450,265,39,62
448,262,41,65
449,263,39,65
449,263,39,64
449,264,40,64
449,263,39,66
450,264,37,64
449,262,40,67
450,264,39,63
449,263,39,66
450,263,38,65
450,263,38,64
450,262,37,67
450,263,38,65
450,262,37,66
450,264,38,63
451,262,37,68
449,262,39,66
448,262,41,68
448,264,41,64
449,264,39,63
450,262,38,67
450,262,38,66
449,262,39,67
450,264,38,64
450,262,38,67
449,264,40,65
449,264,39,64
450,263,36,65
450,263,37,65
450,264,38,64
450,262,38,66
449,264,38,63
449,265,39,62
449,265,39,62
449,265,39,61
449,265,40,61
448,266,41,61
448,264,41,62
449,262,39,65
451,262,37,65
450,260,38,69
450,257,38,71
448,259,42,69
449,257,41,71
449,261,40,67
449,259,41,69
448,258,44,70
448,253,45,76
448,251,43,80
449,250,42,81
448,250,43,81
448,249,42,85
447,250,42,81
446,249,43,84
446,249,44,83
445,251,44,82
444,253,46,81
445,249,44,89
443,251,48,85
444,256,44,81
443,256,45,81
442,257,48,85
440,256,49,86
438,258,50,86
436,259,50,87
435,261,48,88
432,260,50,89
429,261,50,90
427,263,50,89
425,262,50,91
423,265,50,89
421,265,48,89
417,267,54,87
417,266,47,89
413,271,50,83
411,272,51,83
411,275,48,79
412,275,46,79
410,277,49,75
411,278,48,74
413,276,44,77
413,275,44,80
412,276,45,78
412,276,45,79
412,276,46,78
411,275,46,79
410,276,49,78
412,276,45,78
411,275,46,78
412,276,45,78
413,276,45,77
413,276,44,78
413,275,44,80
411,274,47,80
412,278,45,75
412,275,46,79
412,276,45,78
412,276,45,77
410,275,47,79
411,276,46,79
412,275,45,79
412,273,45,82
413,275,44,79
412,276,45,77
412,276,45,78
411,275,46,80
411,277,47,76
413,275,44,79
411,277,47,77
413,276,44,77
413,276,44,78
413,276,44,77
413,276,44,79
413,275,44,79
413,274,45,83
412,274,45,80
412,275,45,79
412,274,45,80
411,276,47,76
412,273,46,81
413,273,46,79
415,274,45,76
417,276,45,73
417,275,47,73
416,273,48,72
415,266,46,78
414,265,46,75
410,265,44,69
406,263,42,69
402,260,41,69
397,260,43,68
393,259,44,64
393,259,38,62
393,258,34,64
361,280,43,67
369,277,45,70
375,276,47,73
382,274,44,76
386,273,46,79
392,274,44,77
393,274,44,77
395,275,44,76
395,276,46,74
395,275,46,76
396,274,45,77
396,273,45,78
396,273,44,78
395,273,47,79
397,272,44,80
397,270,43,81
396,270,44,81
394,271,47,80
394,272,47,81
394,273,48,78
394,273,48,78
396,274,44,77
395,272,44,78
396,273,44,78
395,273,47,78
395,274,46,77
395,273,45,78
396,273,46,77
396,274,45,77
397,274,42,77
398,273,42,77
397,275,43,75
398,275,42,75
397,276,43,72
396,274,45,77
395,273,46,78
394,270,49,81
399,272,45,80
403,271,49,81
405,273,50,80
408,272,49,79
411,272,49,79
415,277,49,72
419,277,48,72
421,274,48,75
425,274,44,73
426,271,43,75
427,271,45,75
428,270,43,73
428,268,43,73
428,268,42,72
427,268,42,69
426,269,43,67
428,268,40,69
428,267,40,69
428,266,41,70
428,266,41,71
428,265,41,72
427,266,41,70
427,267,40,68
427,267,40,69
428,267,39,69
427,269,41,68
428,269,40,67
426,267,43,73
425,267,45,72
427,267,41,72
426,266,42,72
427,267,41,72
426,268,43,70
427,267,42,71
427,267,43,70
427,267,42,71
428,267,40,71
426,268,44,68
427,267,43,71
428,268,41,70
428,268,41,70
427,267,43,71
426,267,44,71
428,267,41,70
428,266,41,71
427,267,42,70
427,268,42,69
426,268,44,69
427,267,42,69
427,269,43,68
427,269,42,68
426,267,44,69
427,268,43,68
427,268,42,69
427,267,43,71
427,269,43,67
427,267,41,70
427,266,43,71
427,268,42,69
427,267,43,70
428,267,41,70
428,267,41,70
428,268,40,69
429,267,39,69
427,268,41,68
428,268,40,69
426,267,43,69
427,268,43,69
424,269,52,68
419,270,53,67
411,267,63,74
411,268,58,70
404,267,63,68
394,269,71,63
388,266,63,65
380,263,63,65
380,263,63,65
380,263,63,65
320,263,55,72
217,254,53,73
211,254,52,72
200,259,58,67
197,256,55,71
193,256,53,72
189,256,54,71
188,257,55,68
187,256,54,70
188,255,54,70
188,258,55,66
190,256,53,68
191,255,53,70
194,254,51,71
192,253,54,72
198,254,48,70
198,253,48,70
196,254,52,69
200,255,51,68
199,254,52,70
199,256,55,67
199,257,53,68
199,258,53,69
199,256,52,74
197,257,57,74
206,257,49,78
207,259,50,76
217,260,44,79
219,261,49,80
219,265,53,80
221,266,57,80
241,263,45,85
243,266,49,85
251,270,45,80
254,268,46,83
256,268,46,83
257,267,45,85
257,266,45,86
256,267,46,86
256,270,46,81
257,265,44,88
257,261,46,93
254,263,51,90
253,259,54,94
254,263,52,89
253,262,55,90
255,263,52,89
255,260,51,92
255,263,53,90
256,265,49,89
256,266,48,87
255,266,48,87
255,268,47,83
256,269,45,83
257,267,45,85
257,267,45,87
258,265,44,87
257,269,45,83
258,267,43,84
258,268,43,84
257,268,44,86
252,270,58,85
259,267,61,85
262,266,58,87
269,265,46,89
271,265,46,87
291,257,31,98
286,259,37,97
289,262,30,94
303,260,38,97
301,257,49,100
303,258,56,101
302,258,61,100
303,263,63,94
307,258,56,100
310,268,55,88
312,284,51,71
309,292,55,62
311,293,51,60
310,292,52,62
310,294,53,60
310,293,53,60
312,294,51,58
312,293,50,58
300,276,59,69
309,289,53,63
364,280,58,74
365,282,70,72
382,283,64,70
391,285,69,69
397,287,72,67
409,288,70,66
416,288,72,66
421,287,71,68
428,287,69,70
434,288,63,68
438,287,56,69
440,285,54,72
440,286,53,71
442,285,51,72
441,286,51,70
443,285,48,70
441,284,50,71
441,284,49,70
442,285,51,69
442,284,49,70
444,286,48,69
443,286,49,69
444,285,48,70
442,286,51,70
442,286,49,68
441,285,50,70
440,286,53,69
440,287,53,67
442,285,51,71
442,286,48,69
443,286,48,68
443,286,48,69
442,286,49,68
441,285,52,70
441,285,52,71
442,285,49,70
442,285,50,70
440,285,52,69
443,284,48,72
443,285,47,70
442,287,50,67
442,286,50,69
443,285,49,71
442,285,50,71
440,284,53,72
440,287,53,68
440,286,53,70
441,286,51,69
445,284,45,73
442,285,49,71
442,285,50,71
443,284,48,72
444,285,46,70
441,286,51,68
441,286,51,70
443,286,49,70
442,286,50,69
441,286,51,70
446,287,44,65
443,287,48,67
442,287,50,68
443,287,48,68
442,286,50,68
443,284,49,71
443,284,50,70
444,284,51,71
446,285,49,72
447,287,51,69
445,286,52,71
443,284,51,75
442,281,54,75
441,280,58,77
439,276,62,77
437,272,64,79
437,269,62,78
434,267,61,76
433,263,62,75
430,259,66,74
433,258,61,69
431,253,67,67
436,249,62,63
438,245,64,63
437,245,67,58
439,247,69,54
441,247,66,54
442,246,63,54
436,238,65,63
434,233,62,68
429,233,65,67
428,231,59,69
428,230,48,72
425,233,48,70
422,238,48,65
348,266,45,78
423,242,45,66
420,243,46,64
421,242,43,61
420,238,42,62
422,238,42,63
422,240,44,67
416,247,51,65
416,251,55,64
426,254,44,62
426,254,45,63
427,255,42,65
428,259,40,65
425,262,45,69
427,263,44,68
429,265,43,65
431,263,42,70
432,263,41,70
431,263,40,69
429,261,40,73
429,262,39,76
429,264,39,72
430,265,41,69
431,264,43,70
433,264,41,71
434,264,39,74
432,264,40,73
430,263,40,74
431,264,37,72
432,264,36,71
432,264,38,70
431,263,40,73
430,262,43,74
429,265,42,69
431,264,39,73
430,265,41,71
431,265,40,70
428,264,44,70
428,264,42,71
428,264,42,69
429,264,44,69
431,264,39,75
432,263,39,81
430,263,40,89
428,262,43,91
427,261,44,93
421,263,51,91
416,265,55,89
412,264,58,90
427,262,46,91
428,261,44,81
429,265,43,74
429,266,42,70
428,264,44,72
431,263,39,74
429,265,43,71
429,265,42,70
429,263,43,72
428,265,45,70
430,264,40,71
431,264,40,71
430,263,40,74
430,264,40,73
430,263,41,75
431,263,40,76
430,264,41,72
431,264,40,74
431,264,39,73
431,265,39,70
430,263,40,75
431,262,39,78
431,263,40,76
430,263,40,74
431,264,39,72
431,263,39,74
431,263,38,74
431,264,39,73
431,264,40,72
431,265,39,71
429,263,43,74
430,265,41,71
431,266,39,68
431,265,39,72
431,264,39,75
431,264,39,74
430,264,41,72
430,265,42,71
431,265,40,72
431,264,38,74
430,264,41,74
431,265,40,72
431,266,38,71
430,264,41,74
431,265,40,71
431,264,40,73
429,264,42,73
430,265,42,71
430,263,40,76
431,264,39,75
431,263,38,75
430,264,41,74
430,264,41,74
431,264,39,74
431,264,39,75
430,264,41,75
431,263,39,77
431,264,40,74
432,264,39,74
432,264,39,75
431,264,41,74
431,264,40,75
431,264,40,74
431,263,40,76
431,264,41,75
431,263,39,79
431,263,40,77
431,263,40,76
431,264,40,75
431,264,40,75
431,263,39,77
430,264,40,73
431,263,39,76
431,263,39,77
431,263,39,76
431,262,39,79
431,263,40,77
430,264,40,74
431,264,39,74
431,263,38,76
431,263,39,75
431,265,40,72
431,264,39,74
431,263,39,75
432,264,38,73
431,264,39,74
430,263,40,74
431,265,40,72
431,264,40,74
430,265,40,71
431,264,39,73
431,265,40,72
430,265,40,72
