333,84,23,96
333,82,28,97
335,82,26,99
332,80,33,101
337,87,28,99
329,78,26,96
333,83,26,92
332,84,30,97
329,89,30,94
333,84,28,102
330,82,28,103
331,88,31,98
330,83,34,106
330,86,34,103
331,88,29,97
327,87,34,103
330,89,36,99
319,82,41,98
326,81,35,102
332,87,36,98
336,86,28,103
331,81,31,105
330,72,35,108
331,73,30,112
335,71,30,116
333,71,29,117
334,71,31,118
331,68,33,119
334,67,35,119
334,72,32,118
336,65,30,125
340,58,26,132
338,61,30,125
335,68,32,117
338,65,34,121
337,62,38,128
341,54,35,135
338,56,30,128
338,49,35,133
337,49,42,133
328,45,57,132
343,49,43,136
341,50,44,138
329,42,62,142
319,41,79,133
345,40,58,146
343,42,66,136
335,45,76,123
356,41,84,135
365,39,74,149
372,32,60,158
374,25,59,152
376,34,60,166
384,46,48,158
378,45,45,161
400,53,43,148
400,55,38,149
402,59,35,148
396,62,37,139
426,59,32,140
408,66,27,137
403,74,31,129
425,56,32,130
420,52,39,126
423,53,39,132
429,50,38,136
432,54,53,136
440,60,51,134
430,65,53,124
434,61,53,128
444,71,50,118
431,67,64,121
442,72,56,119
431,61,59,130
415,61,59,128
420,52,69,138
430,58,54,138
433,63,68,133
419,59,62,136
426,68,69,128
430,66,79,129
432,71,78,134
449,77,57,154
469,89,57,160
472,91,56,173
472,83,47,182
478,73,45,189
482,71,40,185
482,77,44,180
482,77,44,180
488,68,34,169
488,68,34,169
488,68,34,169
488,58,35,172
413,61,48,156
480,74,47,140
482,79,37,141
482,79,37,141
497,74,36,138
501,74,26,135
411,88,39,129
414,96,37,126
497,78,25,128
416,100,29,116
482,98,30,105
482,98,30,105
503,100,25,109
503,100,25,109
513,113,25,107
513,113,25,107
513,113,25,107
513,113,25,107
513,113,25,107
513,113,25,107
423,127,29,98
480,106,37,104
484,110,34,104
489,107,32,111
489,107,32,111
490,111,32,111
490,111,32,111
486,109,37,116
498,113,35,118
473,109,47,126
474,107,50,127
480,96,45,135
480,104,47,134
457,99,68,141
467,89,61,147
470,98,57,139
473,90,49,150
459,85,46,150
465,83,44,141
460,82,52,149
462,78,53,151
465,80,56,160
468,70,54,174
450,52,60,178
457,77,65,179
461,72,66,172
448,66,62,165
454,30,63,191
446,81,73,182
443,30,87,202
442,22,95,219
417,-16,108,219
416,43,114,220
416,43,114,220
416,43,114,220
304,60,111,262
331,33,91,296
333,59,114,270
335,35,132,290
335,35,132,290
466,3,119,279
439,6,105,309
471,0,145,321
492,10,114,348
489,0,142,365
434,-55,155,376
454,-37,154,383
482,-30,124,396
499,-11,123,389
449,-8,121,356
477,-18,84,362
475,15,78,336
466,-12,96,360
464,-12,83,373
464,0,72,355
455,-3,73,347
450,0,86,321
448,19,110,305
410,20,94,319
440,0,100,322
451,-10,106,337
459,4,81,309
448,-2,98,309
449,1,81,293
456,2,74,314
459,-23,80,331
455,1,74,326
448,-19,101,350
461,-18,68,335
466,-31,62,330
462,-8,70,350
464,-28,71,376
466,-29,74,374
461,-56,98,386
464,-53,108,406
476,-26,124,386
504,-13,108,380
454,-31,132,389
409,-43,94,415
459,-49,93,413
464,-45,82,413
474,-37,83,420
474,-49,98,418
486,-35,110,417
451,-62,80,434
456,-43,98,411
468,-35,82,403
475,-30,71,376
472,-42,68,380
473,-40,71,369
476,-46,86,389
482,-44,79,416
479,-64,78,425
481,-30,108,404
481,-16,156,382
417,-61,201,387
430,-53,222,442
316,-35,195,411
380,-45,232,400
435,-52,227,435
285,-35,238,415
342,-61,256,443
363,-59,333,464
386,-75,268,488
243,-61,307,476
254,-71,348,496
306,-76,342,500
240,-79,367,469
295,-83,339,480
288,-66,374,457
188,-49,436,419
231,-31,458,394
158,-63,472,430
287,-86,381,475
208,-94,431,500
315,-69,346,437
224,-59,386,412
237,-74,406,456
170,-75,473,472
195,-56,387,417
251,-103,387,495
202,-78,429,493
212,-93,449,483
196,-33,440,379
268,-56,404,433
190,-32,466,395
270,-85,386,462
203,-41,393,425
178,-78,471,483
141,-66,550,461
64,-41,559,402
158,-30,490,382
145,-60,508,437
84,-28,544,375
114,-63,557,450
75,-19,529,391
157,-68,510,469
127,-18,527,401
102,-62,553,441
146,-65,529,446
124,-21,575,387
71,-38,623,414
72,-40,659,401
41,-23,666,398
54,-64,615,404
188,18,477,333
161,-20,530,393
129,-64,574,431
145,36,506,330
136,-12,512,372
98,-26,553,396
84,-38,567,389
111,-79,530,454
100,-21,585,413
124,-58,517,422
92,-45,550,373
139,-34,511,362
120,-54,545,425
135,-45,513,393
78,-35,579,369
128,-56,524,395
89,-43,576,406
75,-35,578,369
63,-47,598,369
69,-33,613,361
55,-42,630,380
59,-35,628,382
90,-40,560,368
105,-24,538,349
140,-31,492,351
114,-24,542,346
141,-19,532,353
93,-50,567,384
180,-60,481,412
174,-51,438,393
199,-53,447,366
146,-34,530,393
131,-24,522,352
133,-47,520,398
130,-26,532,340
111,-53,579,396
130,-38,539,384
165,-46,532,386
153,-52,512,384
116,-32,586,364
58,-29,643,358
24,-34,651,350
64,-65,615,420
109,-60,571,429
77,-34,592,391
67,-36,608,358
107,-41,555,366
117,-14,561,350
92,-40,583,370
103,-39,571,366
69,-39,616,378
163,-2,538,354
162,-32,520,385
154,-34,546,383
119,-30,576,418
89,-41,611,405
90,-33,603,403
116,-22,588,376
170,-51,538,431
134,-45,545,423
106,-30,588,374
88,-37,596,387
162,-9,513,353
124,-28,570,359
128,-29,557,380
76,-22,619,357
99,-2,595,355
78,-24,608,380
74,-33,606,378
122,-42,570,407
118,-60,563,415
86,-31,614,391
105,-18,599,371
151,-50,553,409
129,-45,556,412
174,-54,532,394
136,-41,548,390
151,-38,532,406
124,-24,566,372
118,-32,577,389
74,-31,615,389
74,-37,607,388
75,-26,630,394
57,-28,650,382
66,-22,615,378
63,-33,617,382
102,-31,600,383
118,-24,584,377
113,-43,593,404
83,-25,644,395
57,-24,647,381
1,-36,693,401
53,-61,658,432
69,-46,647,419
37,-43,675,408
87,-53,598,392
139,-41,555,405
93,-62,578,417
81,-45,599,375
66,-51,623,380
57,-34,635,381
51,-49,613,402
73,-56,611,385
92,-48,590,392
104,-22,572,353
61,-23,610,344
87,-30,582,345
108,-45,557,379
152,-47,507,365
119,-29,546,331
134,-26,532,321
134,-18,530,351
136,-45,525,376
106,-26,554,345
108,0,551,332
118,-18,538,323
116,-27,562,389
111,-36,571,370
84,-27,566,353
83,-23,558,359
76,-56,558,377
113,-54,549,385
118,-58,562,409
85,-36,564,388
96,-43,553,382
182,-43,494,372
146,-49,534,374
97,-28,561,347
128,-31,551,347
116,-32,558,354
135,-36,538,362
114,-23,562,352
126,-38,526,366
87,-53,566,406
119,-34,491,393
155,-54,512,383
150,0,481,339
164,-25,472,360
124,-46,498,382
162,-39,459,406
151,-60,504,385
119,-36,520,382
142,-28,512,384
151,-28,506,351
133,-20,515,352
91,-42,572,372
84,-40,577,385
83,-31,566,369
60,-10,608,354
96,-46,570,405
62,-31,610,369
38,-40,616,374
44,-41,630,400
36,-71,649,409
8,-66,665,411
1,-64,659,390
103,-17,616,358
-6,-31,682,372
38,-55,634,394
25,-42,641,388
65,-37,602,373
35,-28,649,353
57,-27,586,350
87,-43,563,401
56,-72,601,444
57,-43,622,386
42,-44,589,382
45,-32,583,354
71,-22,582,341
34,-2,614,330
69,-39,555,379
29,-49,602,388
98,0,541,356
132,-57,521,404
73,-26,596,385
55,-18,596,357
54,-36,595,371
46,-40,622,384
75,-49,606,384
52,-28,619,375
102,-42,563,390
103,-10,501,372
105,-11,518,360
81,-28,563,377
70,-39,572,381
112,28,533,320
144,-23,494,369
116,-42,557,397
92,-18,518,357
126,-18,477,400
190,-43,436,421
184,-28,449,367
157,-39,508,392
119,3,472,330
160,-24,464,375
169,-38,476,401
181,-36,431,403
118,-22,449,380
103,-5,466,337
120,-22,513,360
91,-34,543,352
61,-24,591,339
36,-28,612,343
-6,-26,668,340
28,-33,618,340
5,-28,644,347
17,-40,635,370
84,4,557,330
80,-49,598,389
60,-38,620,367
14,-31,631,365
77,18,583,318
63,-38,619,374
68,-22,589,353
100,-36,527,369
89,-50,547,446
111,-44,531,416
130,-40,522,400
93,-20,527,363
82,-34,552,345
65,-46,587,389
21,-48,626,368
83,-72,577,404
19,-57,629,400
68,-59,596,394
44,-40,607,363
144,-54,520,411
105,-21,583,352
62,-28,606,339
0,-41,671,387
17,-46,645,388
77,-51,570,407
180,-9,518,359
43,-28,559,373
46,-61,550,403
38,-56,574,400
105,-7,558,359
107,-60,551,409
88,-58,581,408
89,-33,534,354
101,-35,536,363
130,-47,483,352
146,-28,434,341
133,27,477,320
140,-15,491,364
157,-15,487,350
121,-36,541,404
81,-30,555,383
46,-47,616,412
68,18,608,346
132,-24,535,384
78,-60,615,457
72,-55,571,408
117,-17,550,358
39,-57,626,444
39,-52,648,417
42,-50,629,409
61,-45,594,397
89,-22,550,363
112,-66,536,425
99,-44,558,393
89,-51,571,377
160,-56,501,403
140,-32,525,371
105,-9,515,345
146,-27,481,359
138,53,474,302
157,21,472,334
169,-34,476,400
124,1,497,311
185,-39,457,400
249,-3,391,378
153,-22,465,377
163,-41,485,393
137,-32,488,370
110,-38,523,379
119,-24,539,378
76,-23,504,362
65,-42,537,369
54,-30,583,336
78,-25,567,349
114,-41,551,350
89,-40,569,366
163,-65,512,418
87,-39,577,378
28,-46,646,398
24,-58,627,408
88,-74,569,434
146,-59,483,390
78,-39,565,366
67,-34,582,363
31,-31,625,371
24,-51,624,387
40,-44,603,377
63,-53,593,387
28,-43,619,368
55,-43,556,381
70,-42,553,379
113,-52,541,398
101,-53,552,397
73,-40,557,388
44,-42,613,366
63,-56,585,409
71,-53,602,378
111,-21,533,326
114,-37,544,356
95,-31,572,353
37,-58,627,406
40,-72,607,405
40,-64,604,404
34,-61,612,409
72,-58,568,414
129,-62,544,383
123,-55,569,392
55,-41,629,377
73,-46,610,379
61,-53,630,377
104,-69,575,374
165,-64,555,403
72,-41,555,388
115,-38,572,371
172,-58,557,397
58,-28,618,341
34,-49,687,353
100,-33,625,353
106,-33,614,352
80,-24,645,353
148,-44,573,387
72,-45,649,386
42,-38,661,354
1,-52,727,382
-41,-65,743,396
-40,-65,793,393
-38,-96,757,440
-8,-73,705,398
73,-70,620,407
90,-66,610,393
87,-63,658,385
13,-57,704,382
0,-59,703,369
55,-19,643,347
26,-32,677,364
45,-65,649,388
61,-62,654,407
34,-53,705,371
81,-59,652,397
21,-69,701,411
28,-47,699,397
64,-53,673,371
18,-58,724,390
-5,-66,760,394
11,-72,709,395
69,-99,654,426
16,-92,656,439
22,-79,674,421
66,-69,642,398
63,-50,646,383
44,-36,671,350
18,-39,696,372
-11,-46,717,378
51,-81,688,428
103,-82,626,432
84,-62,639,396
124,-54,579,387
103,-35,601,368
156,-19,561,348
115,-19,600,346
95,-31,608,358
105,-24,608,347
55,-20,658,353
16,-37,684,371
18,-52,676,384
-5,-34,725,364
-5,-40,705,376
28,-45,667,387
-1,-41,704,387
67,-32,627,366
111,-41,587,379
49,-15,650,345
-4,-54,712,407
26,-53,663,412
49,-34,655,399
48,-24,660,365
82,-26,594,367
93,-29,597,382
43,-31,658,377
59,-32,646,371
31,-30,678,381
60,-42,662,403
61,-56,650,418
111,-56,606,417
120,-28,552,355
142,-21,550,341
112,-6,566,343
167,-35,533,360
144,-27,552,366
90,-34,601,384
59,-42,639,388
140,-61,584,425
143,-52,548,386
108,-26,578,367
57,-27,641,352
65,-30,629,368
70,-15,644,344
20,-24,692,364
60,-60,646,393
65,-45,643,381
79,-41,633,370
85,-47,623,375
68,-36,645,362
46,-46,650,352
-4,-61,682,395
37,-75,630,381
4,-68,666,394
18,-64,644,374
19,-56,634,376
98,-32,547,375
62,-33,619,355
70,-37,615,351
51,-53,620,373
56,-54,624,368
59,-54,609,372
82,-68,606,389
58,-44,619,374
72,-49,591,364
91,-64,578,389
55,-50,604,383
34,-50,628,375
84,-64,575,397
45,-67,624,395
0,-71,669,409
-5,-68,684,400
