369,261,48,41
369,263,46,37
366,261,50,39
365,261,54,38
357,260,60,38
353,262,59,37
350,259,56,39
346,251,54,46
346,251,39,43
346,251,39,43
346,251,39,43
346,251,39,43
328,220,43,36
328,220,43,36
325,209,52,39
330,209,47,35
330,209,47,35
338,201,52,41
338,201,52,41
346,196,45,46
350,191,45,46
347,184,52,51
346,187,52,43
349,184,48,53
351,190,44,44
352,192,45,52
353,198,46,51
358,205,43,54
358,209,47,54
363,212,45,55
362,213,47,60
369,227,49,56
374,228,42,53
377,233,39,47
383,241,41,46
385,244,40,43
386,245,39,44
386,246,44,45
388,249,42,45
386,247,47,47
388,247,44,46
392,250,41,42
387,248,45,47
389,250,45,41
392,255,43,33
390,252,43,40
396,254,38,38
389,253,46,42
387,248,50,51
387,249,50,44
391,253,43,47
393,253,45,44
393,254,51,45
395,256,49,43
399,257,45,42
394,258,48,41
398,259,42,41
396,260,46,40
382,239,42,31
396,266,44,32
391,264,48,33
391,263,48,31
386,262,48,33
379,255,54,36
383,242,47,39
386,229,42,45
395,218,43,49
401,209,47,42
405,195,47,47
416,185,41,44
416,172,46,49
415,168,52,43
413,164,52,43
415,161,46,43
418,159,42,43
417,155,42,42
415,153,44,38
414,151,43,40
413,145,43,44
410,146,49,42
410,147,46,41
407,148,50,44
404,149,46,42
400,150,49,44
393,152,53,44
385,153,51,43
379,152,54,44
370,151,54,47
367,152,46,46
361,153,52,47
352,153,53,51
348,154,51,49
349,153,43,54
343,155,50,51
345,157,48,49
348,162,47,43
346,164,54,38
345,164,54,40
350,160,50,49
353,163,51,48
364,165,56,42
362,164,62,41
382,165,55,45
394,168,58,47
415,173,49,44
424,182,56,47
442,190,60,47
463,196,59,47
487,204,59,42
507,204,68,40
541,199,57,48
550,196,58,45
562,194,64,44
569,194,66,41
589,192,56,37
589,192,56,37
589,192,56,37
589,192,56,37
589,192,56,37
589,192,56,37
589,192,56,37
589,192,56,37
589,192,56,37
589,192,56,37
589,192,56,37
589,192,56,37
589,192,56,37
589,192,56,37
589,192,56,37
589,192,56,37
589,192,56,37
589,192,56,37
604,194,47,38
596,201,43,35
590,204,42,37
543,200,45,41
519,196,46,46
484,192,51,52
453,187,60,46
430,180,53,47
413,174,52,44
385,168,50,41
370,158,51,42
356,157,48,40
342,149,47,41
327,144,50,41
323,143,40,36
320,142,44,35
321,138,48,42
325,139,52,44
323,139,60,43
334,140,61,44
352,141,51,46
364,141,50,46
383,146,41,40
402,150,47,40
422,153,47,42
434,155,57,41
452,155,62,44
476,157,57,45
491,159,61,44
510,160,69,45
534,161,67,45
555,163,66,42
577,160,61,46
594,163,52,39
601,165,42,44
610,167,44,38
614,170,40,29
614,170,40,29
614,170,40,29
614,170,40,29
614,170,40,29
614,170,40,29
614,187,37,30
613,192,29,28
610,189,31,28
605,197,32,26
605,197,32,26
566,211,36,29
532,226,36,30
516,223,33,37
529,223,30,45
499,226,35,48
477,229,44,49
451,232,54,46
429,232,58,49
408,238,68,44
392,239,68,43
378,239,64,41
367,240,54,44
365,241,50,43
356,246,40,37
348,251,41,33
347,251,39,33
344,249,39,37
342,249,38,40
337,245,45,38
344,246,39,36
342,241,45,42
341,239,48,43
348,238,49,43
350,237,54,43
352,232,55,48
369,230,45,48
377,229,51,42
386,227,59,42
395,229,67,42
405,229,72,44
417,230,69,45
437,230,62,44
449,230,64,42
463,229,57,45
476,228,55,47
489,231,54,44
499,229,53,42
506,225,59,47
513,222,64,49
515,224,72,48
519,224,75,45
519,223,79,44
522,222,80,46
523,222,78,47
523,223,73,49
523,223,66,48
515,228,59,49
516,234,51,39
500,235,59,44
488,235,67,43
480,233,70,47
468,232,73,48
465,233,71,45
451,235,73,42
450,234,70,44
442,233,73,47
444,234,65,47
437,235,59,47
427,235,61,48
421,238,54,42
421,238,48,42
414,236,43,43
416,234,37,44
413,230,35,40
408,228,40,39
408,226,38,40
407,225,41,38
404,222,46,39
399,220,54,39
398,218,59,41
397,217,68,43
400,214,66,50
413,214,52,54
426,220,41,45
436,220,42,49
444,228,47,41
452,230,47,44
458,233,52,49
466,238,58,49
473,242,61,48
478,246,70,44
486,245,71,47
495,244,67,47
502,243,61,47
513,243,56,45
520,242,56,46
522,237,58,49
522,236,62,46
520,235,64,45
513,234,73,46
512,233,75,45
515,232,68,45
512,232,63,42
501,228,71,45
499,225,70,44
489,225,68,41
488,218,59,46
485,218,50,39
482,213,48,43
475,209,49,43
470,211,54,33
465,208,54,34
462,205,53,36
458,200,53,41
454,198,57,41
455,200,51,38
456,200,49,38
454,199,51,39
456,199,45,40
460,201,39,37
463,199,37,41
464,198,39,40
464,198,46,38
465,198,49,41
465,199,56,43
466,201,59,45
470,204,59,40
474,205,62,39
478,206,61,38
481,208,60,41
488,207,54,46
491,210,53,44
495,210,53,47
501,211,53,48
504,214,55,45
501,209,64,53
501,206,68,56
501,202,70,58
498,202,74,58
497,204,71,54
492,199,73,57
493,200,67,51
491,195,59,57
490,193,54,60
486,190,50,61
481,188,48,57
480,190,45,54
467,188,51,51
462,185,53,47
458,179,51,44
452,175,52,39
448,173,50,36
445,164,49,39
441,159,53,34
439,155,49,37
439,154,44,36
439,155,42,33
435,155,39,33
431,156,39,32
430,155,30,32
429,154,25,36
427,154,27,39
418,155,32,37
412,158,36,32
409,159,36,31
406,160,33,31
399,160,36,32
397,160,32,33
396,163,31,33
383,163,36,32
383,163,36,32
383,163,36,32
383,163,36,32
383,163,36,32
383,163,36,32
383,163,36,32
383,163,36,32
383,163,36,32
383,163,36,32
383,163,36,32
361,137,33,30
363,135,32,34
360,134,38,36
359,134,40,34
371,128,30,38
369,124,38,43
376,123,33,40
374,123,40,42
385,117,41,38
392,112,44,39
398,106,49,39
405,98,53,43
416,94,61,42
424,89,60,44
440,83,58,47
452,80,54,45
466,75,51,55
477,76,54,56
486,79,59,54
498,83,62,55
509,91,66,51
514,94,71,55
525,91,61,60
531,83,53,68
528,80,56,67
525,77,61,65
517,74,66,58
513,77,67,53
510,76,63,59
510,80,57,54
499,84,52,53
484,88,55,57
476,96,48,53
461,103,55,49
448,110,58,46
443,115,50,47
432,121,49,43
423,126,44,42
418,132,38,38
411,133,39,40
397,136,46,36
388,140,51,33
382,143,49,30
379,144,43,28
380,141,35,31
378,140,31,33
375,142,37,30
374,139,32,31
372,139,37,27
370,136,43,29
371,135,44,27
373,132,41,30
378,135,36,26
384,135,32,31
389,135,34,35
395,137,37,37
395,137,41,41
401,144,47,37
409,145,53,40
418,147,55,39
430,144,53,42
443,142,52,43
458,134,47,45
468,128,48,51
478,122,56,51
486,111,63,56
498,98,63,61
510,91,67,57
520,81,72,55
531,75,75,54
528,69,78,58
540,59,69,69
542,60,70,66
540,63,67,62
539,66,67,64
530,72,82,67
529,79,76,66
515,85,78,62
517,88,67,61
504,95,57,54
484,100,62,56
466,108,68,54
454,112,66,55
444,119,59,50
442,122,53,49
430,125,51,48
421,127,44,48
411,131,42,45
404,136,44,37
396,138,46,35
390,136,45,36
386,138,43,36
383,139,41,34
383,135,33,38
383,137,29,37
380,138,29,34
376,136,32,33
375,136,36,32
373,136,39,31
376,136,40,34
380,137,35,31
385,137,30,35
388,139,28,39
386,144,35,36
392,145,39,35
392,146,46,36
403,148,44,39
402,152,53,32
409,151,53,33
416,149,52,35
424,143,56,42
441,135,51,48
448,131,52,50
456,120,53,55
462,113,60,57
475,102,56,64
481,91,67,70
491,84,73,68
488,76,92,74
497,69,84,74
506,67,74,73
513,65,65,74
508,61,68,83
503,63,72,83
495,70,75,79
485,78,83,77
483,89,79,68
476,93,84,62
473,97,77,62
471,99,71,63
458,109,65,60
446,120,62,57
440,129,61,54
424,142,71,49
419,146,63,48
410,148,65,46
402,151,58,41
400,150,50,37
399,149,42,34
394,146,38,35
391,143,39,36
387,141,41,33
388,138,37,32
387,135,39,32
383,129,36,34
381,129,37,32
381,128,35,34
383,132,29,35
383,134,33,33
383,140,37,29
381,140,41,31
383,144,44,29
385,147,44,28
392,147,42,29
394,148,43,32
402,149,41,37
411,149,33,40
416,148,36,40
421,147,35,39
428,145,43,39
438,146,53,38
436,142,65,43
445,139,68,48
461,132,56,58
472,130,53,54
478,131,50,50
483,127,48,54
483,125,52,52
488,120,47,58
482,117,58,56
478,121,69,45
463,121,80,45
456,119,88,55
456,121,74,54
443,119,66,60
433,122,63,62
414,126,68,60
395,131,76,59
379,138,79,54
365,140,75,54
351,141,72,54
335,145,63,50
328,146,56,50
315,143,54,54
307,147,46,46
294,143,45,42
294,143,45,42
275,129,48,45
272,121,47,44
273,116,40,40
264,101,46,36
263,91,39,43
259,85,46,41
260,83,45,38
260,77,49,39
260,74,48,44
265,77,46,37
276,80,41,39
288,80,39,42
296,86,37,37
302,90,41,37
319,95,48,41
332,103,47,37
356,107,43,41
380,106,40,39
393,105,43,42
415,108,43,41
433,109,52,37
455,105,60,38
482,105,53,35
502,103,50,36
521,103,52,35
540,100,62,42
555,101,65,40
575,100,59,40
589,99,51,40
601,102,42,35
611,105,31,31
617,107,24,28
623,105,25,28
623,105,25,28
620,118,23,28
619,125,18,23
615,129,17,27
611,134,20,30
602,139,26,35
584,140,26,42
562,149,33,43
558,150,42,44
519,158,53,48
497,159,57,49
467,164,68,43
441,165,73,46
425,165,61,48
400,160,55,52
377,161,58,47
355,160,58,38
338,154,50,42
313,146,57,46
295,138,71,51
283,133,74,64
263,124,89,59
265,129,78,49
249,129,71,42
252,128,64,41
256,128,55,41
260,130,50,44
266,134,46,45
271,133,39,45
272,133,40,49
276,134,40,49
288,131,40,49
299,137,42,48
310,136,54,54
317,140,55,48
333,141,58,49
355,153,58,41
382,152,52,42
404,153,47,40
428,154,47,39
449,156,49,36
460,153,58,40
476,152,71,42
493,154,79,42
511,153,83,42
529,151,81,43
542,149,82,42
560,145,73,46
572,144,63,43
584,138,57,46
591,141,48,35
590,140,48,44
592,138,44,46
588,145,49,48
582,151,55,42
568,156,64,46
564,158,64,46
549,164,58,45
532,168,56,46
504,171,60,47
484,171,61,48
457,173,62,44
428,170,70,43
403,162,67,45
382,152,60,40
366,140,50,43
338,125,54,51
325,117,46,41
301,105,54,42
286,96,50,39
270,87,49,37
258,81,46,39
252,77,39,44
242,74,36,45
239,76,29,41
232,74,31,44
226,76,34,45
220,82,35,42
219,91,40,38
218,103,43,31
220,112,39,34
220,112,39,34
220,112,39,34
220,112,39,34
220,112,39,34
220,112,39,34
220,112,39,34
220,112,39,34
138,143,41,31
128,137,48,35
118,136,57,34
120,134,61,35
119,128,57,43
121,129,56,42
122,124,52,51
122,123,51,47
120,126,58,45
121,125,56,45
123,123,52,48
123,124,51,47
124,125,50,50
123,119,54,56
124,123,51,49
123,121,52,51
123,123,52,49
122,124,52,49
118,125,57,46
120,124,61,49
123,121,53,49
125,124,50,49
120,124,54,50
121,125,53,46
122,125,52,46
121,125,54,47
121,127,58,46
121,125,57,47
120,126,61,47
123,124,54,48
121,125,57,46
120,124,54,45
122,124,53,48
123,125,49,47
122,126,51,47
122,129,55,42
122,127,57,46
122,123,53,49
123,124,50,52
121,129,58,42
121,128,59,41
121,126,56,47
118,126,62,46
116,126,68,44
119,124,58,49
117,123,63,48
120,122,57,52
120,120,56,54
122,124,56,47
120,120,59,53
122,125,55,48
121,128,58,41
120,127,56,43
119,125,59,48
121,125,54,47
125,126,50,47
122,126,54,46
120,121,56,55
122,121,54,51
122,123,56,52
124,124,53,49
122,121,53,53
121,121,54,51
120,120,54,56
117,120,59,55
118,120,59,51
121,124,58,49
122,125,55,45
124,125,53,46
123,124,54,52
124,128,49,43
123,127,50,45
125,128,47,44
123,128,50,43
123,128,52,45
121,124,55,48
125,122,47,52
123,122,51,51
121,124,52,50
121,123,55,50
120,123,58,51
119,123,59,46
121,123,56,50
122,125,54,49
123,123,57,49
121,125,59,45
121,123,57,48
120,124,59,46
121,124,58,48
122,124,53,47
119,126,60,46
119,125,62,47
121,127,58,46
121,122,56,48
123,126,54,45
121,123,56,56
120,120,59,54
120,123,60,48
122,120,53,56
122,123,53,48
123,122,55,51
121,119,55,55
121,121,56,53
123,121,54,51
122,122,55,55
122,123,50,49
121,123,53,49
120,121,56,55
120,122,53,53
117,122,62,48
118,124,59,48
119,120,60,50
122,122,55,51
123,123,51,51
122,125,52,46
122,126,55,44
122,125,54,44
123,126,51,45
121,125,54,48
123,122,49,52
122,126,50,46
119,128,56,39
118,127,60,43
121,128,56,45
123,127,57,43
122,125,55,48
125,125,48,46
125,125,49,45
122,126,55,47
123,124,53,49
122,123,53,51
124,121,52,54
123,121,53,52
122,124,57,46
125,122,47,52
124,121,50,55
125,124,50,46
123,125,53,45
118,122,59,47
120,122,56,52
119,123,57,48
121,124,52,48
121,124,53,51
122,122,52,51
121,123,56,48
121,121,56,54
120,124,59,46
124,122,53,48
123,125,51,47
122,125,52,47
120,129,58,41
123,128,51,45
123,126,49,45
122,126,52,47
122,127,52,45
123,126,51,46
122,128,51,45
121,128,51,42
121,127,53,49
123,126,53,46
123,122,52,52
121,125,58,46
120,122,56,50
122,125,54,45
124,124,50,49
122,120,52,56
121,122,57,50
123,127,53,45
122,126,51,47
123,124,47,47
121,124,52,51
120,125,53,46
119,127,58,45
122,127,55,42
122,128,54,45
122,124,54,48
123,124,51,49
120,129,60,42
121,126,57,45
122,124,54,47
122,125,53,44
123,126,53,46
121,126,58,45
122,123,55,52
122,122,55,49
122,122,56,52
122,123,52,51
120,121,58,54
123,120,53,54
121,125,56,46
123,124,52,47
120,123,57,48
120,123,57,51
121,122,55,50
124,122,50,51
123,120,53,57
122,122,51,50
121,122,58,52
123,122,53,50
125,121,48,50
122,123,54,50
125,122,48,50
122,122,52,54
122,124,52,46
122,127,56,42
123,127,51,44
124,127,50,46
123,127,52,44
122,126,50,46
124,125,47,49
125,127,45,43
122,128,51,48
121,128,55,42
122,126,52,47
123,127,54,44
121,128,53,41
121,128,53,43
121,129,55,42
119,130,56,40
122,131,51,37
121,130,53,43
120,128,54,42
123,127,49,42
120,129,53,41
122,127,51,46
123,125,49,46
121,127,52,44
121,128,56,45
122,129,55,40
123,128,54,43
121,128,56,44
122,127,54,44
123,125,54,48
121,124,57,49
122,123,53,46
121,122,57,53
123,123,51,51
121,127,59,43
120,124,59,51
120,123,56,50
118,123,60,51
117,126,60,45
119,126,57,43
118,123,56,52
117,124,59,45
115,125,64,45
117,124,60,46
119,122,57,52
120,122,53,50
120,124,55,45
118,124,59,47
120,123,54,51
121,123,53,49
121,123,53,50
122,125,48,47
120,126,53,47
117,127,60,43
117,126,60,45
122,124,51,53
123,123,49,51
122,124,49,51
121,124,54,49
121,123,55,49
121,123,57,51
121,125,56,46
121,125,55,44
121,124,56,47
123,122,51,51
124,124,49,49
122,124,53,48
122,124,54,48
122,124,55,46
119,127,60,43
122,127,53,44
123,127,49,46
122,126,47,48
120,124,54,49
116,126,62,46
120,122,55,49
120,124,55,47
122,125,50,45
121,128,54,42
119,127,57,45
121,126,56,45
120,125,57,48
123,123,52,51
123,124,51,47
123,124,52,49
123,123,50,54
123,122,50,51
121,121,53,55
119,122,57,51
122,123,51,52
119,123,59,49
120,122,56,48
121,123,56,49
123,126,49,45
122,126,51,42
119,126,58,47
122,124,55,47
120,122,55,52
121,124,56,48
121,123,56,51
123,123,53,48
122,121,53,51
121,124,56,47
121,124,53,47
123,124,51,48
128,123,44,48
129,126,41,49
127,128,43,45
123,130,49,40
123,130,50,40
122,129,53,44
123,128,49,41
126,126,46,46
123,126,50,45
123,125,50,44
123,124,51,54
122,127,48,44
118,131,58,37
119,126,52,46
120,127,54,47
120,125,55,47
122,129,56,43
121,130,59,39
121,128,57,43
120,126,59,47
119,126,57,47
121,126,52,46
122,126,54,48
122,123,54,53
122,125,53,46
121,126,56,43
122,127,54,46
121,127,55,44
123,128,50,43
122,128,54,43
124,124,51,50
123,127,52,44
122,124,55,54
123,124,53,51
120,123,57,47
125,125,48,47
123,124,51,49
121,123,54,50
120,125,58,47
120,125,57,51
120,123,56,53
121,124,55,49
119,125,53,51
119,124,56,47
121,125,52,49
117,128,60,42
115,129,66,42
116,123,63,49
119,126,58,47
122,126,53,45
124,127,52,44
123,128,51,43
124,129,49,43
122,130,49,43
119,129,57,43
121,129,56,41
120,127,55,46
120,126,58,46
118,125,60,48
121,125,57,46
120,128,58,43
123,131,50,37
121,132,57,43
120,127,59,45
121,124,59,50
122,128,60,44
123,125,54,46
124,121,51,57
121,126,61,46
123,122,53,52
123,123,53,52
120,123,55,48
122,124,54,49
120,123,58,51
122,123,54,49
125,124,50,48
124,123,51,54
121,125,58,52
122,127,57,45
122,127,59,44
123,127,58,45
120,127,65,45
119,129,65,42
121,127,62,45
120,126,60,44
121,125,60,48
121,128,63,45
124,128,57,45
123,125,59,51
120,123,60,52
124,127,52,45
119,128,59,46
123,128,54,48
122,128,57,46
121,129,57,43
122,125,53,50
123,126,51,45
122,128,53,45
121,128,52,46
121,129,53,42
120,127,52,48
121,129,52,42
122,129,49,45
121,130,53,42
120,130,53,40
116,129,60,43
117,129,62,42
120,129,55,42
123,129,48,44
123,130,47,45
124,133,48,35
121,132,51,40
120,132,54,37
118,130,59,43
118,130,59,41
117,130,64,38
115,128,65,46
119,126,56,48
120,125,53,47
120,129,51,42
119,129,57,41
118,129,59,42
117,128,58,44
118,127,57,46
123,127,53,43
124,127,50,46
120,128,49,43
119,130,55,40
117,128,59,44
117,127,61,45
117,122,59,50
115,121,64,50
118,120,56,51
116,121,62,54
117,121,61,53
117,123,63,46
117,125,60,46
119,122,56,54
118,126,62,43
120,127,55,46
117,125,61,48
121,125,55,48
121,128,56,42
118,128,59,48
119,128,62,43
119,126,61,46
118,127,63,44
120,126,59,44
121,128,54,41
121,128,54,43
121,128,53,42
120,129,56,47
123,127,52,47
123,126,51,49
121,127,57,45
121,126,54,47
121,126,56,48
120,128,54,45
119,127,57,44
120,127,60,46
123,124,53,52
119,123,61,50
120,123,56,50
121,123,54,53
120,123,56,48
119,122,59,56
117,126,62,45
120,125,59,47
122,126,58,48
125,124,50,47
123,125,52,49
121,121,56,52
123,124,56,50
124,124,51,50
124,127,49,50
123,127,51,46
120,127,56,47
120,124,55,51
119,124,56,50
119,122,56,51
116,124,61,52
114,124,68,48
115,125,67,47
118,126,61,43
115,123,65,52
117,121,59,50
119,123,62,50
118,125,60,46
121,123,56,52
120,122,59,51
121,122,55,51
121,124,58,49
123,126,55,46
121,126,55,46
121,125,51,48
119,129,57,41
121,127,51,43
119,126,54,49
121,125,50,47
121,123,52,54
120,123,54,50
121,123,53,52
120,122,56,51
122,124,54,50
124,126,51,46
119,126,55,49
121,128,56,43
119,128,60,43
122,126,55,44
120,124,55,50
124,126,55,48
123,126,54,47
120,127,59,45
120,127,60,46
119,126,65,48
120,126,57,47
120,123,57,51
121,125,56,49
123,126,53,45
121,126,57,44
122,124,55,52
123,125,50,48
120,130,55,43
121,127,53,44
120,124,52,50
118,125,59,49
122,126,56,47
120,127,56,45
122,125,54,49
120,125,58,48
123,126,54,47
120,126,60,48
124,123,53,49
123,123,53,52
123,123,53,53
123,125,54,47
122,126,53,45
121,123,53,56
118,124,59,52
119,125,59,45
118,124,61,53
119,125,60,45
122,126,56,49
121,126,55,47
123,125,53,48
122,125,52,49
120,118,52,59
119,122,60,51
121,124,56,46
122,125,54,46
124,127,51,46
123,126,50,47
121,124,52,51
118,122,58,53
121,124,59,47
118,124,62,51
122,125,54,47
122,124,53,46
120,124,59,47
120,122,59,54
120,120,55,55
120,124,56,48
121,121,53,53
121,123,55,52
118,121,57,52
122,126,53,46
122,126,55,50
120,126,61,46
119,124,58,48
122,124,54,54
122,123,54,49
122,124,52,53
121,125,54,47
121,122,54,53
121,122,52,51
121,124,53,52
121,125,57,47
119,123,58,50
120,122,57,52
119,124,59,47
122,122,52,55
121,125,59,46
124,121,50,51
122,123,52,48
121,125,53,49
120,123,50,50
120,125,57,47
119,121,58,54
120,121,57,52
121,124,54,48
117,123,62,52
118,119,60,53
118,121,60,50
122,122,54,55
123,122,49,52
122,122,48,56
124,124,49,48
120,123,56,49
117,119,56,55
119,121,58,54
123,125,52,46
122,125,51,47
119,125,54,46
118,122,57,55
117,124,58,48
119,121,58,56
121,123,54,52
118,123,61,51
121,121,54,53
116,122,63,51
115,121,64,52
114,120,67,49
118,119,59,53
118,118,57,57
118,119,60,53
117,120,63,52
116,122,66,48
119,123,60,47
120,123,56,55
121,122,56,54
121,124,57,51
123,122,50,50
121,125,54,46
117,122,60,52
119,122,58,51
121,122,54,53
124,121,50,51
122,125,52,49
122,125,56,47
119,121,57,54
120,119,56,53
120,123,58,50
115,120,64,57
119,124,54,49
117,123,60,49
121,123,54,47
120,123,56,49
119,125,62,46
118,122,60,51
119,120,61,53
121,123,55,47
122,127,54,48
119,128,56,45
115,127,64,44
120,123,53,47
116,124,62,47
118,122,59,50
119,122,58,52
117,124,64,48
120,125,58,49
123,124,50,49
122,125,51,51
120,126,56,45
122,126,53,47
122,129,56,43
120,126,58,46
120,126,60,44
122,125,54,48
121,126,58,45
124,125,51,51
121,127,57,46
121,126,55,47
121,126,56,46
122,123,54,51
124,128,54,45
123,127,52,46
121,129,58,44
120,126,55,48
121,128,58,43
121,128,57,43
123,125,51,52
127,128,45,47
124,130,49,42
122,129,52,46
122,128,51,44
121,129,56,43
121,129,58,43
120,128,59,45
119,128,63,44
122,124,54,52
125,127,48,46
123,129,53,45
122,129,56,43
118,128,59,47
121,129,57,45
120,128,55,45
121,128,55,45
125,129,48,40
122,127,52,49
122,126,53,47
122,128,55,43
123,128,51,48
120,131,58,43
123,128,52,44
123,130,53,42
120,130,54,40
120,130,57,43
122,130,55,42
119,130,59,44
121,129,56,45
122,128,53,47
122,128,53,45
119,127,61,47
123,127,51,48
120,127,58,46
119,127,63,46
122,123,54,53
125,131,48,41
121,131,54,42
119,132,60,40
120,128,59,45
122,126,54,48
123,127,52,44
121,129,57,45
120,128,62,44
123,127,56,49
124,124,50,51
122,129,54,43
123,127,52,45
123,128,53,44
120,125,59,52
123,123,53,52
121,126,58,46
121,126,58,48
125,126,49,49
121,127,54,46
121,130,57,41
121,128,56,45
120,129,61,44
120,126,57,49
123,130,50,42
119,130,57,45
122,131,57,42
121,130,58,41
119,127,56,45
121,128,53,44
121,128,53,45
122,127,52,48
121,130,54,42
119,129,58,41
118,130,63,40
122,129,59,43
124,126,53,49
122,129,56,44
122,129,56,46
121,128,55,47
120,128,64,45
122,124,55,49
124,125,53,51
125,126,52,49
123,126,56,48
125,126,52,48
122,126,54,49
123,127,52,48
123,128,53,47
123,132,55,40
119,130,59,43
122,129,56,44
122,128,54,44
121,128,55,43
122,128,53,46
124,129,50,43
125,126,44,48
124,128,50,45
122,129,51,44
121,130,56,39
121,128,56,43
120,126,56,46
119,126,60,47
121,125,57,48
124,120,50,56
119,125,57,51
117,128,59,43
117,124,59,51
118,122,59,52
121,122,56,51
124,119,51,59
122,119,54,56
122,125,56,47
123,126,51,48
123,128,53,44
119,125,56,50
120,125,56,48
120,125,59,48
124,127,52,46
122,125,49,50
119,126,57,46
118,125,62,49
120,123,57,50
120,124,57,49
118,125,63,47
118,125,61,46
123,124,57,50
123,123,55,51
124,123,53,51
123,127,52,44
120,127,58,50
121,126,58,49
123,123,55,53
122,123,54,51
122,125,54,45
121,125,57,51
122,126,52,46
122,126,52,50
124,128,51,44
122,129,53,43
120,127,54,48
117,127,62,46
117,126,61,45
123,124,54,51
120,125,59,46
121,124,54,50
120,125,57,48
119,124,60,51
120,124,56,51
124,127,51,44
123,125,53,53
122,128,57,44
121,126,58,46
123,124,54,49
123,122,50,55
122,126,55,50
124,126,52,48
122,122,56,53
124,123,54,52
124,124,52,48
122,126,53,47
123,126,53,48
123,126,54,48
124,124,51,49
123,126,54,49
123,124,56,48
124,126,52,48
123,126,52,45
123,125,52,50
124,122,49,50
122,125,53,48
122,123,52,54
124,125,53,48
125,124,48,49
123,127,52,48
124,128,49,43
124,129,51,42
124,128,52,45
121,129,57,41
123,130,53,40
120,127,59,50
123,124,53,51
122,126,57,47
122,126,56,48
121,124,56,50
123,127,55,45
120,127,56,50
123,125,55,52
121,127,56,45
122,127,54,47
122,127,55,49
122,126,57,50
123,125,52,48
122,128,54,46
121,124,56,50
120,125,60,47
121,126,60,48
123,127,55,43
123,125,54,49
124,125,55,48
122,125,54,47
121,125,59,49
123,126,55,47
122,125,54,49
123,123,55,50
124,121,50,55
124,124,51,50
121,128,60,44
122,128,60,44
120,128,61,43
122,128,57,45
121,127,56,45
122,127,57,46
120,126,60,47
122,124,55,49
123,125,53,48
121,124,55,51
121,127,56,44
119,127,63,47
120,127,62,48
124,123,52,50
121,123,57,51
125,125,52,46
122,123,56,52
120,123,57,54
119,122,58,53
123,124,51,48
122,124,52,49
118,125,57,49
122,125,54,48
124,126,52,45
124,125,50,51
123,128,54,42
127,126,46,46
123,125,54,52
123,124,53,50
122,125,56,47
122,128,58,42
122,129,55,43
124,126,49,47
125,128,50,45
125,129,49,43
123,130,49,44
124,129,47,43
121,131,54,41
121,130,57,41
123,129,54,44
122,131,52,41
120,129,55,42
122,130,51,41
118,130,61,42
120,126,56,47
115,126,63,48
120,121,57,52
121,122,58,50
121,124,58,48
122,122,55,53
122,122,54,49
125,123,50,47
123,125,54,50
125,129,52,42
123,126,51,49
122,127,55,47
123,126,54,45
121,128,56,44
123,128,53,41
122,130,55,42
122,129,50,42
122,131,52,39
123,131,52,40
122,128,53,45
125,127,49,47
123,125,51,51
124,125,50,47
123,125,50,51
121,127,53,46
120,128,58,46
121,127,54,45
124,126,49,46
125,128,48,43
122,130,53,40
124,129,48,44
124,130,50,41
123,128,51,46
123,130,56,41
123,128,53,45
123,129,54,44
122,127,54,46
123,128,53,45
122,127,54,46
121,125,58,48
121,124,59,48
125,125,49,48
123,126,51,49
123,128,51,43
123,129,51,45
122,128,51,44
122,127,54,43
121,129,55,43
119,128,58,40
123,127,53,51
125,126,50,50
123,128,53,45
123,127,52,46
122,126,55,48
122,127,56,44
121,127,57,45
122,129,56,42
120,129,59,42
123,127,54,47
122,125,55,47
124,124,48,50
120,129,58,43
122,127,51,44
124,127,48,45
121,127,55,46
119,129,59,42
121,128,55,44
118,128,64,45
124,126,54,49
123,125,53,46
124,126,49,49
122,125,53,47
118,127,60,45
119,124,60,51
121,128,57,44
120,127,59,44
120,126,59,45
120,125,61,48
123,125,54,49
124,123,53,52
121,124,60,49
126,123,50,51
123,123,53,54
124,127,50,50
121,128,56,44
123,129,53,46
120,129,58,43
119,129,59,42
121,127,56,48
119,130,62,42
118,128,60,44
118,128,62,43
121,125,57,45
122,124,55,53
125,126,50,48
122,127,52,45
121,127,54,45
123,129,52,42
120,128,58,45
123,127,54,45
123,128,53,43
120,127,56,45
121,128,58,45
120,130,62,42
122,127,57,46
123,126,55,47
125,128,54,48
124,129,57,43
122,128,57,42
120,128,56,44
121,127,57,44
119,127,59,46
120,128,63,45
123,131,55,41
123,131,56,41
121,130,60,42
122,128,60,44
122,125,57,50
122,126,54,48
121,127,59,45
122,131,57,41
125,130,51,41
120,130,59,43
123,126,55,50
123,125,54,50
121,129,60,43
124,126,53,46
123,125,53,56
122,125,55,48
121,126,55,45
120,124,58,52
119,123,61,54
117,128,63,44
118,128,61,45
122,128,57,45
120,128,60,45
119,126,61,47
124,123,54,54
125,125,52,47
120,127,59,45
124,125,55,48
123,123,55,51
124,125,51,49
122,126,57,48
125,126,51,47
123,128,49,45
121,127,52,48
121,125,54,47
124,122,47,55
124,124,49,52
125,127,50,45
121,127,57,47
124,129,52,44
121,128,56,47
120,126,57,47
121,129,57,43
122,127,56,45
122,125,55,49
122,125,57,49
124,124,53,47
125,126,49,50
123,125,52,51
123,128,54,46
121,127,59,46
120,125,59,50
121,126,58,46
121,124,55,50
118,124,62,47
121,128,57,44
123,128,53,45
122,128,53,43
122,129,52,43
122,128,53,45
121,129,57,43
120,129,61,44
123,123,51,54
120,124,59,49
121,124,55,48
119,129,65,42
121,129,57,44
119,129,59,41
120,127,60,47
124,129,55,44
124,129,52,41
123,129,50,46
120,131,57,41
122,128,52,42
122,128,53,46
119,130,59,41
121,128,54,43
118,129,59,41
120,129,58,41
119,130,60,40
121,127,54,46
120,128,58,44
118,127,63,47
117,126,61,50
119,126,58,49
121,126,52,48
120,127,55,47
118,130,60,43
122,130,53,42
119,129,59,45
121,131,57,42
119,130,62,41
122,127,56,46
121,128,59,45
121,126,59,46
121,125,58,47
122,124,54,51
125,129,51,42
121,130,58,45
119,128,60,44
121,128,58,45
120,126,59,47
122,127,54,47
122,124,53,50
121,125,55,50
123,127,53,47
125,126,50,50
122,124,54,49
121,127,57,45
120,127,60,45
119,126,63,48
124,122,51,53
123,125,53,52
124,128,54,44
122,125,57,49
123,127,56,45
122,126,57,47
121,127,59,45
120,123,57,51
124,126,53,47
123,126,51,47
123,125,50,49
125,128,50,45
123,128,51,45
123,129,51,42
122,127,53,47
120,126,56,45
121,124,56,49
123,126,53,46
124,125,50,51
120,128,56,45
121,128,55,47
125,131,47,40
122,131,51,40
122,131,54,39
122,128,52,43
120,128,57,42
124,124,50,50
121,122,56,53
120,123,57,52
124,122,49,52
123,123,53,54
125,125,48,49
124,126,50,48
124,127,52,44
122,128,54,48
122,128,54,46
122,128,52,46
122,127,57,45
120,126,56,47
121,124,56,50
121,127,60,49
122,127,57,45
122,127,58,46
121,125,57,48
120,126,59,48
124,122,50,50
124,127,53,45
124,128,48,49
121,129,55,43
120,127,59,45
121,127,56,43
122,124,51,52
122,126,53,49
123,126,54,48
120,126,60,47
123,126,52,48
122,126,55,47
120,124,60,49
123,127,56,44
121,127,55,45
122,126,52,47
124,127,49,45
123,128,55,47
125,128,51,47
120,129,59,42
124,128,53,43
124,127,50,49
124,131,49,40
122,130,55,45
123,131,54,42
122,129,55,44
122,128,54,44
122,127,52,47
122,131,53,40
123,130,49,42
124,128,46,53
125,129,49,46
124,130,51,43
122,130,56,43
122,129,51,44
121,129,56,43
122,127,56,44
124,129,52,44
121,128,53,49
122,130,52,42
118,129,58,43
121,127,52,44
121,128,55,46
124,129,50,43
121,129,55,47
122,128,56,44
122,128,54,45
121,127,56,43
121,126,57,48
123,128,52,42
121,128,54,42
121,126,51,47
120,129,54,44
119,129,60,42
120,127,59,44
120,128,59,43
122,129,53,43
120,128,58,43
119,128,61,46
121,127,55,46
118,126,58,45
121,127,57,46
122,127,52,44
123,127,54,46
121,127,53,44
120,128,54,43
120,130,56,43
121,128,55,45
120,127,54,44
118,124,57,52
122,128,55,43
123,127,52,44
121,128,54,43
121,129,60,44
123,127,54,46
121,128,58,45
121,126,57,48
122,127,55,46
122,129,54,41
122,130,52,42
121,129,56,42
120,127,55,49
121,126,56,47
120,124,58,52
121,127,56,46
119,128,61,44
118,127,64,43
122,124,56,49
121,124,56,48
122,128,53,44
120,127,56,51
119,124,58,50
119,124,62,48
120,126,57,44
120,127,58,42
121,126,53,47
122,125,52,49
118,125,61,51
119,124,59,48
118,125,63,48
121,123,54,51
120,124,57,49
124,125,52,47
122,126,54,50
123,124,52,50
122,123,56,52
122,123,56,50
123,124,53,48
121,125,56,49
121,127,57,46
123,126,53,45
121,125,54,47
120,126,54,45
123,128,50,45
120,126,54,47
121,126,52,47
118,127,56,45
117,128,59,42
117,127,60,45
120,126,57,45
121,127,56,46
121,126,60,48
124,128,51,44
121,127,53,44
121,127,51,48
118,128,58,45
118,127,58,45
119,125,58,47
119,126,58,47
118,126,62,45
121,127,58,44
121,126,54,47
118,127,59,44
119,127,58,42
119,125,54,49
117,124,64,47
121,124,53,51
121,124,53,52
120,124,55,50
121,126,59,45
119,122,59,51
120,123,56,49
121,125,57,50
119,127,61,43
122,122,57,52
123,122,52,52
123,126,54,49
121,127,57,45
120,126,58,47
123,124,53,47
121,126,57,48
120,123,60,49
123,125,49,45
120,128,55,45
119,127,56,45
121,125,52,51
120,126,59,46
120,123,55,52
120,124,58,48
121,126,58,47
118,123,62,50
117,124,63,49
119,122,59,52
120,121,55,52
120,125,59,48
124,125,52,49
122,129,55,41
118,125,59,50
120,124,54,49
121,126,54,50
121,125,55,48
119,123,58,49
120,122,58,52
120,122,56,52
123,126,52,46
120,127,58,46
118,126,63,47
121,126,59,47
125,126,50,45
122,127,55,48
120,126,56,47
120,126,57,47
121,125,54,49
120,126,56,46
118,126,59,46
119,124,58,49
119,125,60,48
122,124,52,49
119,127,57,47
117,129,64,42
122,125,55,48
120,127,55,45
121,127,55,48
118,126,58,49
120,124,53,47
116,123,64,52
117,125,62,46
118,125,63,47
123,126,54,43
123,128,55,44
120,126,56,45
122,128,54,44
121,128,57,46
117,123,63,51
118,123,61,48
120,124,57,49
122,125,55,47
120,122,57,53
120,121,58,52
122,123,54,49
122,128,56,41
121,128,54,47
122,125,53,50
122,128,57,45
124,124,50,54
120,126,59,46
121,124,59,49
122,125,53,51
122,126,55,48
121,127,58,44
122,122,54,53
121,129,56,43
121,127,58,45
122,126,54,48
119,122,58,55
118,121,58,54
121,124,55,48
122,126,54,48
122,126,53,46
122,127,53,44
121,126,57,46
122,125,55,50
121,125,58,46
124,126,53,43
122,127,55,46
119,127,63,45
122,125,53,49
120,129,61,39
121,128,56,47
122,126,55,46
119,127,59,44
121,127,56,46
123,127,54,44
121,126,53,49
123,126,53,46
122,125,52,46
119,125,60,49
123,121,51,53
122,123,56,51
122,124,56,47
125,126,51,46
123,127,51,50
124,127,50,46
122,128,54,48
123,128,53,46
123,123,52,51
123,124,54,50
120,126,58,45
119,125,57,48
120,122,58,53
124,121,50,54
121,122,55,54
120,124,56,47
121,126,54,48
122,124,55,50
123,120,53,53
123,122,52,49
123,126,51,47
123,128,51,44
123,126,50,47
122,128,55,47
119,124,59,48
119,128,62,45
125,126,51,46
121,129,53,45
121,127,53,43
121,127,55,45
124,123,47,51
124,126,49,50
120,127,56,42
120,126,57,44
120,127,58,44
121,126,57,46
120,126,55,48
122,126,55,47
123,125,51,47
123,127,48,48
121,129,54,44
121,126,53,46
120,126,57,46
119,128,61,46
122,125,52,47
120,126,56,46
119,127,61,44
120,126,60,46
122,124,56,47
122,127,54,45
123,125,53,46
123,126,52,46
122,127,53,46
122,128,54,42
122,125,51,52
127,128,44,44
124,129,50,44
122,129,54,46
119,129,59,41
119,129,59,41
119,127,57,45
121,128,56,42
122,129,52,42
120,128,52,43
120,129,58,43
119,127,60,44
122,126,56,46
123,127,51,44
121,128,54,45
120,127,58,45
122,124,55,49
127,125,48,46
124,127,51,47
121,127,58,45
119,126,61,48
122,125,55,45
123,124,52,52
123,125,54,44
120,124,59,49
122,124,57,48
123,126,55,46
120,128,56,43
122,128,53,43
118,126,60,51
120,124,56,47
123,128,54,46
123,126,54,48
122,127,54,45
123,127,52,44
124,126,52,45
122,124,58,50
125,126,54,46
124,124,54,47
124,127,53,44
123,124,50,49
119,126,58,47
120,125,60,48
122,123,57,50
124,128,54,43
123,130,52,42
123,130,54,43
120,132,61,38
121,128,57,46
118,128,64,43
122,124,54,49
124,125,51,47
121,129,57,39
120,129,57,40
120,128,58,43
122,128,54,41
123,130,51,42
125,128,48,42
124,126,51,46
123,129,54,42
124,127,53,45
126,130,49,40
122,130,54,38
120,128,56,41
121,127,56,46
119,126,56,46
124,127,52,44
121,128,57,41
121,127,55,44
119,127,56,44
121,128,55,42
122,128,53,43
120,129,59,44
122,129,54,43
121,128,58,43
120,128,56,43
118,127,58,44
120,127,57,43
119,127,61,47
121,125,53,48
121,126,57,45
121,126,56,46
123,124,52,47
122,127,57,45
123,126,52,47
121,127,55,45
121,127,54,45
118,126,58,45
121,127,55,45
120,125,57,49
124,125,52,48
124,125,49,48
123,127,51,43
121,128,54,42
119,129,59,43
120,127,56,42
121,126,56,45
124,126,49,44
123,128,53,44
121,128,53,43
121,129,54,41
123,128,54,43
122,130,52,41
122,129,52,43
122,129,54,43
124,126,48,50
121,128,54,44
121,129,56,45
122,129,55,42
121,125,57,48
123,125,54,49
122,125,53,48
122,125,55,49
122,126,54,45
123,128,52,42
121,132,55,39
122,131,56,40
122,129,56,45
122,127,58,47
125,126,51,47
125,125,47,52
123,127,54,46
123,127,52,47
120,128,57,42
121,129,54,40
123,130,54,39
123,131,54,39
118,130,59,42
120,129,58,42
122,130,57,39
124,128,47,42
121,129,57,43
122,127,52,45
120,127,56,49
122,127,54,44
124,128,50,45
121,129,55,43
124,127,48,45
124,126,47,45
121,131,55,37
117,130,64,44
120,124,57,51
122,125,55,47
125,122,48,54
125,121,49,54
124,127,51,47
120,128,53,43
122,128,53,47
123,126,54,45
123,128,53,43
124,128,49,43
122,130,54,40
119,128,60,45
122,130,55,42
121,129,54,43
120,128,55,48
123,126,56,49
127,126,49,46
123,128,54,43
123,127,52,46
123,128,53,42
125,127,50,43
123,128,50,41
123,128,54,45
123,127,57,43
122,128,56,44
123,128,53,45
122,131,58,39
121,128,58,45
120,128,59,44
123,127,54,44
123,129,50,41
122,131,56,40
122,128,50,43
121,129,54,43
122,129,56,43
121,130,58,42
121,130,58,40
124,129,51,48
123,128,50,44
123,127,49,46
123,128,51,49
123,128,50,45
123,126,51,49
121,128,57,44
120,130,59,41
122,128,52,42
122,127,54,47
122,124,54,50
123,126,53,45
121,128,57,43
124,128,50,45
122,129,52,43
121,126,55,46
122,126,55,46
124,125,53,48
122,128,55,45
122,129,56,42
123,129,56,43
126,130,53,43
125,128,53,46
126,128,52,44
124,129,51,44
122,129,57,44
125,127,51,44
123,127,56,46
125,127,54,45
129,130,47,42
123,130,56,45
123,129,57,44
127,127,50,44
125,128,51,44
124,128,53,43
125,128,49,46
123,129,54,41
121,128,57,47
124,128,55,45
122,130,59,43
125,128,56,44
124,129,55,42
124,129,53,43
123,128,56,45
126,129,52,44
125,128,53,45
126,129,50,43
122,130,56,43
122,127,58,46
126,126,50,47
125,126,49,49
121,129,58,43
122,131,59,40
119,129,61,43
121,130,58,43
124,129,52,42
121,131,56,41
122,131,56,40
120,129,57,42
123,130,55,41
120,129,57,46
124,128,53,45
122,129,55,41
122,130,56,42
125,129,46,42
123,131,54,39
121,131,55,39
121,130,55,42
122,131,57,41
120,128,59,42
122,126,56,47
122,125,54,47
121,127,54,46
122,128,54,45
122,129,54,42
122,128,54,44
122,129,52,43
124,129,49,42
123,131,52,42
123,129,54,43
124,129,52,41
124,127,51,44
124,129,51,41
122,131,55,41
124,130,53,42
123,129,52,45
122,127,54,45
124,129,52,44
120,128,57,46
121,127,58,44
123,124,50,48
123,126,54,45
122,127,52,44
119,129,59,42
121,129,59,44
120,128,59,45
121,128,58,43
121,128,55,43
123,130,53,43
121,132,56,40
120,131,58,40
123,131,51,42
122,131,52,40
121,132,58,40
122,131,57,41
119,131,59,41
121,130,59,41
123,126,52,49
124,127,50,47
123,128,51,47
122,128,56,45
122,128,55,44
121,129,56,42
121,128,58,43
122,127,57,45
124,124,54,49
124,122,52,53
124,124,52,51
124,125,53,49
126,127,48,44
123,129,53,45
124,129,50,42
121,132,58,40
123,130,57,41
121,128,59,45
121,128,58,46
123,128,52,45
123,129,51,44
120,127,57,48
121,130,58,42
119,131,58,40
119,130,60,44
122,129,53,42
122,130,55,42
123,129,51,43
121,131,56,40
117,130,61,39
122,131,55,40
121,131,56,40
121,130,55,40
121,128,57,44
121,129,59,42
120,130,58,40
122,129,53,44
121,129,57,43
122,127,55,45
120,130,59,40
123,130,54,41
121,130,55,41
122,129,52,41
120,130,58,42
121,130,55,42
122,130,57,40
120,130,57,43
122,129,55,44
123,129,51,42
123,129,53,44
123,128,50,45
121,131,55,40
119,131,61,40
122,129,51,42
124,129,47,43
122,131,56,40
123,129,53,44
121,127,57,45
125,125,51,47
125,127,50,47
123,127,54,44
124,127,51,44
124,129,51,43
124,130,54,42
124,128,52,45
125,129,48,41
124,130,50,41
121,131,55,40
122,130,53,41
123,131,53,38
122,130,55,40
122,129,56,44
120,130,61,41
122,129,56,41
123,126,51,46
123,128,54,44
122,126,55,49
124,128,53,46
122,127,54,43
122,126,55,46
121,127,56,46
123,127,51,44
123,128,52,48
122,128,54,43
122,129,54,44
122,129,55,42
123,128,53,44
121,131,56,38
120,131,59,40
121,129,58,43
123,130,54,41
121,128,56,44
119,128,60,42
123,127,54,45
123,127,50,44
122,130,55,40
119,130,58,40
121,131,57,39
123,128,54,43
123,129,56,41
122,130,58,42
125,129,55,42
125,128,53,42
121,131,60,38
121,128,58,43
119,127,61,46
123,126,59,47
126,125,56,46
125,125,53,50
126,123,50,51
123,129,59,43
126,127,53,43
123,130,59,42
124,126,57,47
124,126,55,45
124,129,54,41
126,129,49,41
123,126,57,47
124,126,51,45
122,129,55,41
122,131,53,42
124,129,50,41
120,130,56,42
120,130,59,41
118,131,61,39
121,129,57,45
122,129,55,43
125,128,47,45
120,130,54,42
118,130,59,41
117,130,63,42
119,128,57,47
118,130,63,41
119,128,61,43
119,127,61,44
120,125,59,46
122,125,57,49
124,126,53,45
120,127,54,47
120,127,58,44
122,125,55,47
120,128,56,45
123,129,54,43
122,127,51,46
121,128,56,42
121,126,55,46
122,125,54,48
122,129,56,42
122,129,55,43
120,128,57,43
121,129,55,45
120,129,60,42
123,129,52,40
124,130,51,41
121,127,54,47
121,126,56,47
123,125,51,46
123,126,50,49
120,128,57,45
119,128,57,43
120,128,56,42
119,128,55,45
118,128,58,43
119,129,59,41
119,129,58,44
120,130,57,43
120,129,55,42
120,130,57,43
122,130,55,40
121,130,55,41
120,129,58,41
123,130,59,41
127,126,50,49
125,126,54,46
121,126,61,51
120,126,60,47
124,126,54,44
126,126,51,44
123,132,57,38
124,129,50,40
122,128,56,45
124,129,57,41
122,125,58,49
123,124,55,47
121,125,53,48
123,126,54,47
124,123,51,49
124,127,51,46
121,128,55,46
121,127,56,45
120,126,59,46
124,124,51,49
124,126,52,45
121,129,53,41
119,130,58,41
121,130,60,42
125,130,51,41
121,130,59,43
121,127,58,46
121,129,59,43
123,127,55,42
125,130,50,39
122,128,55,44
123,129,57,42
122,130,57,43
123,128,57,43
124,128,55,44
124,127,50,45
122,129,54,43
124,132,54,38
124,131,52,37
125,132,52,35
123,129,56,41
125,129,54,41
124,129,54,43
125,127,51,44
126,130,51,41
122,129,56,43
122,128,54,42
121,131,57,39
123,129,52,43
123,129,55,41
123,130,52,41
122,131,52,38
122,131,52,38
126,132,47,37
125,134,48,35
124,133,54,35
121,131,56,39
121,132,55,39
119,132,59,37
121,132,57,37
121,132,56,38
119,132,59,37
123,129,52,43
122,129,53,42
122,130,54,41
121,131,55,38
120,131,59,37
120,131,58,39
121,132,59,40
118,128,63,44
118,128,63,43
120,127,60,44
123,127,51,43
122,129,56,43
123,127,53,47
123,127,53,47
122,128,57,46
123,127,51,45
124,128,51,47
122,127,52,44
119,128,58,42
122,127,55,47
122,125,55,50
125,130,51,40
120,128,59,49
124,130,54,42
122,129,55,43
121,131,57,42
123,128,54,43
123,128,53,44
125,128,49,44
124,129,50,44
122,132,54,39
124,130,51,43
122,129,55,43
122,128,53,45
125,128,50,45
122,130,53,42
121,130,54,43
123,127,49,45
124,130,47,43
122,131,53,41
122,129,53,43
121,129,55,43
119,128,61,44
123,127,52,45
122,131,52,42
124,132,49,39
123,133,53,39
119,129,58,44
122,127,54,43
122,128,56,42
122,128,53,46
120,128,57,46
120,128,57,48
124,129,50,42
122,129,50,45
120,128,54,45
122,128,55,44
121,131,58,40
122,128,52,46
121,131,55,40
119,131,59,42
122,130,55,42
122,129,52,45
120,129,58,47
121,130,58,44
120,129,59,42
122,130,53,43
121,129,55,45
122,128,52,46
119,126,56,48
117,128,65,42
118,128,61,43
119,130,62,40
120,127,59,43
121,128,60,41
121,129,58,42
122,128,56,42
123,129,53,42
123,130,53,40
120,131,55,41
123,131,56,41
122,129,57,41
121,130,56,42
122,129,54,43
123,128,50,43
123,129,49,43
121,132,54,41
117,132,61,39
121,132,55,40
122,131,54,41
120,131,56,39
122,128,52,46
121,130,54,43
120,131,58,41
120,129,56,40
119,129,59,43
120,129,58,43
122,129,55,43
120,128,56,43
122,130,55,40
119,130,57,42
117,129,62,43
122,128,56,44
124,129,51,40
122,132,56,36
122,131,52,40
121,132,55,39
121,131,54,42
121,130,54,42
121,132,56,40
122,130,54,41
121,128,53,44
121,129,54,42
121,129,56,43
123,127,53,46
122,125,53,46
121,126,54,49
123,128,52,43
120,128,55,45
122,130,54,44
123,128,51,43
122,127,55,47
121,130,58,40
122,130,54,43
125,130,47,43
123,131,49,42
121,132,56,38
121,130,56,45
123,127,51,46
123,127,51,45
120,127,57,46
121,126,55,46
120,126,57,49
123,128,52,47
119,127,56,44
122,126,53,49
121,126,57,46
122,126,55,46
121,125,58,49
122,123,55,52
122,125,52,49
122,128,54,44
119,127,57,43
122,128,53,45
119,130,58,41
122,126,51,45
121,128,54,43
121,127,52,50
118,128,58,43
119,125,57,53
122,125,53,46
123,128,56,44
122,128,57,48
122,127,55,47
122,126,52,45
122,127,51,43
119,127,56,49
122,127,53,49
122,127,53,45
123,128,52,48
121,127,56,49
122,129,53,44
121,128,52,42
123,129,50,45
123,124,49,49
120,125,54,50
123,124,50,47
120,124,56,53
122,129,53,43
122,128,54,44
123,128,48,41
121,130,55,42
119,129,57,42
121,126,52,46
121,127,53,46
122,128,53,44
122,129,54,41
122,130,52,42
120,127,55,48
122,125,54,46
120,125,55,48
116,124,65,50
119,125,60,45
120,126,57,47
120,126,61,45
124,125,51,45
121,124,56,49
123,126,52,47
125,126,47,51
122,131,55,41
121,128,52,41
119,128,59,43
121,128,56,42
119,129,56,44
121,127,55,46
121,122,54,53
120,124,57,49
117,126,61,48
120,124,56,49
121,124,54,49
123,125,51,49
122,126,55,43
123,125,51,48
119,123,59,56
118,124,60,50
122,122,50,49
120,123,56,51
123,124,55,47
124,127,50,47
121,126,55,49
122,128,53,45
120,129,57,43
114,131,63,39
113,132,68,35
116,130,62,42
114,130,65,40
114,129,65,42
114,130,62,40
114,128,63,43
114,130,64,40
116,130,63,40
118,127,58,43
114,128,66,46
117,128,59,40
115,126,59,46
114,128,62,41
114,127,64,46
116,128,64,44
115,129,64,41
113,127,64,45
114,126,68,45
118,123,59,48
115,124,64,50
117,125,62,45
117,125,63,48
119,127,56,44
118,126,54,48
116,127,60,43
115,127,64,45
115,125,63,43
116,124,60,49
119,126,56,45
117,126,59,47
115,125,63,48
119,127,59,42
114,127,61,42
116,130,64,41
115,128,63,43
117,126,61,44
120,123,60,54
123,127,52,45
117,128,61,45
117,124,60,46
119,126,59,45
118,123,57,49
118,126,56,49
120,127,58,42
122,127,52,46
116,129,62,43
116,126,63,46
122,127,56,44
122,126,52,47
119,124,58,53
118,125,59,49
121,127,56,44
120,126,58,46
117,125,62,47
117,123,62,48
116,124,63,47
116,126,63,45
118,123,59,49
118,123,59,48
118,120,57,52
121,125,56,44
119,127,59,44
119,128,59,44
117,125,62,48
122,126,52,43
119,128,57,42
117,128,60,43
116,126,62,49
118,125,60,48
117,122,62,50
116,122,60,51
117,125,60,44
114,127,64,44
112,124,73,48
116,126,64,43
118,126,62,47
119,124,61,48
118,123,60,47
120,126,59,48
119,127,58,46
117,127,63,48
115,125,65,47
117,127,62,43
117,126,64,52
116,122,62,53
116,122,62,52
118,123,62,50
120,123,60,49
120,124,56,49
118,123,55,48
116,126,61,47
