79,69,132,200
84,88,144,223
75,54,162,266
71,50,184,280
98,40,153,293
88,38,174,307
89,38,179,298
95,44,177,292
100,41,192,306
87,36,200,292
112,34,177,298
105,40,161,282
104,50,183,267
129,64,147,254
113,41,159,274
128,47,164,270
127,55,162,261
135,49,160,285
117,23,172,306
153,25,144,300
136,26,148,295
164,13,132,306
144,28,151,284
148,58,167,251
156,52,155,270
147,25,162,278
174,58,126,240
179,63,124,235
165,58,138,240
164,49,148,249
172,56,145,246
160,67,164,229
186,79,127,208
180,67,135,214
173,64,148,219
184,75,134,209
184,55,131,226
201,58,117,234
190,56,125,230
188,55,129,227
205,65,112,215
189,60,133,219
202,63,113,210
192,39,125,227
205,53,115,229
199,55,118,213
198,51,128,206
201,57,124,215
200,66,122,201
197,56,130,196
198,64,129,186
212,40,112,219
209,63,120,190
211,49,116,187
209,53,116,195
199,46,132,187
203,50,125,183
207,52,121,189
206,57,123,172
205,62,119,159
215,70,110,151
217,67,105,155
214,43,110,178
221,56,107,172
223,65,101,167
219,44,103,168
228,57,95,162
224,58,95,166
217,37,105,176
221,51,101,166
219,58,103,166
225,41,93,165
232,51,85,165
224,57,101,165
220,42,103,161
227,55,92,157
221,52,99,155
223,55,96,153
226,36,90,170
222,49,96,159
224,61,93,142
223,62,98,145
217,40,102,162
227,51,92,150
223,51,94,155
221,53,99,148
227,59,93,139
222,48,99,150
224,51,97,151
224,53,97,144
221,54,98,142
226,63,95,127
224,46,95,139
225,48,93,148
228,57,95,135
225,56,98,135
228,35,93,154
228,44,92,149
224,56,99,133
222,38,105,156
233,40,93,158
231,47,96,147
226,46,102,142
232,53,99,134
236,50,91,137
229,49,98,136
232,51,95,138
232,57,95,117
233,48,95,139
236,50,93,134
236,53,93,127
241,52,87,129
234,49,93,133
232,46,92,119
240,42,87,129
234,50,97,124
237,46,93,121
239,47,91,125
240,49,91,118
245,46,84,121
248,43,80,120
247,42,82,124
246,38,80,126
253,51,76,109
247,42,84,118
249,44,77,119
250,42,83,120
250,45,80,115
248,37,83,125
250,40,82,122
239,32,95,132
240,36,92,125
238,36,95,126
236,36,99,125
238,42,100,116
244,47,90,110
252,47,80,102
249,42,84,113
238,51,95,109
251,53,79,95
251,46,84,109
253,45,80,110
249,41,85,112
250,39,83,112
255,41,78,110
254,42,81,105
245,39,87,104
251,34,77,108
259,46,72,103
258,45,72,101
261,46,67,103
270,47,59,99
261,40,66,108
265,40,67,108
256,44,79,103
259,38,71,104
260,41,68,106
262,45,70,98
258,46,78,98
251,42,86,104
257,44,77,93
257,58,80,80
250,51,82,86
261,50,67,89
253,57,85,74
251,47,78,86
256,54,79,79
251,52,81,79
249,52,87,79
257,60,74,68
252,47,80,77
254,46,79,90
252,43,78,95
262,52,62,79
251,45,71,88
256,55,69,80
254,33,63,97
256,42,66,91
253,42,68,97
251,39,69,98
249,42,71,96
245,33,73,106
254,26,65,114
247,29,67,103
248,32,68,102
243,32,73,108
249,33,66,103
240,23,76,108
242,28,72,105
251,34,59,96
245,37,65,92
246,35,64,94
244,40,65,88
246,40,63,86
239,32,69,93
237,32,74,97
235,25,77,99
235,24,72,101
243,25,65,98
243,29,63,95
239,36,67,85
240,38,65,84
243,41,59,73
240,29,65,85
239,31,64,91
237,34,67,95
245,34,60,94
246,33,60,91
246,36,55,89
239,29,63,93
238,34,63,91
235,34,70,92
235,33,70,98
232,37,74,92
233,31,73,96
233,32,73,97
234,32,70,97
233,28,69,103
238,30,65,99
233,28,67,95
231,32,71,94
233,33,69,95
232,26,68,106
234,26,67,103
231,20,74,111
230,25,73,107
231,24,73,107
240,21,63,107
231,20,70,105
230,16,73,109
236,23,70,102
236,16,62,110
231,24,72,100
230,24,72,102
229,22,72,105
233,24,68,102
231,21,78,110
228,18,78,110
237,21,71,116
234,15,65,112
236,24,69,105
231,35,80,92
230,25,76,96
232,31,73,101
240,28,64,105
232,28,73,92
231,22,75,102
230,18,72,111
240,21,66,113
233,25,75,109
241,22,66,108
239,34,68,95
232,28,74,87
234,37,68,80
235,44,78,72
232,49,81,67
236,45,81,77
242,51,71,66
229,31,72,73
231,40,77,65
232,41,80,78
236,37,73,88
235,31,64,92
238,32,49,89
238,32,62,90
237,30,49,89
236,33,59,83
234,30,66,90
229,34,81,86
228,36,83,88
237,37,72,89
232,34,71,85
228,33,75,88
230,41,79,72
228,42,80,74
229,45,84,68
229,36,81,77
231,32,74,83
230,28,83,96
234,33,70,81
234,26,74,93
235,35,73,79
237,38,66,79
237,33,73,91
238,23,66,102
237,29,67,95
232,22,76,104
236,26,70,93
234,29,77,95
231,29,87,90
238,40,69,77
236,19,79,83
236,20,82,93
246,39,70,79
241,48,74,70
236,27,78,86
244,28,70,89
244,37,70,79
245,15,70,84
247,19,68,96
247,22,66,98
252,18,64,101
255,25,61,101
250,14,68,113
255,6,62,124
255,11,60,111
261,9,59,118
258,13,58,124
255,15,66,104
257,15,65,107
266,15,57,95
262,22,58,90
260,22,65,101
263,21,59,94
260,19,66,104
271,19,55,103
258,24,67,97
260,35,69,78
259,37,69,71
259,34,68,78
262,36,66,80
261,11,75,90
259,14,79,103
267,4,66,122
258,5,70,115
275,6,53,108
265,10,62,108
263,14,66,111
271,4,58,114
263,10,66,108
262,18,70,95
263,9,67,110
264,14,68,107
260,15,71,103
262,17,68,109
271,22,62,95
260,28,70,88
271,33,59,74
266,31,64,79
260,28,73,85
260,26,70,93
263,25,66,96
265,27,65,88
264,26,65,87
268,30,60,76
264,32,62,81
263,30,64,89
259,29,71,91
264,34,65,75
262,29,66,92
259,25,70,83
263,28,67,83
264,26,60,100
260,25,65,91
263,21,65,101
262,18,66,107
259,14,71,117
257,21,72,104
260,24,71,94
258,22,70,112
267,25,62,107
257,25,69,110
265,27,62,96
260,30,66,107
255,27,70,108
254,25,72,108
253,34,69,95
256,26,68,102
256,29,67,102
255,36,65,92
252,31,72,95
248,28,78,114
251,32,78,98
251,30,70,98
248,24,75,109
255,27,64,112
250,29,67,99
249,27,71,100
249,33,69,97
248,29,71,92
247,29,71,94
247,29,69,98
247,32,74,90
243,29,74,98
244,30,71,104
243,33,66,99
243,26,74,109
239,27,74,118
249,28,64,103
239,26,72,118
241,30,73,99
240,29,72,111
241,29,75,113
242,33,70,115
240,25,71,110
238,30,77,109
237,30,77,111
236,32,80,102
241,33,72,104
235,31,84,119
235,26,79,115
236,37,86,106
237,41,80,104
235,30,83,113
245,32,75,115
236,32,82,111
242,37,81,112
232,37,87,112
238,36,83,105
245,32,76,122
241,37,80,117
246,43,73,106
243,39,80,111
239,35,81,119
238,33,87,119
243,31,78,121
239,33,83,116
238,40,88,110
240,32,84,114
241,39,83,109
239,36,84,107
237,42,90,109
241,36,82,109
246,46,77,102
246,38,80,115
235,34,90,119
246,38,75,110
232,41,90,107
242,46,77,100
239,34,87,113
233,47,95,95
235,48,93,99
241,32,80,109
244,35,79,111
238,36,87,108
239,47,88,95
234,42,92,110
244,44,77,103
241,46,85,103
235,40,94,109
238,40,87,98
239,39,87,109
241,44,84,104
242,31,87,117
239,35,85,107
243,38,78,109
240,41,88,109
238,30,86,117
243,33,85,119
244,41,80,112
234,39,92,105
240,42,89,99
236,49,101,96
236,44,91,100
242,40,85,110
234,39,95,112
242,32,83,118
239,34,89,115
240,32,86,117
247,32,80,118
243,19,86,130
244,19,84,127
237,26,97,126
242,31,88,118
245,34,85,110
237,24,93,127
229,34,101,106
244,46,86,93
235,35,91,109
237,28,95,125
231,35,97,106
241,28,86,123
237,36,90,108
235,41,92,101
245,31,78,124
243,37,78,115
237,39,86,114
244,37,77,116
239,27,86,130
245,31,81,124
239,37,85,120
238,36,84,111
242,37,83,112
238,36,87,118
243,41,78,112
245,43,78,110
237,48,87,105
239,40,84,114
253,37,70,118
239,35,86,118
245,38,78,120
237,29,88,128
240,39,83,114
245,42,78,117
250,36,75,120
242,36,82,120
242,35,82,121
239,34,85,120
249,32,80,125
243,31,86,124
244,34,85,122
248,28,80,132
248,30,82,133
243,31,84,118
245,38,81,117
253,26,75,133
247,27,78,123
252,34,79,122
245,46,85,108
236,37,103,115
241,43,93,104
233,40,96,112
236,48,96,96
239,48,92,101
236,37,93,111
248,39,76,107
238,42,89,107
241,38,89,112
236,45,91,105
235,38,96,116
244,39,84,106
239,35,89,121
244,36,84,120
243,31,84,118
242,39,86,110
238,44,94,109
237,43,91,102
238,37,95,110
249,30,81,123
256,30,74,127
246,39,85,115
256,39,76,117
245,30,91,126
240,31,96,126
254,39,79,116
245,51,96,104
246,38,97,112
250,44,93,110
254,36,88,121
244,39,106,119
256,39,85,120
246,42,101,113
250,36,88,119
249,42,92,111
248,40,92,115
249,41,93,110
249,40,89,118
250,38,88,114
247,45,91,106
238,42,102,114
239,44,100,98
238,51,94,90
249,42,82,110
246,39,84,113
247,47,91,108
237,36,102,113
242,33,94,118
251,29,80,128
244,28,88,118
238,33,94,120
241,36,90,116
234,36,99,118
236,45,100,105
236,42,93,111
247,37,79,115
236,32,91,122
234,38,93,117
245,43,78,110
239,40,82,114
246,34,82,122
249,30,74,122
237,42,92,110
225,55,106,93
238,57,88,87
233,66,93,83
233,41,94,102
230,46,100,104
237,46,92,115
235,43,91,113
238,45,86,114
235,55,92,101
235,41,87,108
233,55,96,90
235,62,92,88
237,50,84,100
245,41,79,117
238,41,84,116
238,50,86,103
242,39,84,120
243,37,83,126
237,44,92,116
233,51,89,94
234,46,86,107
233,59,92,95
234,48,90,107
231,53,93,99
230,49,93,111
234,52,88,97
231,51,92,103
221,60,111,88
223,51,98,96
221,54,105,97
225,61,100,84
218,58,112,94
222,59,110,88
222,66,114,82
217,48,105,95
224,51,101,103
218,62,106,84
227,55,102,96
225,63,104,83
218,65,117,87
213,49,123,98
217,40,115,114
227,49,98,93
221,55,119,98
230,46,101,109
233,53,89,97
231,56,111,99
221,45,107,106
223,59,117,86
230,58,108,94
234,56,91,96
231,58,105,101
238,48,88,106
233,47,98,110
226,62,106,89
224,68,122,83
230,63,107,91
226,72,116,78
225,57,117,94
230,55,113,100
226,55,118,97
233,56,109,97
229,63,118,85
231,48,114,102
238,39,97,123
245,46,89,108
246,47,89,109
247,39,86,120
248,38,86,128
240,34,94,130
241,38,95,125
243,40,96,118
247,43,95,118
251,45,91,112
254,34,86,130
249,40,92,123
265,33,74,131
263,27,79,138
265,30,78,136
267,28,79,140
266,33,83,131
272,31,80,135
272,36,84,134
271,37,83,124
279,52,76,105
269,65,86,93
269,66,92,84
273,72,90,80
267,63,98,87
262,72,107,74
265,75,106,70
267,81,105,65
275,80,98,69
275,89,93,60
277,84,95,67
276,82,96,72
273,88,101,62
272,80,106,70
270,83,107,69
267,87,116,61
269,90,110,59
273,83,96,64
271,83,102,70
271,84,107,66
268,91,108,58
269,89,107,58
271,87,116,57
271,81,116,66
273,78,117,70
273,78,116,72
277,68,113,78
278,70,112,78
280,67,109,84
278,68,97,90
286,52,94,99
288,46,95,109
289,34,85,121
292,43,92,116
296,37,73,117
284,53,87,105
283,58,104,89
276,70,123,70
281,71,122,73
285,73,115,69
270,57,123,87
273,66,132,74
276,63,120,84
277,64,120,81
276,66,121,76
278,71,122,71
280,64,114,78
275,70,129,69
274,63,123,78
275,53,119,90
273,61,110,86
279,50,100,102
281,43,86,112
280,46,97,101
284,48,89,103
286,48,86,109
280,46,91,107
278,40,93,111
282,39,85,115
281,48,90,106
278,43,97,108
283,56,87,92
272,55,104,98
269,44,100,111
284,47,81,103
271,55,99,98
266,46,98,107
274,42,87,113
269,37,85,113
263,47,99,106
261,47,98,101
260,46,93,106
253,48,107,102
247,46,107,108
252,41,97,121
255,44,89,107
247,40,93,116
252,36,88,123
241,31,95,128
253,36,85,123
243,39,88,122
247,38,85,125
246,35,85,123
245,37,80,125
245,34,87,128
243,35,89,122
244,34,78,137
244,33,84,125
240,35,83,131
241,39,79,128
244,39,80,126
235,43,85,131
242,40,81,124
237,40,88,127
237,38,86,133
231,40,96,125
237,42,93,127
230,45,97,126
238,50,89,118
240,47,84,127
238,37,86,132
235,37,92,138
231,36,100,139
231,37,104,143
228,46,110,131
232,47,103,132
236,45,94,134
234,48,97,127
235,50,99,126
234,47,101,121
243,45,95,132
241,47,98,134
237,49,106,132
238,46,105,139
242,51,106,133
244,52,102,129
238,49,107,134
242,52,107,134
241,54,113,130
247,47,102,143
257,58,94,130
247,48,106,137
258,55,94,134
253,53,98,130
255,53,98,136
246,49,116,141
255,56,102,135
252,44,105,144
256,56,99,129
249,54,111,131
251,59,108,128
249,54,107,138
257,49,98,145
256,54,100,133
257,54,102,136
251,46,109,143
258,49,100,136
257,48,101,142
258,54,99,139
257,42,95,148
257,47,98,143
264,49,92,144
255,42,104,150
257,52,106,136
260,51,102,141
255,57,108,132
255,53,107,135
253,51,108,142
261,47,97,148
256,45,105,150
263,55,100,134
259,47,103,142
259,41,103,155
268,46,92,152
257,44,114,148
258,43,109,150
264,51,106,143
266,55,106,140
265,54,102,142
275,51,94,142
265,50,106,146
281,45,93,159
277,38,88,160
273,43,103,157
280,45,97,150
275,53,112,144
278,45,99,159
278,42,105,151
275,39,117,165
282,44,108,151
280,47,117,158
280,34,109,178
279,41,118,164
281,44,118,155
286,52,109,148
279,53,106,155
289,50,102,163
283,50,105,165
285,57,104,164
279,62,109,156
277,60,118,167
272,59,121,163
267,53,133,171
266,58,134,170
275,61,124,164
276,63,119,169
265,66,125,162
269,63,129,172
260,66,140,164
268,55,136,181
266,58,132,172
261,72,132,171
273,71,120,169
260,65,135,168
258,70,141,175
257,65,140,184
254,70,136,164
254,67,138,185
259,70,128,172
252,63,138,182
248,60,143,193
245,61,146,200
247,61,147,209
241,54,145,212
255,54,131,210
242,53,151,214
247,53,149,220
248,54,144,228
240,41,152,226
227,48,154,218
244,47,148,223
239,51,149,205
240,59,139,208
240,61,150,206
231,59,146,217
227,62,161,218
236,64,151,224
229,61,160,206
237,65,152,211
233,67,145,220
241,66,143,231
229,78,153,203
234,73,156,220
216,68,168,225
233,68,159,220
220,62,179,228
222,78,179,215
226,89,152,205
216,88,169,208
226,80,166,219
212,80,170,223
221,97,159,210
218,83,172,227
224,89,163,223
224,75,171,239
224,81,156,233
234,81,153,240
223,80,155,247
239,89,149,231
224,95,171,226
231,89,170,246
