259,304,29,30
237,300,28,27
210,294,32,26
193,284,34,26
197,274,30,28
211,265,32,27
209,262,33,27
171,255,32,25
145,251,36,26
106,236,36,27
80,229,38,30
88,228,36,27
81,231,40,27
108,221,41,27
139,208,40,29
130,189,38,35
114,173,40,35
137,156,35,31
150,150,37,29
160,142,38,27
171,134,38,24
186,124,44,24
203,118,42,25
211,116,46,27
210,112,43,31
219,125,39,27
244,134,35,21
254,129,32,22
250,135,37,23
243,142,38,28
244,148,42,23
252,151,40,24
257,156,41,24
264,157,40,25
275,154,44,28
286,145,38,31
304,144,40,32
322,147,41,36
326,146,40,35
321,149,35,33
304,148,35,39
303,150,41,34
301,150,44,35
307,150,35,33
309,137,32,35
301,119,34,31
304,103,32,26
306,88,35,27
307,85,34,27
307,76,35,24
301,64,37,27
293,64,39,25
277,63,42,26
267,60,44,27
269,62,42,27
251,69,37,29
251,76,35,32
243,85,36,35
216,96,33,37
192,103,34,34
158,111,35,38
146,119,33,38
179,114,33,32
224,105,30,33
203,95,31,32
174,117,33,37
181,132,32,31
207,110,38,28
222,107,41,29
240,125,43,28
251,133,42,28
268,119,38,30
259,107,38,31
254,97,36,35
273,94,33,36
290,93,38,38
292,94,35,37
300,96,39,40
309,106,42,33
318,116,48,29
332,129,44,25
348,145,45,27
360,159,41,26
365,170,35,26
370,174,29,30
369,185,31,32
383,189,35,33
387,202,41,35
384,204,32,33
392,205,33,35
396,203,30,40
398,206,36,39
410,197,32,39
411,194,31,37
413,189,29,30
408,182,32,25
408,168,34,25
410,154,30,27
404,138,35,28
403,120,39,36
404,106,36,43
404,97,38,37
407,87,40,33
408,78,41,37
405,79,41,36
402,78,39,41
400,76,37,45
400,74,39,47
408,77,34,39
416,77,34,40
411,84,35,42
415,98,34,43
415,109,32,44
412,119,34,45
410,129,34,40
411,137,30,39
407,144,33,44
401,155,34,45
401,165,34,41
398,174,33,41
397,184,38,38
393,194,39,32
394,202,34,29
397,210,29,30
394,218,26,26
393,224,30,24
393,229,30,24
393,236,30,26
390,243,32,25
388,248,33,25
388,253,34,27
388,257,31,28
386,263,32,27
383,262,34,27
382,263,39,25
381,263,37,23
379,257,34,25
381,248,30,25
376,239,29,23
377,228,28,24
372,213,27,24
373,191,28,27
374,167,28,31
375,145,27,31
382,123,27,29
381,104,28,35
384,90,25,36
384,70,31,37
384,56,36,40
387,46,36,36
389,41,36,36
391,33,38,32
390,25,42,30
391,16,48,35
389,11,49,38
394,5,48,35
393,6,50,35
395,9,49,32
395,11,49,32
394,20,50,33
395,25,46,32
396,32,48,35
396,41,49,38
399,51,46,37
401,64,40,34
403,76,35,35
407,94,35,39
411,100,30,47
411,126,29,47
410,142,34,43
414,152,37,43
414,162,38,40
414,174,40,37
414,185,39,33
411,195,36,32
410,204,38,30
405,211,32,27
399,213,32,22
393,213,31,21
387,211,28,25
380,210,27,27
372,209,29,28
366,211,30,25
359,209,31,25
357,208,30,25
357,203,29,26
357,200,30,25
357,195,33,26
364,189,33,26
373,183,34,26
385,177,33,25
401,175,31,24
415,168,28,22
433,165,29,24
448,161,31,25
461,161,37,22
470,161,42,23
472,161,47,26
480,163,47,26
484,166,42,30
485,167,42,30
491,170,37,32
488,176,37,30
488,180,37,31
486,188,34,29
481,194,34,29
475,195,35,31
463,198,39,29
459,196,34,29
442,196,34,24
419,190,37,22
407,182,33,22
398,175,35,22
389,173,34,22
380,168,34,26
374,165,30,28
372,163,28,28
367,162,28,29
367,160,28,31
369,155,26,34
374,155,28,34
383,150,32,31
392,153,34,27
402,152,37,27
410,151,39,26
419,152,40,25
429,151,43,28
438,151,42,35
447,152,42,34
455,156,39,33
460,164,37,31
467,166,37,31
471,174,37,29
475,181,37,29
481,185,33,33
482,188,30,35
480,193,34,35
475,192,33,38
469,200,33,32
464,199,32,34
457,199,33,34
457,196,28,35
457,196,28,35
457,196,28,35
457,196,28,35
457,196,28,35
457,196,28,35
457,196,28,35
457,196,28,35
457,196,28,35
457,196,28,35
392,193,24,33
385,198,28,32
378,196,32,36
377,200,31,33
376,201,35,33
377,204,33,27
380,205,33,26
388,204,32,26
394,201,36,25
405,192,32,28
423,186,29,25
438,179,28,25
453,170,29,29
469,165,27,30
484,161,32,32
491,161,40,32
509,156,39,38
519,156,40,44
518,157,46,45
528,161,48,42
534,164,48,43
538,170,47,42
546,172,43,39
551,175,42,35
555,172,39,37
555,172,40,36
555,169,38,38
549,167,41,38
544,164,44,38
538,160,42,39
529,156,44,37
517,147,46,39
506,143,44,44
497,133,45,39
483,134,49,34
470,134,50,27
460,134,47,28
451,139,43,23
436,143,38,26
438,146,31,23
429,150,29,22
423,153,30,21
422,157,26,18
415,162,27,20
408,167,30,18
403,172,32,20
401,176,34,24
400,180,33,28
401,182,32,30
404,185,33,29
407,187,31,31
413,188,29,28
422,185,25,29
429,181,27,27
442,175,28,25
454,168,27,27
467,161,30,25
481,154,33,24
488,147,39,29
498,141,44,30
504,139,48,29
508,139,49,29
517,138,45,30
519,141,43,29
522,147,42,29
524,152,39,30
525,159,39,29
525,165,36,28
520,172,34,33
516,179,34,32
514,186,34,34
505,195,36,34
506,196,29,36
494,198,33,32
487,200,33,27
476,192,39,29
468,190,37,23
457,184,42,22
451,182,36,23
447,176,34,23
443,172,33,27
440,171,33,26
443,168,28,28
443,170,28,25
443,171,31,27
445,174,29,28
448,178,28,29
450,182,30,31
451,184,32,34
451,188,34,36
455,187,31,37
456,195,30,36
457,195,29,41
458,195,28,43
455,198,31,41
456,201,30,37
455,197,32,39
450,200,33,33
446,193,37,30
440,184,41,29
431,175,43,24
423,159,47,27
422,144,47,27
423,125,45,34
428,111,37,39
428,99,35,43
425,92,36,38
429,77,32,43
424,74,32,46
422,74,35,47
423,75,34,50
416,80,38,54
414,83,37,52
416,88,33,50
414,110,36,43
415,124,32,36
415,138,26,41
413,146,30,49
410,153,30,47
409,161,29,46
401,169,31,42
393,178,33,37
385,184,35,36
382,187,34,30
375,186,34,32
376,188,29,31
367,186,35,28
365,185,35,28
360,181,38,31
359,178,38,29
353,178,42,28
350,177,46,29
348,181,48,26
345,180,52,28
344,179,55,29
346,176,52,31
351,175,47,33
353,174,47,30
353,173,49,29
356,172,48,30
354,173,52,30
359,171,49,27
362,169,50,27
366,165,46,28
367,160,43,33
375,154,41,34
377,153,46,35
373,155,56,32
373,155,60,32
372,150,58,37
368,147,61,39
363,144,64,40
367,137,58,40
357,139,52,33
357,127,49,30
351,115,48,35
339,114,46,34
331,104,40,41
318,98,40,44
307,99,37,41
292,102,39,34
279,103,39,34
264,109,40,28
258,112,36,29
249,116,40,31
244,122,44,30
240,128,45,30
233,135,52,34
244,139,51,35
246,149,47,37
249,159,42,42
256,173,44,36
263,186,37,35
277,193,31,42
286,205,32,41
298,216,31,42
315,224,31,42
326,226,30,39
326,226,30,39
326,226,30,39
326,226,30,39
326,226,30,39
326,226,30,39
326,226,30,39
326,226,30,39
326,226,30,39
326,226,30,39
326,226,30,39
326,226,30,39
326,226,30,39
326,226,30,39
326,226,30,39
326,226,30,39
326,226,30,39
326,226,30,39
326,226,30,39
326,226,30,39
326,226,30,39
326,226,30,39
326,226,30,39
326,226,30,39
326,226,30,39
326,226,30,39
350,225,25,39
337,229,28,42
322,228,33,44
308,226,32,44
295,221,36,49
287,219,38,45
283,217,35,39
283,206,35,43
283,200,35,41
284,193,39,38
291,184,40,36
303,176,40,33
316,165,46,34
325,159,53,33
340,150,56,34
358,145,55,37
372,150,56,30
380,152,58,28
382,154,54,28
391,155,55,27
387,155,57,30
387,154,59,32
386,152,57,35
389,157,50,33
389,158,42,34
386,163,41,34
387,165,37,30
385,165,34,32
384,166,32,33
385,167,30,35
384,167,32,34
385,169,33,34
389,172,32,33
391,178,33,32
393,184,37,31
399,192,35,31
400,202,37,30
406,210,37,33
409,217,36,37
411,224,35,38
411,230,38,42
412,237,33,42
406,242,37,42
399,242,38,43
401,237,33,43
400,237,24,39
399,226,22,37
399,226,22,37
399,226,22,37
399,226,22,37
399,226,22,37
399,226,22,37
403,227,17,38
408,239,18,32
412,243,22,36
416,249,27,34
429,249,30,33
429,250,33,38
436,253,34,40
442,252,37,45
450,252,38,49
451,245,40,54
451,234,42,58
450,222,44,59
449,214,40,50
441,205,41,42
428,189,48,39
421,176,44,37
411,163,46,33
403,149,42,38
392,133,44,37
379,124,49,33
370,120,45,34
361,117,44,36
355,114,39,36
348,112,39,37
333,117,44,32
324,119,41,37
322,121,37,31
312,120,40,38
309,118,41,42
301,114,41,49
296,116,44,51
285,117,50,49
286,119,45,44
281,122,44,37
277,122,42,37
277,125,44,36
279,135,42,35
282,145,43,33
286,151,45,29
294,153,44,28
295,156,42,30
295,157,41,29
293,160,41,28
293,163,44,24
289,161,43,28
283,163,44,31
280,164,47,30
278,163,47,32
277,161,48,31
278,156,47,34
284,151,39,37
282,148,44,35
288,141,43,39
297,139,46,36
309,129,42,40
322,125,39,43
330,121,42,48
341,117,47,44
354,119,44,39
372,122,39,33
385,125,31,30
390,129,35,34
391,136,37,33
399,143,37,34
405,145,40,34
410,148,42,40
411,149,44,44
413,153,46,43
415,162,43,40
412,172,46,36
408,180,45,33
402,189,43,31
398,193,42,30
393,200,39,30
389,203,41,32
382,207,38,38
372,207,39,40
374,205,29,34
377,206,22,32
377,206,22,32
377,206,22,32
377,206,22,32
377,206,22,32
377,206,22,32
377,206,22,32
377,206,22,32
377,206,22,32
377,206,22,32
377,206,22,32
377,206,22,32
377,206,22,32
377,206,22,32
377,206,22,32
377,206,22,32
377,206,22,32
377,206,22,32
377,206,22,32
377,206,22,32
377,206,22,32
377,206,22,32
377,206,22,32
377,206,22,32
377,206,22,32
330,153,28,26
347,113,30,33
355,117,33,33
363,113,36,35
372,109,36,39
375,111,39,45
375,118,40,50
376,128,44,43
376,140,41,39
372,151,43,36
368,160,45,35
364,162,43,33
358,159,41,32
353,149,45,37
345,141,45,34
339,129,40,37
333,118,36,43
326,111,31,45
314,110,37,40
311,104,39,43
301,107,42,38
295,112,40,33
293,112,44,33
289,115,47,31
294,116,38,30
283,115,43,34
280,122,45,36
277,130,44,41
273,139,42,44
270,147,47,40
266,157,45,37
264,168,46,36
263,175,49,34
265,184,47,31
266,186,49,31
267,190,47,27
267,186,47,29
271,178,42,33
267,171,43,33
267,162,45,35
268,151,46,39
272,140,43,40
279,129,39,44
279,119,42,46
288,114,34,48
294,111,38,45
301,111,39,40
304,114,42,35
313,114,37,39
317,118,37,41
324,118,37,43
324,125,39,41
336,127,33,38
339,139,31,31
338,148,32,28
343,153,32,30
344,163,33,29
347,171,32,27
353,178,33,25
353,180,36,28
354,184,37,35
356,182,36,40
359,185,37,39
358,187,39,41
360,190,38,38
361,192,40,34
359,193,44,32
358,193,47,30
361,192,43,29
362,190,43,29
365,186,41,34
367,185,41,40
375,187,40,34
380,187,38,37
388,180,44,40
396,166,46,47
400,152,43,48
406,146,47,41
408,135,49,34
416,114,45,38
417,96,46,44
421,85,39,47
416,78,40,40
413,67,44,36
409,54,47,39
410,47,42,43
414,40,39,43
415,42,37,36
413,42,41,32
409,43,44,38
411,42,43,48
414,56,37,41
411,71,39,37
406,83,41,36
404,93,40,35
406,101,36,36
407,117,35,43
400,138,37,40
396,151,36,39
395,162,35,33
393,171,36,30
391,179,34,31
388,187,33,28
381,194,34,28
375,198,33,26
364,201,35,28
355,205,37,26
345,208,40,26
344,211,35,25
338,207,38,30
338,208,33,31
337,210,33,31
337,212,35,28
333,211,39,28
337,203,37,27
335,199,37,29
338,187,35,31
337,172,38,33
339,160,35,33
342,142,34,34
344,126,34,36
347,116,37,40
348,108,38,38
353,100,37,39
357,95,36,39
364,92,31,39
364,90,36,41
366,93,34,40
367,97,33,41
369,105,33,37
372,107,30,39
374,117,32,37
381,128,30,34
381,135,33,40
382,142,33,40
379,152,36,39
376,158,39,37
374,162,40,35
372,167,42,32
370,172,42,30
367,180,45,29
369,182,43,27
372,182,39,32
376,183,39,29
383,179,38,31
378,176,45,32
384,169,44,29
390,161,42,30
387,152,44,34
381,141,44,35
380,132,42,34
378,123,39,32
371,117,37,33
361,112,41,30
359,102,39,35
353,107,34,32
346,113,33,32
342,112,35,31
346,114,29,32
341,120,30,31
335,128,30,35
327,138,33,37
319,144,36,37
322,146,32,37
322,153,31,36
316,158,35,35
319,160,33,35
322,157,32,36
329,152,30,35
326,148,36,32
334,138,40,33
345,127,37,36
351,122,40,34
362,119,40,31
372,118,42,29
384,118,42,28
399,118,45,26
414,122,43,31
428,128,44,36
442,128,45,39
449,136,44,38
457,141,47,39
464,145,52,36
469,152,56,37
468,164,53,38
460,175,50,36
460,177,51,34
455,182,51,34
446,190,52,32
446,198,52,31
444,206,49,34
441,214,44,37
432,223,49,34
426,231,47,38
416,237,47,41
410,237,44,47
404,241,43,44
388,247,44,45
375,248,41,43
360,251,43,41
339,255,48,40
325,254,53,34
306,248,52,33
298,233,50,38
292,216,42,39
279,207,50,33
275,186,48,38
277,166,50,42
283,149,50,45
289,133,49,38
299,118,47,35
302,107,46,33
312,98,40,31
316,89,38,31
317,82,41,34
326,75,35,35
322,78,37,34
322,87,35,31
322,87,33,33
323,89,31,34
326,93,29,33
323,102,30,30
320,111,33,33
323,121,33,33
323,135,32,38
324,146,31,37
328,154,34,35
332,157,32,38
339,162,36,36
344,170,36,33
349,171,38,38
356,174,39,34
361,178,39,33
368,180,37,35
371,183,38,34
375,185,41,30
387,184,41,29
390,174,44,30
400,171,43,29
409,163,46,31
425,155,46,29
437,145,49,28
449,138,46,27
460,131,43,30
463,124,44,32
469,123,40,31
469,120,41,36
466,119,41,36
465,118,38,38
459,120,38,38
456,127,36,36
447,135,37,37
436,145,40,35
425,155,40,35
409,165,44,37
394,177,43,32
379,186,45,31
361,194,40,32
350,203,37,23
338,206,33,18
326,200,32,23
317,198,31,22
308,194,29,25
299,187,30,29
288,183,34,27
282,180,38,26
274,174,37,26
268,165,37,26
265,158,38,24
266,149,33,24
266,137,32,28
267,135,28,27
265,131,29,28
264,129,31,28
266,130,29,24
265,128,30,28
264,130,28,27
264,131,33,25
262,134,33,24
261,136,33,25
261,142,37,24
261,148,39,25
262,156,37,25
265,164,40,25
273,173,36,24
275,185,38,25
285,194,38,24
295,202,35,25
309,209,33,25
323,209,31,28
334,211,29,26
348,212,30,20
358,205,30,21
370,191,28,24
375,174,27,24
381,153,27,26
382,137,29,25
379,118,31,28
381,101,29,25
381,88,28,25
381,76,29,27
380,64,33,28
382,56,32,28
380,50,35,26
379,46,34,28
377,42,36,29
375,42,41,28
376,42,39,28
375,44,38,26
375,47,39,28
373,54,38,27
374,62,32,29
374,73,30,31
375,85,26,31
374,97,25,28
372,115,27,26
371,131,27,29
368,147,33,33
367,163,33,35
362,172,31,39
355,183,33,34
352,190,35,31
350,192,37,30
347,193,37,34
339,197,37,30
335,196,37,34
331,195,34,40
327,200,37,35
326,204,33,30
324,206,29,31
324,207,25,28
321,207,26,29
323,208,23,25
317,205,24,26
315,203,27,25
314,200,25,26
312,191,25,28
309,183,27,31
305,171,30,37
298,160,34,35
302,149,30,34
300,135,30,32
299,122,31,28
304,108,34,25
305,92,32,33
305,80,33,39
309,68,32,41
313,61,35,34
317,55,31,31
321,50,29,35
325,47,28,39
327,42,28,44
328,45,32,41
331,52,28,33
332,56,29,31
332,61,29,33
332,67,31,38
332,74,30,46
333,93,29,40
331,108,36,35
331,128,39,40
331,138,34,40
333,143,30,41
332,150,30,35
327,157,31,33
324,166,29,28
318,174,30,26
309,178,32,25
300,182,35,22
295,184,32,23
287,186,32,24
276,186,36,23
268,186,32,22
261,185,31,23
252,184,31,24
242,180,36,26
235,176,31,29
230,169,29,30
223,163,30,29
217,159,33,28
215,152,31,28
214,149,30,26
210,146,34,25
210,145,33,24
210,144,33,23
210,143,32,23
209,146,35,21
208,149,35,24
209,156,36,22
209,160,35,25
212,169,36,24
217,175,35,25
225,183,35,26
232,190,34,25
240,196,34,27
252,196,31,31
263,197,28,28
275,201,29,28
288,198,29,26
294,190,32,24
304,180,30,26
307,167,35,25
312,150,33,26
312,133,33,28
308,118,35,27
305,108,32,28
301,95,34,32
296,83,37,38
293,82,37,34
293,75,35,38
285,78,37,37
284,79,35,37
280,82,35,37
272,90,37,35
274,95,35,31
270,100,36,31
267,107,34,31
265,113,31,31
265,120,29,30
263,127,28,30
252,139,34,27
252,148,37,28
251,164,37,27
252,173,35,28
256,178,32,24
262,180,31,23
260,177,36,23
267,170,38,26
274,163,38,24
278,160,42,26
284,152,42,28
290,152,40,25
293,152,40,24
298,151,41,25
306,148,36,26
314,149,34,29
315,157,31,28
322,157,28,30
330,157,28,27
337,158,28,28
343,157,29,31
352,156,30,28
358,149,35,31
364,149,40,29
373,143,38,30
381,139,37,30
388,133,40,28
397,133,38,27
402,131,40,27
408,130,42,28
406,131,44,26
407,129,45,28
404,135,49,27
399,140,51,30
402,148,47,30
393,155,49,32
387,162,42,39
376,173,40,38
359,184,40,39
336,196,44,35
314,206,45,33
292,205,46,30
278,207,40,21
256,200,43,24
250,190,40,28
238,179,40,31
234,162,38,38
229,146,40,35
228,129,41,37
226,114,41,30
230,104,38,27
227,91,41,28
223,81,43,28
226,73,43,27
231,72,41,26
230,69,38,27
230,68,39,26
228,68,42,25
227,69,42,25
229,74,40,23
227,80,43,21
226,85,40,25
228,94,37,26
226,103,36,28
225,120,31,21
223,132,32,22
220,137,34,26
218,141,35,29
219,144,36,28
222,144,36,32
226,147,36,31
227,147,36,30
230,148,35,30
232,148,34,30
231,149,37,29
230,152,36,30
229,153,37,32
231,159,32,30
231,161,34,31
230,167,36,29
230,173,35,28
230,178,38,28
232,184,45,23
241,186,43,23
251,187,39,24
262,188,37,24
265,187,34,25
276,188,35,22
285,187,40,23
290,186,41,22
302,186,41,25
310,186,48,27
318,187,47,30
324,190,48,33
337,197,41,33
348,196,36,36
358,204,32,35
365,207,32,39
365,206,37,44
367,210,39,43
369,211,34,46
362,215,37,47
358,217,34,50
348,226,34,48
339,229,33,47
322,239,37,43
308,241,37,39
297,248,39,33
280,247,35,32
270,243,35,33
258,234,38,29
245,225,41,32
232,214,46,25
227,203,44,27
218,197,45,24
220,187,40,28
212,188,37,25
212,181,37,26
208,178,41,26
200,177,41,25
198,175,43,25
197,173,41,25
198,173,36,25
194,176,39,23
192,179,41,22
193,182,42,21
198,182,41,24
205,183,41,25
214,184,39,27
222,184,41,27
234,184,41,25
247,183,39,23
260,184,37,20
273,181,36,24
281,180,38,22
293,177,42,24
304,174,38,26
313,173,38,27
321,173,41,29
329,172,40,35
333,180,39,29
336,185,40,29
340,189,39,29
341,195,38,28
342,198,33,30
341,196,30,34
338,197,30,35
330,198,30,34
328,201,28,27
326,199,24,25
326,199,24,25
326,199,24,25
326,199,24,25
326,199,24,25
326,199,24,25
326,199,24,25
326,199,24,25
326,199,24,25
326,199,24,25
326,199,24,25
326,199,24,25
326,199,24,25
326,199,24,25
326,199,24,25
326,199,24,25
325,207,22,28
330,211,22,24
333,209,20,26
333,209,22,26
280,187,25,29
269,201,29,34
294,215,37,37
310,235,45,42
334,264,47,47
355,301,59,48
355,301,59,48
355,301,59,48
355,301,59,48
355,301,59,48
355,301,59,48
355,301,59,48
411,246,48,40
402,245,42,36
402,245,42,36
374,238,41,30
374,238,41,30
374,238,41,30
325,209,43,29
325,209,43,29
325,209,43,29
285,179,43,27
273,168,44,29
261,159,49,30
254,150,45,32
240,142,47,29
232,134,48,29
222,126,47,36
212,115,44,34
199,106,46,32
190,96,42,33
183,89,36,29
165,82,41,30
155,75,40,32
147,68,36,35
132,69,31,33
114,66,37,35
100,62,42,39
103,64,38,36
85,69,45,34
73,70,43,32
63,74,41,31
51,75,40,33
43,78,37,29
38,81,33,29
30,85,30,23
30,85,30,23
5,90,34,25
5,85,30,30
0,85,26,27
0,84,24,26
-4,85,22,27
-4,85,22,27
-4,85,22,27
-4,85,22,27
-4,85,22,27
-4,85,22,27
-4,85,22,27
-4,85,22,27
-4,85,22,27
-4,85,22,27
-4,85,22,27
-4,85,22,27
-4,85,22,27
-4,85,22,27
-4,85,22,27
-4,85,22,27
-2,126,20,23
3,129,20,22
4,128,24,25
6,132,26,25
8,137,30,26
20,138,31,25
25,143,32,25
30,144,32,27
38,147,33,31
43,151,35,28
43,156,33,26
50,158,31,25
52,158,28,25
49,160,34,25
57,161,31,28
58,167,27,26
61,167,30,25
58,170,33,26
63,171,35,25
62,171,37,25
67,174,35,24
73,175,35,25
70,182,37,23
79,183,34,26
81,188,32,23
86,188,32,25
87,191,35,23
92,191,36,26
90,195,42,24
92,199,44,23
101,198,38,27
104,204,39,23
103,208,40,24
109,212,42,23
111,214,43,25
113,219,42,24
121,221,39,24
124,227,36,24
131,228,37,22
132,229,37,22
140,230,37,24
146,230,37,24
149,231,35,24
156,232,36,24
164,233,34,23
171,233,34,23
178,232,34,24
185,232,33,23
190,231,35,22
195,231,34,23
196,229,37,24
204,230,32,23
208,229,34,24
214,230,34,22
217,231,36,21
220,232,35,21
225,229,37,24
229,229,35,24
232,229,34,24
236,228,37,25
240,227,34,25
242,228,33,23
247,229,33,23
250,231,32,21
255,230,31,23
258,227,31,25
264,227,30,22
261,227,35,20
269,220,33,24
273,222,29,20
276,220,26,21
279,215,27,22
278,214,27,23
277,210,32,26
283,210,29,24
284,211,26,24
284,210,25,22
285,209,26,23
284,208,29,23
287,207,30,23
285,206,31,24
286,208,30,22
284,205,31,23
283,202,35,25
281,201,37,25
283,200,34,23
284,198,32,24
286,198,30,21
290,196,25,21
292,194,21,24
292,192,20,23
292,192,22,24
292,191,25,24
294,193,22,23
293,192,25,25
290,192,29,25
292,192,26,22
292,191,27,25
294,191,24,22
297,192,21,21
295,190,22,25
298,191,18,22
296,192,21,23
298,194,21,22
301,194,18,23
304,196,18,22
304,197,20,22
306,197,21,24
309,199,19,22
312,201,20,23
314,201,21,25
315,204,24,22
315,205,26,21
318,205,29,23
317,206,32,22
320,206,31,22
321,207,32,23
322,208,33,23
324,207,33,24
325,207,34,24
327,207,36,25
328,207,34,25
328,207,34,23
332,208,33,21
332,206,33,21
332,205,35,20
330,204,37,23
331,203,38,23
333,202,33,24
335,201,32,23
337,200,29,24
335,201,33,22
339,199,30,25
339,198,34,24
343,199,32,24
341,198,36,24
344,197,35,25
346,199,37,23
351,197,33,24
352,196,35,25
355,198,32,22
356,197,34,24
356,197,36,24
356,197,40,23
362,196,35,25
363,195,34,25
362,194,37,25
359,193,40,25
364,194,35,23
363,192,37,24
361,190,41,28
362,191,39,28
362,193,38,25
362,193,39,26
364,195,35,24
363,194,36,24
362,195,37,25
361,197,39,25
360,198,41,24
362,196,38,29
359,198,42,27
363,201,37,22
362,198,35,27
363,199,35,24
363,198,35,25
363,197,36,26
362,195,37,27
365,194,36,26
362,193,40,27
366,194,34,26
366,194,33,23
365,192,36,28
365,195,38,24
364,194,37,25
362,193,40,27
364,195,40,26
363,195,40,26
363,194,41,26
366,196,37,24
364,194,37,25
363,193,39,26
363,194,39,24
366,195,35,25
365,194,35,27
364,193,36,28
361,195,40,27
362,195,37,25
362,192,34,27
360,194,38,25
358,194,41,26
359,193,42,26
361,195,38,25
363,194,35,25
363,193,34,26
361,192,35,26
363,192,32,26
363,192,34,26
362,190,34,27
365,191,32,25
362,193,33,24
362,192,34,26
363,192,32,26
361,191,38,26
363,191,36,26
363,191,35,23
363,190,35,25
362,191,37,24
361,192,39,24
365,193,34,22
365,191,33,23
363,189,36,27
363,191,38,25
366,190,34,26
366,192,34,25
367,191,34,25
365,191,36,24
366,193,38,23
363,193,41,24
366,191,39,27
370,192,34,26
368,192,36,26
369,195,36,24
367,196,36,22
368,195,38,25
367,196,40,27
368,196,38,27
369,198,37,24
367,198,38,24
368,198,37,25
364,200,39,24
364,199,38,25
365,199,37,25
368,200,33,25
361,197,35,28
363,198,34,25
363,198,34,26
361,197,34,26
360,198,36,24
361,196,35,25
359,196,38,25
357,195,41,25
359,196,40,24
359,194,37,27
360,194,37,27
360,194,37,26
358,193,40,25
359,193,37,26
358,192,38,27
361,192,37,25
360,191,37,24
360,190,37,25
363,188,34,27
364,188,32,26
366,189,33,24
365,189,35,24
365,189,35,25
365,188,34,25
366,188,35,26
367,189,33,25
368,189,31,24
366,188,31,27
366,188,31,24
363,187,35,26
362,187,38,26
363,189,36,24
360,189,37,24
358,191,40,23
359,189,37,26
360,188,35,28
360,191,36,24
361,189,34,25
362,190,33,25
359,189,38,27
362,189,36,26
359,187,38,28
359,190,35,25
362,190,31,26
359,189,33,26
356,188,35,26
357,189,34,26
353,190,37,25
352,190,37,25
352,189,37,26
353,189,36,25
353,190,34,25
354,189,33,26
354,189,34,26
354,188,35,28
353,191,37,26
352,192,39,26
353,194,38,25
355,194,34,24
355,193,35,25
354,194,38,25
356,194,35,26
357,194,37,25
358,195,38,25
362,196,36,25
363,200,33,24
373,201,34,26
391,207,36,25
418,209,31,24
459,225,29,23
504,239,26,24
537,264,27,26
562,287,31,27
607,329,30,23
607,329,30,23
607,329,30,23
554,325,32,23
554,325,32,23
