375,92,103,115
383,99,91,107
379,89,95,122
385,100,86,100
387,98,81,102
376,93,100,109
381,92,93,121
378,90,96,127
378,86,84,141
377,91,81,133
380,93,80,129
379,85,81,132
380,83,73,135
381,85,70,129
378,90,79,116
375,87,88,119
375,87,76,126
372,88,86,122
373,84,83,130
370,83,92,126
375,86,87,127
371,96,94,117
363,101,98,115
352,109,90,112
339,107,93,114
342,103,93,122
337,98,79,128
333,101,87,122
335,106,87,125
333,113,87,118
332,117,82,120
334,122,72,123
327,124,80,129
333,121,83,129
334,126,83,132
347,122,77,121
360,127,84,111
381,124,83,122
389,127,91,118
403,119,89,132
413,122,82,136
422,126,96,115
421,129,94,119
428,128,82,125
419,131,89,123
416,129,91,129
423,128,74,134
418,136,80,127
398,137,87,120
402,134,83,129
392,137,92,124
398,136,79,113
397,130,81,112
397,131,80,116
386,121,95,124
389,120,94,112
397,114,86,118
399,115,91,113
403,107,98,121
428,101,102,115
440,93,102,114
457,78,112,126
482,71,116,117
503,63,109,127
499,65,119,125
506,65,109,110
496,64,129,126
513,50,106,133
509,59,110,125
503,68,118,129
504,67,113,140
499,70,115,126
486,78,123,135
479,83,125,119
474,89,118,124
478,82,108,139
477,92,113,129
471,91,121,130
446,98,116,114
441,97,114,128
448,105,85,129
409,100,97,138
396,119,111,116
374,122,95,122
367,119,92,140
340,126,88,134
332,129,78,136
330,133,87,120
321,126,76,121
311,132,62,139
304,127,75,133
296,126,82,130
295,123,88,136
298,127,85,131
306,133,84,131
308,120,90,141
312,118,88,142
314,115,91,149
320,119,91,150
330,120,87,132
351,117,80,136
365,116,85,130
420,122,84,116
445,121,89,137
448,117,101,143
458,107,104,137
451,99,130,126
430,96,112,107
441,98,98,119
424,97,90,129
432,81,85,123
403,81,87,126
400,79,110,125
374,75,101,114
378,86,87,105
368,82,73,110
341,70,78,120
336,74,79,116
305,75,90,117
309,73,93,124
306,72,105,131
314,91,94,117
316,104,92,113
321,111,87,113
323,117,82,117
319,122,89,116
315,128,87,103
321,126,77,110
325,125,76,110
327,125,74,106
324,123,77,121
324,126,78,116
319,122,93,118
320,129,87,116
321,122,98,114
321,116,113,104
323,112,103,103
333,93,103,113
324,87,95,106
309,92,89,110
297,81,105,126
296,63,112,114
304,61,107,104
309,47,101,121
318,32,88,124
324,27,85,132
326,20,87,138
347,21,78,132
356,19,80,143
374,20,77,119
379,22,83,141
375,18,85,135
362,23,89,129
345,34,100,110
348,44,93,113
349,48,91,116
356,71,88,113
355,84,98,104
359,82,79,102
356,81,60,90
332,58,63,90
332,31,69,98
341,12,71,96
343,5,75,86
345,-3,81,82
365,-2,72,66
383,3,69,54
396,4,72,43
396,4,72,43
412,6,81,43
432,3,75,53
440,4,66,56
457,11,63,59
468,19,63,68
465,28,60,79
462,39,62,83
455,49,68,76
449,59,71,82
443,74,85,69
446,74,90,82
442,86,82,84
439,94,87,85
436,95,96,94
441,100,81,92
449,98,72,91
442,98,81,90
450,100,70,89
445,99,79,90
449,100,77,86
450,99,71,98
446,101,81,99
447,110,76,87
449,116,74,80
451,115,72,84
453,116,72,83
459,116,69,89
464,120,69,85
461,125,73,82
466,128,65,84
466,133,72,83
476,140,60,79
480,142,55,82
484,144,54,84
491,147,58,85
495,154,59,79
503,151,67,88
511,147,82,97
509,154,92,92
507,158,107,91
506,162,110,93
506,165,109,95
512,173,88,92
517,168,81,104
516,167,91,105
521,163,76,111
520,171,79,98
517,168,74,93
521,159,76,94
516,152,95,110
521,154,84,102
520,151,89,103
519,150,101,103
525,156,88,96
529,156,85,97
532,150,87,107
532,153,84,107
527,161,76,92
518,159,86,98
514,166,72,91
497,164,74,90
495,161,78,99
491,160,74,91
484,155,76,95
466,164,73,91
450,163,82,93
453,167,58,81
431,162,68,90
429,154,69,95
421,154,63,91
407,152,71,94
401,153,75,93
387,149,76,100
376,147,83,104
372,159,79,94
369,168,77,85
369,165,67,92
366,175,69,79
371,177,66,74
374,170,58,85
372,178,59,76
374,174,61,81
375,173,61,80
367,168,73,89
373,166,58,100
368,170,61,91
367,167,65,94
367,160,69,102
373,162,64,97
378,159,61,101
379,162,65,96
387,161,61,95
387,161,65,95
390,159,69,102
395,176,66,90
395,189,63,81
399,197,59,71
406,190,55,86
410,190,66,90
414,191,58,98
428,191,55,89
433,188,55,82
437,186,64,78
442,183,57,80
443,186,60,79
443,188,62,80
446,195,59,78
449,191,59,79
450,195,55,76
452,195,63,71
460,200,50,73
464,200,48,69
469,199,49,70
471,198,54,75
470,203,59,71
477,201,48,80
495,207,47,69
497,207,48,67
500,207,52,62
515,205,53,62
519,206,63,68
518,211,72,75
520,198,85,79
525,186,85,97
531,174,73,88
535,161,77,97
545,156,71,93
519,137,86,100
521,136,88,107
522,138,82,107
508,128,93,99
486,120,82,114
478,115,83,102
465,108,92,97
446,96,100,100
437,85,99,96
445,75,80,112
428,71,81,118
421,77,90,103
415,78,75,101
401,83,86,98
394,80,79,105
383,84,86,106
385,94,61,100
381,98,69,97
371,99,80,101
350,100,74,104
343,93,89,116
354,102,78,105
361,101,77,107
367,101,74,111
374,103,79,106
392,102,79,106
395,110,83,96
395,107,89,104
375,112,88,91
355,98,78,102
331,97,75,103
301,100,85,104
276,103,89,100
255,112,72,86
226,118,81,75
217,109,87,89
206,108,84,98
223,107,96,93
235,116,82,84
235,122,76,87
214,119,68,92
215,116,51,95
192,122,56,83
183,120,60,83
176,120,63,79
179,117,57,89
174,120,59,87
175,127,68,76
181,133,62,76
185,139,66,70
200,143,62,73
216,157,61,74
230,170,58,68
230,170,58,68
272,202,56,70
286,204,58,64
298,204,63,70
310,198,68,75
316,190,71,82
324,192,65,71
333,183,70,74
347,181,66,69
360,174,63,71
366,172,75,80
374,167,65,73
380,170,64,67
385,176,70,57
384,170,65,64
383,163,61,70
377,155,68,75
375,158,80,63
374,160,70,56
361,164,68,48
357,169,61,51
346,175,53,53
336,183,50,53
336,183,50,53
293,156,50,57
278,166,52,48
266,169,55,42
249,165,55,44
241,191,62,44
240,221,60,46
250,222,65,47
247,226,70,46
247,226,70,46
247,226,70,46
247,226,70,46
247,226,70,46
247,226,70,46
247,226,70,46
247,226,70,46
247,226,70,46
247,226,70,46
247,226,70,46
247,226,70,46
247,226,70,46
247,226,70,46
247,226,70,46
247,226,70,46
247,226,70,46
247,226,70,46
247,226,70,46
247,226,70,46
312,250,64,54
312,250,64,54
312,250,64,54
312,250,64,54
321,241,58,61
322,239,62,67
322,239,62,67
322,239,62,67
322,239,62,67
284,247,57,75
284,247,57,75
284,247,57,75
284,247,57,75
284,247,57,75
192,106,52,65
176,109,62,55
162,118,67,61
162,113,61,70
146,112,57,65
132,114,62,57
131,114,67,55
133,116,61,53
126,110,66,61
117,105,70,56
120,103,61,53
108,101,64,47
101,87,69,55
100,88,72,53
96,78,70,66
99,80,58,55
101,79,50,61
88,84,59,57
84,85,67,55
87,84,64,56
68,89,67,53
70,89,65,62
68,95,65,58
62,98,74,52
65,101,75,56
73,100,68,62
73,108,54,60
67,111,62,59
73,108,54,69
75,114,60,61
76,118,62,56
63,125,71,47
67,129,71,55
73,130,69,61
74,137,65,60
75,149,57,59
67,155,61,66
63,162,72,67
66,166,83,78
62,166,78,70
53,176,82,58
57,180,78,58
63,168,71,68
54,172,79,59
64,166,69,72
64,168,73,64
55,171,79,54
66,171,68,55
63,167,73,59
70,156,64,64
75,155,61,74
80,157,59,61
72,144,65,66
68,140,77,64
80,141,64,60
73,123,76,58
73,106,62,57
75,104,67,55
72,84,76,66
80,86,69,58
79,70,79,62
82,67,89,60
90,60,79,65
98,50,72,73
105,43,64,78
105,44,61,78
104,48,73,65
111,50,74,65
119,54,70,58
119,53,79,66
129,58,69,66
143,67,65,71
141,65,74,71
145,65,69,87
125,72,80,99
93,71,93,111
100,68,86,131
98,78,97,127
103,96,102,143
136,119,90,124
146,127,87,115
167,131,96,116
194,145,79,110
214,152,68,113
230,145,75,109
245,135,79,114
252,135,77,113
258,134,86,110
262,128,88,120
268,132,79,108
275,129,75,109
276,132,78,101
256,132,79,107
243,132,66,103
239,123,68,115
213,126,61,114
182,115,75,96
148,115,79,97
114,100,89,110
125,73,89,118
131,71,80,117
122,57,93,123
119,56,94,128
130,35,86,147
153,20,108,166
151,22,113,155
162,18,118,164
171,23,124,167
185,38,116,160
189,58,129,149
200,64,107,143
212,63,106,146
221,71,105,136
200,87,108,145
202,100,108,151
175,114,103,125
182,108,104,152
176,126,106,139
174,127,103,154
171,117,94,183
167,134,81,164
161,139,76,167
162,142,62,180
157,132,83,194
155,141,96,176
152,112,93,176
133,122,106,160
141,100,106,155
147,107,103,148
144,94,98,166
142,92,112,151
150,87,109,124
152,73,114,144
162,61,106,142
178,52,111,147
183,46,117,143
194,44,109,137
195,34,122,146
203,40,111,135
206,33,112,144
214,29,98,156
213,25,92,155
229,21,88,148
231,21,107,152
230,28,114,141
244,26,107,150
252,29,98,148
247,29,108,154
254,36,101,131
252,37,105,143
259,32,105,148
262,44,109,131
274,48,110,135
286,44,103,139
302,46,105,138
313,58,90,119
310,54,104,129
312,61,107,130
326,66,91,119
329,65,104,145
334,74,106,129
355,82,101,113
360,87,91,123
359,94,101,108
367,95,92,121
382,98,100,113
381,106,111,106
393,105,117,120
400,113,122,105
413,116,111,114
420,116,107,125
423,123,101,128
429,126,92,133
434,118,89,138
437,113,84,136
439,103,103,138
440,103,107,135
441,103,110,127
448,105,121,124
462,104,98,142
464,102,94,143
468,96,89,152
468,90,100,151
469,94,109,145
475,88,108,156
482,75,107,132
481,84,123,105
500,86,119,91
506,88,123,77
509,87,122,79
510,86,125,73
516,90,109,88
509,88,124,85
509,92,126,88
507,94,125,91
508,96,115,99
505,103,116,92
500,102,114,104
502,107,106,124
496,104,118,134
479,113,125,127
476,127,126,119
483,137,114,122
482,154,119,105
478,169,113,109
468,191,119,134
468,212,111,128
465,227,112,117
457,243,125,105
461,255,118,93
449,265,130,85
444,265,126,89
443,268,115,89
443,275,124,78
440,273,118,80
424,276,111,77
431,279,105,72
432,278,101,75
434,281,112,70
420,274,107,78
420,275,122,74
428,274,120,75
437,267,110,84
429,250,111,98
434,251,97,94
428,231,115,108
438,234,91,106
429,215,102,131
431,200,95,155
432,188,90,160
430,178,89,154
431,166,88,156
432,150,86,169
433,144,93,156
435,134,106,135
448,124,88,119
453,96,96,118
453,77,112,107
466,46,103,128
477,24,95,124
482,5,104,116
494,-2,90,128
497,-12,88,126
478,0,82,102
478,0,82,102
478,0,82,102
478,0,82,102
485,6,82,95
480,-1,94,106
475,3,104,114
476,1,112,127
475,-1,107,143
470,8,110,137
472,18,101,125
443,32,107,123
432,49,112,116
427,65,110,98
398,80,126,83
381,87,125,85
355,95,131,82
344,103,127,86
322,125,128,70
302,128,130,75
284,133,124,79
284,143,110,78
257,152,107,84
235,157,110,80
213,163,123,80
208,164,119,90
210,168,98,88
198,170,102,82
180,176,93,84
156,169,89,97
151,171,105,96
124,169,108,100
105,175,91,98
106,175,96,109
106,170,106,121
114,159,91,139
115,157,101,150
118,158,105,163
126,164,100,166
128,176,92,153
125,156,111,166
129,164,106,158
139,167,91,168
139,161,105,181
142,159,109,191
147,172,116,176
144,188,124,161
146,203,118,144
153,207,114,146
154,219,119,134
155,227,113,131
164,236,95,125
166,243,103,117
163,258,119,100
165,268,120,89
172,270,110,89
184,264,109,94
191,270,97,84
186,281,102,75
181,301,110,51
181,293,113,62
174,295,113,59
174,289,115,67
159,284,104,70
162,257,102,94
154,257,117,98
150,254,112,99
155,239,106,102
163,226,89,117
164,213,89,128
167,198,97,145
168,201,103,143
179,179,106,162
186,177,103,169
189,169,107,172
201,154,101,157
214,162,93,127
222,154,91,144
224,134,96,129
234,135,91,118
239,123,88,129
247,128,81,125
251,123,90,132
258,126,92,126
265,134,87,117
267,130,91,129
276,142,76,113
276,139,79,126
263,151,99,108
272,155,81,106
270,153,87,108
271,161,79,100
267,143,90,115
270,146,89,105
266,128,94,105
273,113,87,110
277,100,84,117
281,83,73,128
252,68,94,121
259,73,92,106
267,60,83,116
270,47,84,126
273,55,78,103
279,59,84,98
284,65,99,90
295,75,88,83
305,74,85,89
313,79,73,89
317,81,79,98
324,90,71,88
324,86,79,100
330,86,78,89
336,96,80,75
354,95,70,82
355,92,78,91
368,91,70,100
375,98,76,101
381,99,82,100
388,107,76,97
388,115,81,99
388,125,81,93
392,132,71,84
372,144,74,75
350,153,82,76
330,160,81,72
318,163,83,63
299,167,79,58
281,159,82,71
271,161,71,76
257,158,66,86
238,154,66,95
224,148,60,104
194,146,73,86
179,155,75,70
167,154,73,69
144,156,87,71
136,161,94,65
124,162,87,74
112,160,78,72
96,156,82,80
83,161,73,72
84,155,73,81
79,152,90,86
92,156,75,87
106,149,81,99
126,152,94,86
168,151,94,68
183,152,89,63
207,152,83,62
232,153,72,59
263,141,75,70
314,139,65,65
346,133,69,59
386,123,61,66
416,114,64,69
431,106,76,77
447,103,92,79
464,103,88,76
473,103,94,77
489,99,80,94
504,99,73,93
512,94,89,97
517,101,96,100
525,102,94,104
538,101,77,108
546,103,75,98
565,105,62,91
568,110,59,74
566,113,66,70
562,115,68,73
561,112,66,90
551,113,73,98
538,115,75,102
521,115,92,90
500,115,82,91
472,128,80,84
451,125,66,99
421,137,74,86
397,151,77,71
382,150,73,80
368,149,79,83
353,154,76,76
337,156,69,71
334,157,58,77
311,164,68,67
310,161,72,66
310,155,73,84
309,155,81,90
320,154,71,94
329,166,73,86
335,178,78,82
347,187,71,83
358,198,79,74
354,204,91,79
354,212,97,93
361,222,86,77
358,231,81,88
362,238,73,75
340,240,83,91
343,235,71,102
339,238,66,94
316,239,65,87
308,238,62,95
301,237,73,105
275,239,81,108
272,230,83,123
273,218,68,134
245,220,71,134
244,221,68,138
213,196,78,142
211,195,86,154
217,180,65,173
176,179,85,167
175,152,65,182
136,140,78,195
96,129,94,220
86,108,105,236
60,58,127,276
58,62,147,289
66,11,140,328
68,25,149,310
70,-6,157,323
57,13,183,342
39,47,230,313
47,43,236,320
37,12,284,285
13,23,352,328
11,-7,411,338
24,15,382,292
16,23,451,277
-5,23,511,263
-13,23,542,275
-67,9,508,297
-20,8,540,304
-15,8,627,292
-45,12,600,305
-33,-17,684,330
-44,-4,708,325
4,4,653,325
36,11,619,311
-20,14,710,309
-3,11,651,320
29,0,622,323
75,9,574,301
76,21,571,292
30,13,618,306
75,-3,567,315
52,1,596,319
113,-15,539,360
156,-32,486,381
85,2,574,337
154,-1,505,335
58,17,580,330
23,12,595,319
11,14,628,309
49,4,612,335
66,11,556,323
26,18,589,307
35,10,593,325
63,0,579,342
94,8,547,348
56,32,541,315
57,43,547,314
36,46,537,302
-2,41,579,331
5,54,550,296
-12,59,490,303
-15,78,525,267
-25,81,548,265
-27,83,568,273
-15,81,608,286
-85,52,554,295
-23,62,538,304
-17,54,642,318
-18,40,719,341
-82,56,743,324
-41,47,717,355
-21,16,679,378
-15,32,661,355
0,44,645,340
-47,55,658,312
-17,57,679,309
-18,44,677,327
-53,29,679,352
-25,11,677,358
-14,21,632,355
-13,44,637,334
-81,59,733,306
-33,61,716,312
-60,35,692,336
-41,27,719,341
-79,19,724,354
-44,17,737,350
-83,28,729,336
-35,36,720,316
-107,27,720,337
-56,29,690,346
-22,16,643,359
-7,2,636,355
10,26,604,327
-80,-8,569,349
-25,-1,557,321
16,3,601,319
7,9,631,298
16,20,656,305
-18,-9,672,330
-35,0,689,320
-19,16,654,318
-6,-15,699,351
-30,3,689,351
-18,-4,691,366
-8,-8,653,385
1,25,658,341
-10,22,685,344
27,5,640,374
6,18,666,348
26,27,612,347
-18,28,655,334
0,13,669,343
3,27,633,353
-22,19,677,368
2,11,694,379
22,20,682,359
-18,-36,688,420
1,-4,680,370
7,-5,656,390
0,25,649,349
-11,27,658,336
18,19,671,357
-8,29,682,350
7,27,679,349
-11,28,654,344
-29,2,645,364
-29,9,707,369
-40,9,717,376
3,25,659,365
25,43,617,331
-15,-15,674,398
0,14,648,373
-37,40,699,336
-29,31,696,339
-32,40,676,332
-12,19,693,361
-27,18,677,349
-78,30,691,331
-39,0,704,372
0,15,643,371
-47,3,700,379
-5,4,663,390
-11,0,661,376
9,-4,634,376
-2,18,651,344
-2,30,654,338
14,34,611,333
-9,-19,620,373
-15,-1,653,373
5,0,663,370
31,18,670,346
44,16,615,347
39,25,616,341
-2,31,631,339
47,26,580,343
75,-6,590,380
47,27,560,334
36,15,601,340
57,16,619,325
-11,-12,674,376
-7,0,701,342
22,12,643,342
63,-6,612,350
89,15,570,338
24,14,606,347
87,13,554,345
48,7,597,342
5,19,605,324
58,24,578,305
122,13,496,314
112,2,521,372
98,19,570,332
113,6,532,351
134,13,518,320
171,7,498,351
137,-26,498,390
94,28,537,318
150,12,492,334
113,25,514,320
29,16,567,359
106,3,546,364
129,43,474,307
195,8,419,341
208,-22,424,378
163,28,467,338
219,4,372,351
202,13,359,343
187,-7,414,385
156,4,413,331
115,-14,415,336
106,-2,364,348
147,-3,314,361
186,-12,364,391
215,-24,410,398
46,-33,448,409
24,1,518,353
23,37,597,307
-23,49,675,307
-53,29,680,331
-30,19,714,340
-24,19,668,346
-58,6,677,373
-51,29,681,349
-42,27,687,332
-38,22,662,349
-42,26,675,335
-51,24,693,342
-2,23,678,345
-16,32,681,313
-30,9,737,355
-49,-39,737,410
-2,-5,664,387
-33,2,683,375
-15,2,674,385
-7,6,645,369
26,17,605,346
6,15,637,352
19,18,614,345
48,-35,536,392
41,-4,555,367
44,-1,561,334
-17,21,645,320
13,-2,644,360
16,0,651,360
-16,8,661,345
17,5,616,354
-9,15,640,342
-38,4,636,380
-30,14,668,351
-28,-3,728,382
3,9,634,373
-12,19,590,365
-37,12,622,365
-18,42,628,325
-41,28,717,359
-37,25,690,341
-36,13,663,365
-38,35,645,352
-24,38,652,344
-50,50,661,327
-6,46,626,341
-8,62,615,325
-39,36,617,351
-9,30,634,359
-10,19,643,356
-29,37,644,335
-28,1,708,375
-7,25,619,364
-12,41,569,336
5,39,626,312
-45,36,673,326
-23,31,724,331
-17,43,748,326
-85,38,777,346
5,32,730,367
27,36,709,364
-55,58,764,352
-26,50,683,363
-29,60,670,344
-48,80,656,316
-54,44,711,344
-23,58,659,333
-66,58,711,320
-12,38,696,341
16,46,674,339
-63,31,729,343
7,6,703,343
-58,-10,732,386
3,8,655,360
26,22,657,328
-16,10,684,343
-2,26,653,339
10,28,617,344
42,34,582,326
49,36,606,299
93,26,591,304
13,-26,642,365
-44,11,676,327
7,29,642,325
-11,39,677,315
-41,-24,715,397
-49,-8,706,388
20,-7,639,395
4,0,648,386
17,15,643,357
21,2,662,377
-19,-3,689,367
-2,4,662,367
15,10,649,351
-3,24,632,333
-21,22,719,346
2,21,649,357
-29,45,596,329
-19,50,588,328
-43,-20,599,401
-21,23,579,357
38,-11,502,393
-18,19,549,369
18,45,553,319
0,26,542,348
5,58,505,309
-6,7,508,365
0,33,568,352
-13,-9,555,383
36,46,465,323
20,39,562,340
41,57,506,317
32,83,494,276
36,38,470,334
47,50,439,310
53,32,491,347
22,49,464,323
14,13,504,358
34,-1,478,361
22,13,426,367
0,24,440,325
1,1,451,388
16,23,408,339
28,38,373,335
50,16,337,355
21,40,325,329
37,22,315,357
51,40,267,332
21,49,316,321
11,26,326,319
29,0,296,367
30,5,325,374
40,4,323,375
55,39,294,340
80,71,255,272
5,27,285,282
9,40,343,299
43,33,345,310
73,49,331,301
-3,-4,331,324
43,17,330,329
65,37,320,312
94,54,282,274
32,4,300,293
41,15,340,320
55,36,369,297
73,47,345,297
96,74,285,238
139,55,229,262
162,72,216,250
184,92,198,230
216,104,162,213
21,-27,140,186
237,124,145,198
73,-38,156,156
233,155,146,177
258,165,116,172
269,168,100,176
271,182,96,175
274,195,95,157
274,206,92,149
275,215,92,135
278,227,91,120
277,235,90,111
282,246,82,105
282,257,84,101
283,276,81,85
285,288,79,72
286,308,76,65
283,319,82,53
288,331,75,66
172,280,63,66
175,280,52,70
172,288,47,60
175,294,41,54
180,306,38,46
183,317,38,37
184,322,40,33
189,331,36,29
189,331,36,29
189,331,36,29
189,331,36,29
189,331,36,29
189,331,36,29
189,331,36,29
189,331,36,29
189,331,36,29
189,331,36,29
189,331,36,29
189,331,36,29
189,331,36,29
189,331,36,29
189,331,36,29
189,331,36,29
189,331,36,29
189,331,36,29
189,331,36,29
217,272,39,35
256,218,41,42
254,208,43,44
252,197,44,46
251,189,43,50
244,178,46,50
243,172,46,50
232,164,45,44
231,155,44,46
224,148,39,40
218,134,45,44
212,123,44,43
204,121,42,43
198,107,42,48
194,99,45,50
188,92,44,48
188,84,44,54
182,80,48,49
183,75,46,50
179,68,54,56
184,68,42,50
182,65,53,57
185,68,49,52
185,71,48,47
193,77,47,42
195,80,49,43
204,86,52,46
210,92,46,49
227,98,47,43
237,110,54,43
245,112,54,48
250,107,51,52
263,113,50,51
276,116,47,49
287,112,49,51
295,115,51,53
310,121,47,55
323,119,47,58
331,125,55,59
341,123,47,56
354,126,48,55
363,129,60,52
371,131,49,52
378,131,47,52
385,131,47,55
391,128,56,64
396,129,54,59
407,134,57,52
414,134,58,55
423,132,49,52
431,127,58,58
444,127,52,55
451,126,59,57
463,122,50,60
474,121,50,65
483,131,54,56
495,126,49,64
509,131,58,59
519,133,63,52
530,133,62,57
532,135,65,56
539,137,65,68
544,141,60,69
550,145,70,58
548,147,83,68
552,148,79,65
552,148,79,65
552,148,79,65
552,148,79,65
552,148,79,65
552,148,79,65
552,148,79,65
552,148,79,65
552,148,79,65
552,148,79,65
552,148,79,65
452,79,64,55
452,79,64,55
452,79,64,55
452,81,58,55
452,81,58,55
452,81,58,55
452,81,58,55
452,81,58,55
452,81,58,55
452,81,58,55
452,81,58,55
453,53,63,44
450,60,70,37
456,70,74,31
459,70,78,34
462,70,86,40
462,70,86,40
462,70,86,40
462,70,86,40
462,70,86,40
462,70,86,40
462,70,86,40
462,70,86,40
462,70,86,40
462,70,86,40
518,71,91,41
518,71,91,41
518,71,91,41
523,71,98,40
527,70,103,44
531,68,99,46
537,70,94,47
542,69,87,40
542,70,86,44
548,71,77,43
552,72,80,41
560,72,75,42
548,76,85,36
554,75,86,38
560,74,80,40
565,76,77,39
555,75,75,40
564,75,70,35
557,74,77,36
550,71,77,33
541,67,82,37
513,64,83,32
502,60,79,36
482,59,82,38
468,57,85,28
441,53,82,33
432,53,78,23
400,46,82,32
374,42,87,27
349,40,87,35
322,37,83,35
308,39,87,35
257,37,96,30
229,34,95,37
196,33,97,34
162,32,100,31
123,29,101,34
108,25,93,36
93,23,89,38
80,23,84,25
64,21,88,30
63,17,101,26
58,12,112,30
58,8,111,38
62,8,103,44
68,7,105,49
69,11,108,49
73,11,108,51
80,14,104,51
81,14,106,57
88,17,96,55
102,22,103,51
120,22,100,54
125,24,104,54
153,37,91,43
173,39,86,43
208,51,87,34
238,54,87,35
274,57,77,36
321,70,73,26
331,69,76,31
368,79,67,33
390,82,74,33
416,87,80,34
435,86,74,38
462,88,74,40
480,88,66,36
511,86,59,36
535,84,64,39
547,84,70,37
556,84,76,37
564,84,70,38
576,86,66,35
584,84,59,36
596,87,46,31
604,90,39,28
609,91,37,32
617,92,35,34
617,92,35,34
617,92,35,34
617,92,35,34
617,92,35,34
617,92,35,34
617,92,35,34
618,97,32,35
596,109,33,40
557,118,31,36
535,121,34,28
524,127,34,31
519,137,36,33
511,149,33,28
513,152,38,30
519,154,42,31
529,155,37,26
534,148,35,27
534,148,35,27
534,148,35,27
534,148,35,27
485,175,40,28
492,171,48,32
506,168,51,26
517,167,50,28
527,166,45,27
539,167,46,25
555,169,50,23
555,184,54,27
537,202,62,27
523,213,63,34
510,206,65,46
510,206,65,46
510,206,65,46
510,206,65,46
569,149,66,56
566,150,68,69
547,150,68,53
551,144,57,59
538,128,58,57
538,124,56,64
513,130,63,58
494,136,61,49
460,140,58,52
442,146,59,53
424,151,58,51
424,151,58,51
424,151,58,51
424,151,58,51
506,195,55,39
506,195,55,39
497,183,50,34
444,176,51,38
444,176,51,38
444,176,51,38
409,171,56,41
409,171,56,41
409,171,56,41
409,171,56,41
409,171,56,41
409,171,56,41
409,171,56,41
409,171,56,41
384,173,60,44
384,173,60,44
438,201,53,30
438,201,53,30
438,201,53,30
438,201,53,30
407,245,48,28
407,245,48,28
422,260,42,21
422,260,42,21
422,260,42,21
416,264,37,21
416,264,37,21
408,268,34,23
402,269,28,20
402,269,28,20
402,269,28,20
351,234,29,25
381,242,27,17
380,245,26,20
387,251,23,20
395,260,27,18
395,260,27,18
395,260,27,18
395,260,27,18
395,260,27,18
395,260,27,18
395,260,27,18
395,260,27,18
395,260,27,18
395,260,27,18
395,260,27,18
395,260,27,18
395,260,27,18
395,260,27,18
445,294,27,23
500,278,23,23
500,278,23,23
500,278,23,23
543,246,25,20
543,246,25,20
543,246,25,20
543,246,25,20
543,246,25,20
543,246,25,20
543,246,25,20
543,246,25,20
564,231,21,18
564,231,21,18
564,231,21,18
564,231,21,18
564,231,21,18
564,231,21,18
564,231,21,18
564,231,21,18
564,231,21,18
564,231,21,18
564,231,21,18
564,231,21,18
564,231,21,18
564,231,21,18
564,231,21,18
564,231,21,18
521,258,19,15
516,259,19,19
520,260,24,16
520,257,28,19
520,257,28,19
537,230,29,24
541,221,29,30
538,214,34,37
539,215,35,32
541,209,37,35
548,202,37,33
554,196,36,30
561,185,33,34
567,177,35,36
572,172,33,36
573,167,31,35
573,166,29,38
559,166,34,40
561,165,33,40
561,167,37,37
561,171,35,34
561,170,36,36
569,171,37,37
569,175,42,33
571,178,40,31
568,183,39,30
566,186,40,36
563,191,42,32
564,188,39,37
563,192,36,33
560,194,38,34
546,199,44,32
541,202,45,32
544,204,37,31
536,210,35,38
534,213,39,34
530,215,36,36
532,217,33,32
531,214,29,38
528,213,30,38
515,209,32,31
505,205,33,32
493,201,38,33
494,196,33,28
490,191,34,29
481,186,32,32
482,183,33,34
477,182,35,32
469,179,39,34
469,174,35,35
467,171,38,37
471,172,36,34
472,173,33,38
471,173,33,39
473,171,28,45
475,171,29,44
478,170,32,45
484,173,36,45
483,173,43,43
488,181,48,41
496,187,47,44
503,189,40,46
511,199,43,46
515,201,39,47
520,204,36,44
528,206,38,44
531,206,32,47
537,201,35,51
541,202,31,54
543,201,32,55
546,198,31,58
550,189,29,66
550,194,33,62
552,198,35,58
554,198,35,59
546,199,31,62
550,202,32,59
549,210,25,62
540,212,28,65
543,214,26,58
543,216,27,58
543,216,28,57
545,214,27,60
546,214,28,67
534,217,32,59
532,214,38,52
536,213,36,49
527,211,32,54
527,201,35,55
523,202,44,52
513,204,45,51
514,202,48,52
504,204,43,51
505,202,37,45
507,192,35,43
508,183,36,40
513,178,41,35
514,176,40,33
516,170,37,38
515,172,39,39
515,174,37,41
513,175,36,37
511,172,39,38
518,167,40,38
524,160,40,40
530,160,44,37
533,159,48,40
543,161,51,35
557,162,53,32
568,168,51,37
579,176,47,40
582,182,44,47
581,191,42,47
584,196,46,47
584,196,46,47
584,196,46,47
584,196,46,47
584,196,46,47
584,196,46,47
596,187,41,38
601,182,31,40
590,167,31,39
594,153,34,38
587,139,40,37
573,127,45,33
547,115,52,37
519,105,53,35
484,95,47,32
459,83,50,31
429,72,43,29
397,60,41,36
375,52,39,37
352,47,40,31
318,52,44,32
298,49,41,38
298,49,41,38
227,65,42,46
210,70,46,44
186,75,47,44
178,73,37,45
155,74,42,48
150,79,49,51
152,78,50,47
162,74,48,45
170,74,53,42
197,69,47,43
207,65,50,39
240,55,48,48
240,55,48,48
299,37,51,46
299,37,51,46
299,37,51,46
299,37,51,46
197,58,60,45
157,6,51,43
161,2,45,48
203,62,43,51
205,2,40,49
246,3,45,58
246,3,45,58
246,3,45,58
246,3,45,58
246,3,45,58
246,3,45,58
246,3,45,58
280,46,41,50
280,46,41,50
280,46,41,50
280,46,41,50
280,46,41,50
280,46,41,50
280,46,41,50
280,46,41,50
282,107,40,49
282,107,40,49
282,107,40,49
299,143,40,42
299,143,40,42
299,143,40,42
279,100,37,41
279,100,37,41
271,83,39,38
271,83,39,38
271,83,39,38
280,69,37,36
280,69,37,36
280,69,37,36
280,69,37,36
280,69,37,36
280,69,37,36
280,69,37,36
280,69,37,36
280,69,37,36
280,69,37,36
280,69,37,36
280,69,37,36
280,69,37,36
280,69,37,36
280,69,37,36
280,69,37,36
280,69,37,36
280,69,37,36
280,69,37,36
280,69,37,36
280,69,37,36
280,69,37,36
280,69,37,36
280,69,37,36
280,69,37,36
280,69,37,36
280,69,37,36
280,69,37,36
280,69,37,36
280,69,37,36
280,69,37,36
280,69,37,36
280,69,37,36
302,116,40,41
302,116,40,41
302,116,40,41
302,116,40,41
302,116,40,41
302,116,40,41
358,65,41,39
363,38,40,35
375,12,36,37
378,2,42,27
378,2,42,27
378,2,42,27
367,3,44,31
368,7,42,32
379,7,45,38
385,10,44,43
324,3,38,40
320,38,43,40
327,38,47,46
334,33,46,51
343,53,53,55
353,47,54,65
384,54,54,73
392,57,65,77
431,61,74,80
543,26,72,63
453,80,71,75
457,83,67,87
466,80,51,97
462,84,58,89
451,84,52,85
433,85,53,75
415,84,59,88
398,93,52,81
378,105,57,83
362,116,55,81
349,116,50,86
336,130,53,81
337,138,54,73
317,140,60,85
318,146,62,83
303,149,59,94
301,162,65,84
283,173,65,81
291,169,63,94
294,180,59,89
292,184,59,86
292,193,59,85
291,202,59,92
293,212,57,86
290,231,48,91
288,240,47,97
271,257,48,93
275,258,49,93
273,267,51,80
270,274,58,71
270,278,58,69
265,286,68,63
263,280,82,73
263,284,81,65
260,283,89,67
260,275,106,77
261,276,125,73
236,273,152,76
246,266,163,79
472,229,141,100
477,229,138,97
501,230,133,127
501,230,133,127
501,230,133,127
355,245,149,103
382,247,164,102
383,264,152,84
409,270,176,79
409,270,176,79
444,272,177,80
449,275,183,80
444,279,191,77
444,279,191,77
486,270,164,79
464,277,177,73
442,294,188,60
448,282,182,73
441,279,193,75
433,274,201,79
440,273,194,78
445,268,200,81
445,262,194,85
434,261,208,90
435,260,195,91
430,257,202,91
405,259,226,89
397,255,236,91
371,249,233,98
348,239,207,108
348,239,207,108
348,239,207,108
348,239,207,108
188,212,186,103
411,206,201,115
366,197,171,126
386,202,135,100
401,187,105,102
406,178,92,95
409,168,79,96
404,159,89,106
403,144,93,101
402,138,95,104
413,126,75,116
408,122,75,121
409,111,79,124
409,115,83,109
414,110,81,118
416,112,80,119
420,113,77,118
420,115,93,109
434,117,86,104
444,110,79,128
483,113,79,133
280,120,89,114
308,151,92,98
323,175,112,84
350,187,109,89
378,205,122,89
366,238,146,79
392,233,149,100
398,239,167,110
406,243,179,112
416,256,204,94
422,254,206,98
426,250,213,102
430,249,208,102
399,249,229,98
392,252,233,97
393,247,235,103
395,247,216,106
357,245,226,103
346,242,241,108
331,243,239,104
332,239,221,98
285,232,219,103
283,231,210,102
436,224,201,108
453,218,180,119
439,213,181,132
444,203,158,135
439,181,147,148
444,184,122,133
446,180,88,120
444,170,84,138
440,163,85,124
422,159,98,116
425,155,90,101
414,141,97,105
419,133,80,111
403,121,87,110
387,109,98,120
387,102,88,113
376,89,96,113
374,91,91,110
368,73,94,96
368,67,83,114
359,54,92,130
347,47,103,124
356,40,84,135
351,41,84,130
335,32,89,134
334,33,85,140
334,26,80,139
324,24,84,134
321,23,83,137
320,18,78,144
304,17,95,149
300,15,97,152
294,17,101,150
280,18,97,149
284,20,89,153
263,21,103,148
256,29,106,128
226,38,109,131
221,49,114,115
221,53,108,109
212,53,109,112
216,51,99,125
217,57,92,115
199,63,104,116
197,64,101,122
192,65,103,133
190,63,107,131
185,81,108,137
176,73,116,149
167,84,115,133
155,100,119,118
141,107,126,106
137,114,116,103
116,107,114,112
105,103,115,119
88,98,123,135
69,89,139,139
74,97,118,123
47,85,132,145
51,77,134,154
54,68,124,174
63,55,104,206
21,46,142,215
33,56,131,204
36,54,129,221
41,53,121,238
50,14,117,255
44,24,134,261
47,32,133,257
58,10,129,230
60,29,132,205
54,29,136,195
42,28,135,195
42,11,138,192
47,11,130,200
45,3,135,203
44,14,127,189
47,3,135,185
57,10,129,178
62,13,127,171
57,9,153,193
74,33,138,180
89,38,125,181
94,44,126,185
102,58,123,167
105,62,125,156
113,71,114,145
116,83,112,132
113,96,121,131
122,110,119,113
128,119,116,115
138,121,106,134
136,126,115,141
138,141,104,140
137,146,102,143
119,156,107,132
119,160,98,146
85,180,109,158
91,181,103,155
91,184,105,155
86,191,108,156
80,203,115,145
84,206,112,143
73,219,115,124
80,215,106,138
83,221,101,133
86,222,92,131
77,226,105,133
66,223,109,133
67,225,111,127
56,212,125,132
61,208,120,133
76,193,99,152
82,190,91,152
81,157,96,161
78,165,99,163
77,149,102,189
84,120,102,206
90,120,109,187
96,113,106,193
99,97,112,204
102,112,111,174
116,115,95,151
137,106,97,148
141,103,106,151
146,113,107,133
152,99,113,139
166,96,105,141
171,95,106,143
186,98,94,137
189,85,103,136
197,79,108,129
209,71,101,144
217,71,97,145
224,66,109,140
237,58,97,157
243,49,101,159
263,40,95,162
273,41,98,159
283,29,100,168
295,30,104,159
308,33,111,149
320,34,105,155
335,35,105,154
353,37,97,159
359,43,95,157
364,53,105,149
387,65,116,134
386,76,122,125
401,83,115,128
409,90,123,131
415,105,122,121
417,115,132,127
432,126,118,127
440,122,116,145
455,125,108,128
452,123,138,133
459,134,140,116
462,130,145,114
471,133,153,115
480,132,145,129
476,133,157,110
492,128,141,130
493,133,139,113
509,125,122,117
514,135,109,108
520,108,114,127
524,97,112,148
518,102,94,123
520,99,100,132
514,91,108,146
498,86,127,129
497,81,125,153
503,82,119,137
488,91,131,142
479,100,134,129
472,110,134,134
464,121,139,124
465,130,130,132
468,139,124,128
471,138,126,148
475,145,123,149
475,152,127,143
483,155,111,154
481,161,122,156
480,184,119,141
483,186,109,145
479,180,117,157
477,185,113,155
476,179,114,148
472,176,109,157
459,170,111,158
447,167,105,157
446,169,94,151
429,154,103,150
421,153,108,142
419,147,102,154
399,148,115,163
408,159,92,147
378,167,109,127
377,179,108,105
363,190,116,121
359,191,106,128
361,193,88,143
352,210,91,134
350,210,91,133
322,211,93,135
313,220,99,126
293,232,108,112
287,234,104,119
280,239,105,116
269,246,112,106
241,244,104,109
246,247,94,105
219,233,90,125
218,242,88,116
201,238,101,111
174,243,115,109
166,249,112,95
146,243,95,103
148,244,90,111
120,240,87,107
108,251,98,101
99,241,103,106
72,235,100,107
68,246,103,109
43,237,102,105
45,236,105,116
11,231,124,123
11,231,124,123
29,200,106,143
36,155,104,176
7,142,105,185
7,142,105,185
7,142,105,185
7,142,105,185
7,142,105,185
7,142,105,185
7,142,105,185
7,142,105,185
7,142,105,185
7,142,105,185
7,142,105,185
7,142,105,185
24,-1,95,164
34,10,96,146
45,-6,87,156
45,-6,87,156
41,-21,104,171
61,-17,122,135
74,-5,115,142
90,-15,124,127
104,-1,114,122
123,-8,112,126
143,-7,111,139
149,-9,118,146
152,-14,129,153
159,-10,121,134
164,-6,117,135
186,-7,100,151
195,-1,105,143
209,1,99,147
224,10,112,136
237,10,109,131
253,9,130,127
271,20,124,110
289,16,107,131
306,24,111,121
333,40,103,107
347,48,89,109
355,58,91,112
361,66,94,119
370,77,94,118
376,82,111,106
388,99,104,111
398,107,98,105
407,119,111,91
414,116,117,103
412,129,132,97
415,128,123,118
427,139,124,99
442,145,112,113
452,150,121,107
464,152,119,116
465,145,138,126
472,156,130,102
478,158,130,119
485,146,137,138
491,160,126,115
497,162,116,133
505,162,103,148
504,172,97,125
505,176,93,136
489,171,116,139
490,179,110,126
493,172,108,139
488,174,102,121
477,168,105,144
478,170,103,135
465,178,91,125
471,171,80,123
450,175,96,144
451,171,94,146
440,168,101,140
434,171,99,138
420,165,100,135
420,168,94,143
408,173,102,129
376,185,120,118
383,198,107,103
353,202,113,84
356,209,104,96
330,210,107,95
321,220,108,96
303,223,108,108
287,226,112,112
279,236,81,92
251,226,91,111
243,221,92,123
225,220,110,125
207,222,95,113
207,218,84,126
192,206,93,134
194,207,83,131
184,198,88,148
187,182,90,159
181,171,84,153
175,161,90,154
164,146,96,140
165,135,96,126
173,118,84,135
160,99,88,127
154,80,108,116
166,79,103,120
176,70,105,102
202,66,98,88
212,65,98,89
231,62,95,79
248,59,89,78
263,55,88,76
271,53,91,79
278,55,88,91
284,58,82,97
288,60,87,97
294,64,84,91
299,75,93,80
307,78,81,88
310,80,78,92
311,73,72,97
311,73,68,101
309,80,72,95
318,87,66,88
328,96,74,84
335,109,82,86
347,115,84,77
364,123,81,86
380,131,79,72
401,138,74,78
421,138,75,81
436,140,87,75
455,142,76,81
470,139,82,82
493,145,92,79
514,153,95,88
528,158,97,79
541,162,90,84
552,164,76,87
557,175,69,94
562,180,68,102
562,191,69,92
565,189,60,99
561,181,63,91
556,186,60,93
550,185,68,96
523,178,78,91
518,179,75,99
493,177,82,83
495,172,74,76
469,169,79,85
471,169,73,79
453,162,67,90
459,149,54,107
454,137,57,97
446,144,62,86
446,141,59,89
441,139,69,89
438,137,67,95
429,134,79,105
434,133,69,114
434,136,69,108
435,132,73,113
441,137,70,116
442,139,70,109
445,133,61,112
429,133,51,117
406,124,55,112
397,126,47,100
375,128,48,101
367,127,61,99
368,127,61,98
371,128,59,83
363,129,71,86
365,131,74,78
368,138,60,94
376,138,69,89
369,149,84,86
375,158,84,73
390,159,99,75
393,165,89,77
411,164,88,76
425,173,87,73
432,173,97,70
438,177,91,67
453,175,90,63
457,176,95,74
465,170,79,94
471,159,78,85
485,163,83,78
489,164,92,75
484,158,104,70
486,161,119,86
484,165,134,77
487,167,136,72
509,173,125,78
507,175,129,76
507,177,129,75
506,184,126,87
520,185,118,83
531,190,111,89
536,192,97,89
515,186,108,102
517,188,114,92
507,177,124,103
510,187,109,86
508,182,112,89
503,181,118,92
476,179,141,85
461,179,144,85
463,180,124,85
465,186,103,81
454,176,118,89
456,184,115,77
431,179,93,97
420,180,101,99
398,186,100,86
401,192,88,84
390,183,98,102
381,187,102,107
381,198,97,93
379,204,90,99
381,196,86,112
394,193,68,115
359,181,76,115
343,156,83,122
349,161,70,114
346,141,77,109
356,137,87,93
370,121,79,111
373,117,71,107
368,115,77,101
370,120,69,86
340,123,81,91
329,124,91,101
335,125,89,101
355,130,97,92
374,142,90,96
369,127,90,108
341,132,94,98
320,144,92,105
297,145,90,106
276,152,92,97
254,165,94,89
251,159,94,105
239,141,105,117
247,137,92,121
252,149,89,105
262,163,95,101
266,168,88,104
282,174,74,94
300,182,65,87
333,175,75,98
379,171,65,89
407,165,78,99
420,164,87,93
451,150,69,105
453,131,71,113
458,121,59,117
436,117,64,113
435,117,52,122
430,101,51,140
426,111,44,134
418,109,60,129
419,119,60,124
414,122,56,122
410,120,60,127
408,128,50,121
402,135,60,110
400,135,71,118
405,134,76,117
456,154,87,130
467,160,85,127
473,150,75,114
452,132,71,105
451,104,75,109
430,98,72,104
431,84,61,94
404,88,78,83
409,84,69,99
392,85,64,117
371,100,76,114
373,111,82,125
348,131,86,123
348,125,95,110
321,116,89,102
318,107,111,115
295,111,95,104
282,111,81,107
281,119,89,104
258,119,74,104
241,125,61,112
221,108,59,118
223,101,62,125
222,88,70,138
220,86,77,141
197,87,74,140
194,92,81,131
197,95,70,123
199,105,76,121
204,97,69,126
209,94,79,135
219,103,97,132
231,106,83,115
231,106,83,115
257,87,90,118
263,65,96,132
261,66,118,125
223,79,143,107
236,79,148,99
203,81,159,110
227,91,146,95
193,88,171,119
217,93,154,117
188,106,142,105
150,115,150,89
167,111,152,98
136,111,154,91
96,98,178,113
118,102,158,85
92,106,163,96
64,97,176,127
84,83,161,127
52,100,163,120
68,103,154,115
33,99,173,124
41,97,184,137
20,90,196,132
17,110,213,126
7,120,198,103
3,117,194,105
14,108,197,106
2,111,190,99
-8,113,193,101
-2,105,216,97
-14,98,192,104
1,91,183,104
9,79,150,110
20,72,142,108
27,52,150,129
28,44,156,118
36,26,177,131
52,33,177,120
49,20,186,120
48,28,187,114
46,30,168,114
40,19,199,116
48,18,210,131
47,27,220,113
65,24,220,122
89,18,195,129
52,29,204,127
58,31,209,124
57,37,201,119
58,42,186,117
66,43,170,119
60,47,174,115
60,50,182,121
30,54,195,117
34,54,184,118
49,54,176,118
17,56,194,122
25,54,177,123
38,38,173,144
32,50,180,124
28,51,174,133
46,53,145,130
33,55,168,137
42,52,163,139
39,56,169,131
38,52,191,136
44,67,161,122
43,76,160,113
45,82,154,105
42,78,168,122
45,71,160,132
52,68,142,150
59,70,128,150
53,87,143,131
53,83,156,144
60,74,140,160
53,93,147,139
51,112,130,111
42,110,154,106
27,109,159,103
29,108,168,102
41,97,141,128
44,100,139,120
45,106,133,122
44,108,138,122
49,111,141,117
45,114,153,115
48,111,159,120
55,109,141,125
48,125,150,108
40,123,137,117
43,117,151,124
42,117,156,126
39,129,163,113
51,127,149,119
50,136,142,109
56,143,140,104
70,143,140,104
70,148,141,98
81,149,147,88
74,148,137,93
74,150,141,90
76,154,133,86
72,137,135,101
66,140,134,96
60,145,144,86
51,141,143,91
51,139,136,92
50,137,141,95
50,129,130,100
47,129,135,100
41,125,157,105
38,131,149,98
48,130,142,104
52,130,149,103
49,134,163,106
56,132,137,107
62,140,134,100
56,140,155,99
63,139,154,100
64,136,142,104
65,144,136,92
55,133,127,100
61,140,134,88
55,138,147,88
58,137,147,92
49,134,133,97
51,124,152,105
52,127,152,97
51,126,171,97
52,124,153,109
59,128,139,109
56,138,146,94
48,136,151,98
50,139,132,92
52,133,121,94
49,138,132,88
58,129,120,99
63,129,111,93
66,116,101,108
65,123,97,95
63,111,117,103
58,112,119,97
54,112,145,96
49,107,161,103
47,107,154,99
51,107,146,103
43,115,149,97
38,113,164,98
42,117,163,92
41,115,156,94
48,111,147,95
51,111,150,96
54,106,139,106
53,106,148,104
53,108,151,96
53,101,166,102
45,91,168,107
49,102,144,94
49,93,142,100
52,96,117,93
55,82,118,111
47,88,90,100
68,96,77,105
77,103,79,101
77,113,75,108
77,121,72,111
76,138,70,98
72,135,75,114
72,148,76,102
76,154,71,100
79,151,66,109
81,158,63,122
82,163,61,116
73,161,75,129
71,160,79,135
76,166,76,129
74,155,96,148
42,169,95,140
51,168,106,143
47,163,126,150
15,178,151,122
31,172,130,122
4,167,160,112
-2,165,188,114
5,158,179,115
16,122,181,133
3,124,181,126
19,101,180,140
14,84,192,149
16,91,174,127
17,83,190,132
3,85,182,136
22,89,176,124
21,91,174,134
17,94,192,134
20,107,214,122
23,116,229,120
40,126,220,115
52,126,244,110
75,124,218,100
93,118,196,100
137,114,178,94
175,103,162,97
187,62,175,119
210,61,159,106
253,50,135,105
272,44,126,113
283,39,145,104
305,37,138,106
320,31,133,114
326,27,155,119
306,34,135,117
291,49,156,131
263,30,127,141
224,76,138,138
220,82,151,123
207,89,161,106
207,93,167,103
213,87,182,104
200,83,153,93
199,72,174,102
196,74,143,99
191,76,154,96
184,79,177,94
202,65,174,114
211,67,176,110
224,70,155,93
243,51,147,102
254,51,135,94
278,43,133,107
283,47,135,97
276,36,159,116
280,43,141,111
244,76,134,98
254,58,133,116
267,48,132,111
279,29,116,121
281,26,116,119
282,44,97,119
280,56,85,107
247,58,90,107
246,49,87,109
238,25,92,113
228,10,94,109
244,8,88,124
270,4,84,144
289,7,88,153
309,12,88,137
326,28,101,122
352,39,104,107
366,45,105,90
378,46,110,97
385,45,111,92
409,40,111,97
429,26,108,112
445,35,111,106
451,41,119,112
457,57,112,95
468,83,111,113
479,89,113,122
480,105,115,114
487,123,113,97
491,137,118,110
501,150,107,104
500,162,121,90
506,169,115,90
518,180,99,104
520,184,95,108
511,181,106,132
516,190,96,121
513,189,94,132
510,186,97,129
520,182,84,122
509,179,99,120
515,173,90,134
518,175,83,118
511,167,93,115
502,164,95,100
514,137,96,115
522,134,89,98
535,118,84,88
543,105,83,92
536,90,88,89
544,85,86,103
555,92,67,89
554,85,82,99
547,94,85,93
553,101,75,88
546,117,84,86
522,127,94,94
518,132,107,92
521,142,99,84
516,145,104,87
512,147,104,92
516,154,102,87
512,156,108,87
516,160,105,86
508,160,116,99
516,162,105,97
514,163,101,103
507,171,97,100
503,168,104,110
505,176,94,103
505,173,94,118
505,184,85,98
499,181,85,105
486,176,98,118
490,181,87,113
487,177,89,112
491,180,80,106
493,176,76,113
478,176,92,105
483,183,88,96
478,177,97,108
468,174,102,105
476,175,96,104
476,183,88,98
481,168,89,117
482,175,88,109
481,171,89,108
482,180,81,105
485,180,75,103
470,181,80,88
478,179,67,96
479,180,77,94
462,178,84,93
467,179,83,105
475,177,71,102
469,174,79,105
473,178,74,95
472,179,77,98
469,167,81,110
469,166,80,113
464,172,82,97
466,169,87,106
471,176,75,93
456,175,87,94
462,168,89,103
465,164,79,112
449,161,86,105
453,172,88,93
450,172,87,93
451,165,80,111
453,169,76,107
449,167,75,106
440,175,81,100
414,174,95,96
422,181,88,102
425,189,77,103
408,196,87,104
409,211,80,107
411,224,83,109
412,228,76,112
388,224,79,110
400,219,62,124
376,210,71,127
375,212,71,114
345,207,88,122
346,207,82,123
347,209,76,117
346,200,71,127
317,186,82,139
317,190,74,133
291,190,74,137
288,199,80,118
281,205,82,124
282,204,79,125
282,201,82,125
280,211,89,118
285,223,88,112
291,227,90,117
296,230,87,119
302,233,87,115
305,241,80,100
298,244,92,104
301,238,102,102
313,236,91,100
326,206,81,114
338,203,92,129
361,195,80,139
381,170,84,151
394,171,94,134
414,166,89,118
419,148,108,125
429,144,104,126
436,133,102,146
450,131,107,125
454,135,114,122
462,122,105,128
448,111,115,129
429,117,124,99
402,108,119,116
404,115,108,107
377,106,101,119
370,104,109,125
357,103,126,126
354,95,124,124
353,106,117,105
362,110,105,118
362,119,115,118
374,112,105,139
380,113,120,140
383,123,132,122
391,132,126,102
390,123,136,124
405,126,141,114
405,123,116,134
396,121,127,130
384,128,120,133
374,143,139,109
384,132,130,132
385,131,115,135
385,134,123,136
390,143,119,128
399,139,114,139
404,144,111,141
407,140,113,154
416,138,99,157
415,142,117,145
420,155,98,123
417,145,114,138
419,144,123,128
422,143,110,138
416,136,123,158
422,142,113,131
430,142,95,145
427,141,100,156
429,138,100,154
429,139,97,137
427,138,101,142
420,137,103,151
414,135,115,144
418,139,109,128
397,127,129,137
409,134,115,132
413,129,122,137
410,129,99,145
410,128,113,151
420,128,91,152
415,128,103,154
412,125,96,155
408,132,116,135
395,128,119,143
400,131,102,129
382,136,118,135
374,145,110,105
374,144,105,122
365,144,96,134
371,143,103,121
375,141,101,133
372,148,100,111
380,157,89,102
383,154,93,120
389,166,79,108
391,169,82,113
388,179,83,106
381,187,89,103
380,194,88,100
352,209,95,115
352,217,89,116
336,211,101,136
344,213,87,130
346,208,88,134
351,212,83,130
352,213,87,131
357,208,85,131
361,208,84,131
375,200,73,143
388,209,78,123
399,211,85,131
420,210,70,121
433,211,79,139
450,221,84,132
461,221,95,137
468,216,94,140
473,213,110,140
477,224,102,121
471,217,125,132
480,223,108,118
482,215,104,134
471,218,110,136
473,221,98,119
468,215,96,118
468,207,87,139
468,207,86,129
466,210,86,126
458,205,95,129
449,200,102,125
451,212,92,112
446,204,103,121
451,213,90,107
451,209,89,123
449,203,90,131
452,202,82,126
449,203,86,125
450,202,87,120
440,198,101,134
442,191,94,123
445,207,89,110
439,201,102,114
442,194,96,119
440,194,112,127
440,200,89,120
441,199,95,129
444,192,87,140
439,190,92,140
441,193,83,131
441,195,84,128
438,193,92,129
437,193,97,137
438,194,93,126
438,196,95,125
440,193,93,129
434,196,110,117
439,190,94,122
444,192,92,114
437,199,103,115
437,202,108,93
432,193,101,107
429,190,90,117
431,191,101,112
429,188,108,115
426,197,103,98
432,200,94,107
425,201,100,99
429,192,106,108
435,192,100,99
421,195,104,109
423,184,101,115
431,193,89,108
429,186,106,125
424,185,105,109
427,193,101,94
425,192,102,113
417,181,104,107
421,186,101,113
424,185,97,110
425,187,100,108
417,184,106,109
422,191,94,112
422,182,103,120
426,195,92,100
415,187,105,113
418,196,103,96
415,189,113,92
412,195,127,87
413,199,111,84
412,196,120,93
410,192,103,97
412,183,110,107
412,188,105,90
408,185,122,93
408,178,106,112
407,175,100,106
409,175,92,113
400,168,89,126
398,172,102,113
396,168,121,111
393,176,115,98
391,170,114,115
388,170,128,101
390,171,111,120
389,180,106,97
387,167,115,116
389,170,101,107
396,172,115,97
392,173,102,98
386,166,123,102
393,168,110,97
390,171,120,94
392,168,115,113
398,169,116,102
409,167,112,101
402,166,130,108
404,165,131,100
410,170,122,98
409,176,134,91
408,177,122,98
409,178,108,92
408,182,127,98
405,179,135,91
410,180,116,103
