274,214,77,125
277,223,77,112
276,221,76,112
278,215,75,120
275,217,79,116
272,228,83,99
279,221,72,109
277,216,73,120
279,222,72,107
276,222,72,107
278,219,72,111
280,218,70,112
280,216,72,113
275,222,76,111
278,217,74,114
278,219,77,111
279,223,73,106
276,221,75,114
275,223,77,102
279,220,70,115
279,228,69,104
279,227,73,107
279,222,72,108
277,222,76,109
276,227,78,104
273,230,81,101
278,225,72,108
275,223,78,114
281,219,75,118
282,221,81,118
282,225,85,111
283,220,95,117
283,212,97,123
283,219,114,119
301,211,94,125
319,210,81,126
326,206,79,128
322,208,88,120
330,202,83,112
334,197,79,113
227,160,86,121
338,184,83,112
339,182,81,111
337,181,80,101
336,173,78,101
336,163,75,92
250,194,74,104
257,190,66,112
259,194,69,108
261,191,72,113
257,197,82,110
260,202,79,101
262,203,77,102
263,207,77,101
266,207,76,105
267,207,75,108
268,213,76,99
271,217,71,98
276,218,64,97
276,217,61,99
275,215,61,94
280,217,56,92
276,207,60,104
275,206,63,105
274,210,65,96
273,206,68,103
271,195,71,114
268,196,77,109
273,190,73,115
274,188,77,114
267,194,83,109
268,202,79,96
265,194,83,112
272,186,72,126
271,195,74,111
269,194,77,112
264,192,82,115
266,197,73,106
264,195,82,108
266,195,80,112
261,193,85,118
271,204,76,105
271,199,76,114
273,195,78,117
277,199,82,111
281,192,77,118
286,197,75,110
288,196,77,113
293,206,81,104
305,207,71,111
301,202,79,123
305,200,85,122
307,211,84,110
311,210,75,119
307,205,78,124
301,213,80,115
300,217,82,112
302,217,78,113
303,215,77,116
302,215,79,114
301,219,81,108
300,216,83,114
306,211,73,124
303,219,80,115
299,224,81,105
298,216,81,111
303,212,76,119
299,213,86,116
297,223,91,105
293,221,97,106
296,218,91,105
299,209,82,121
297,212,86,120
297,214,86,115
298,213,86,118
299,213,85,119
289,216,100,103
296,210,90,118
288,212,103,114
291,219,98,107
299,211,86,117
297,218,88,108
302,221,81,103
303,222,83,101
296,214,99,114
294,215,96,111
295,219,95,109
297,223,90,106
295,227,93,99
298,230,87,90
290,222,103,103
297,225,90,102
301,218,82,104
294,214,90,115
293,217,94,106
290,215,96,116
293,211,92,123
295,215,93,118
290,212,98,118
290,214,98,111
289,203,97,125
293,206,92,125
287,205,98,126
288,209,97,123
284,215,107,107
287,215,105,107
291,206,97,117
284,212,107,110
281,217,107,105
289,211,94,112
290,206,90,123
292,207,88,121
296,210,85,122
286,217,104,108
288,219,104,100
291,222,97,101
298,226,86,98
287,216,104,115
288,218,100,115
281,218,113,108
285,213,107,114
287,209,102,120
288,209,99,121
288,216,102,113
299,227,89,92
295,223,91,104
298,228,86,95
300,227,84,100
296,228,90,96
298,221,85,104
295,218,88,109
303,224,76,104
299,222,81,100
296,222,89,101
305,216,76,110
301,214,82,110
300,213,78,108
303,215,75,109
303,223,79,98
303,226,77,95
300,218,83,107
300,213,84,114
295,219,89,106
297,216,87,112
301,212,84,113
292,208,94,119
294,210,90,110
297,208,89,116
299,214,88,110
293,216,94,115
303,221,82,104
303,219,83,109
298,227,90,95
296,216,90,110
302,222,83,99
302,221,83,99
297,220,89,102
299,218,85,105
297,218,89,105
297,218,87,110
299,222,87,98
301,220,81,99
300,221,82,99
297,222,86,97
296,222,87,108
301,224,79,97
300,217,80,106
301,217,79,112
300,219,81,110
296,221,85,107
296,225,86,100
295,226,84,100
301,223,78,108
298,224,85,100
301,222,78,107
297,218,84,112
296,213,86,119
301,215,81,114
299,218,85,107
298,213,86,115
297,220,87,109
297,222,86,100
292,219,93,109
292,215,94,113
299,218,81,106
297,219,90,103
300,224,83,101
297,225,87,101
298,214,86,111
298,215,86,114
297,214,86,116
299,216,84,115
301,223,83,102
299,218,83,112
298,214,85,114
305,217,78,108
303,221,81,110
303,220,83,107
298,213,87,114
300,215,84,116
306,216,77,110
301,215,82,110
302,213,84,118
302,221,87,105
299,219,88,107
300,215,83,112
300,211,88,116
299,214,86,118
300,219,87,108
297,217,86,111
300,220,83,105
304,209,76,119
298,213,86,114
295,214,91,115
290,215,95,112
302,223,80,98
298,222,83,107
295,224,90,97
296,227,91,95
298,220,86,102
297,224,85,103
294,223,90,103
296,224,91,97
300,227,84,100
301,218,80,105
295,219,88,105
300,222,80,107
294,218,88,108
300,226,80,101
299,222,81,101
300,217,84,109
301,218,83,109
299,220,89,105
305,227,79,87
307,223,73,98
304,221,75,100
303,219,79,101
303,219,79,106
303,219,79,107
304,223,77,104
300,220,83,113
303,219,81,111
301,212,81,116
306,219,76,109
303,216,79,117
298,217,87,109
299,219,84,112
302,223,83,102
300,218,81,113
303,223,75,100
300,221,82,105
300,221,79,108
297,227,83,95
306,218,69,112
303,219,76,109
296,227,88,94
296,218,89,104
293,216,92,112
297,206,85,122
295,206,90,125
297,206,84,119
299,215,83,108
298,215,82,113
295,221,88,112
292,217,94,113
299,225,83,98
296,226,87,98
298,220,85,105
300,226,83,99
299,225,81,103
296,225,86,102
295,219,86,107
300,224,80,106
299,226,80,98
298,218,80,109
296,220,84,108
300,228,77,100
302,231,72,90
301,234,73,91
303,232,72,94
299,230,78,96
300,226,76,103
298,227,82,106
297,224,83,103
298,223,83,104
302,223,73,107
304,220,73,115
305,220,70,109
301,221,79,109
299,219,76,111
298,218,81,113
301,216,77,113
301,221,77,110
303,216,78,111
301,213,77,120
297,224,82,107
300,225,82,107
302,225,78,98
307,230,71,95
307,227,65,100
305,224,69,105
305,219,71,111
306,217,72,110
299,219,81,107
297,209,85,124
285,209,98,119
272,202,115,133
285,209,103,125
290,217,96,113
303,224,80,106
293,218,92,113
297,227,91,104
287,218,103,115
274,210,118,116
271,199,123,135
274,202,118,130
259,192,134,150
255,199,146,144
270,207,125,124
274,209,116,121
286,211,107,118
291,210,95,120
293,209,93,121
287,207,96,121
290,202,92,132
288,202,95,137
280,208,106,123
286,203,95,133
290,207,94,130
289,207,99,125
278,195,112,135
280,189,113,149
278,187,113,154
274,184,122,150
271,194,120,143
271,197,126,137
276,187,119,144
270,184,134,150
274,180,125,148
275,182,120,154
282,179,110,156
265,188,135,144
276,186,120,150
293,180,95,163
283,172,106,168
281,178,108,155
277,181,113,158
281,181,108,159
272,185,130,147
282,172,115,157
281,189,112,154
271,180,134,159
267,167,148,166
271,172,151,172
266,186,166,147
260,184,169,139
257,175,187,132
274,176,181,139
274,170,210,148
273,171,240,142
262,162,264,162
278,146,224,186
272,132,272,198
306,108,286,205
348,101,281,204
308,89,327,239
266,63,370,271
305,35,352,309
26,19,394,279
124,61,342,262
291,34,356,315
316,19,334,369
394,23,284,327
319,50,311,335
235,17,351,337
323,14,358,359
218,22,424,356
241,49,436,312
17,20,404,314
44,35,420,298
311,42,387,268
279,44,405,302
351,31,348,312
372,22,303,327
330,-3,350,375
385,-15,287,395
415,-14,226,391
378,17,263,375
374,-4,274,397
329,12,317,390
377,41,259,330
324,51,305,321
348,33,302,339
368,2,294,376
376,17,268,359
388,15,251,350
398,10,231,368
391,16,244,360
389,17,239,360
387,39,256,317
331,51,267,313
347,49,299,306
328,56,338,307
335,38,319,321
352,27,288,336
390,23,261,341
309,2,331,368
299,26,383,331
292,-17,398,397
311,28,358,336
287,35,394,345
294,38,389,323
303,39,402,328
302,32,386,325
291,43,400,321
318,45,357,323
308,28,368,338
354,18,329,353
382,26,269,324
392,23,251,333
384,20,243,345
366,40,279,301
344,32,311,325
348,24,296,336
392,0,243,372
407,7,228,354
388,6,243,351
397,31,230,322
380,28,253,320
394,23,241,316
391,6,251,351
398,19,237,343
404,7,226,363
406,9,228,359
434,19,194,342
426,33,195,312
401,50,237,292
394,42,239,306
377,2,262,359
354,21,290,348
379,39,266,319
389,33,251,312
415,14,214,349
387,16,263,324
349,23,310,324
367,32,288,317
396,22,268,335
404,27,242,340
415,37,225,327
392,27,251,335
407,24,223,316
388,17,248,325
386,5,253,347
405,17,229,329
416,32,208,309
466,28,147,326
431,34,181,304
400,47,222,296
417,33,208,325
403,4,223,374
391,-3,234,371
421,30,203,322
394,18,235,355
427,-8,201,382
438,21,183,341
397,16,232,344
357,-2,275,372
364,4,268,363
408,6,221,376
379,12,247,365
422,3,205,379
400,19,242,340
398,18,229,342
415,10,208,352
438,1,185,376
412,-10,210,392
451,12,165,361
422,16,193,349
409,50,220,301
386,55,259,304
405,32,224,320
382,32,258,324
402,35,241,342
401,10,241,356
408,31,237,308
382,40,265,301
407,38,235,310
416,26,224,320
389,15,251,352
421,18,222,359
393,22,256,352
391,15,252,358
412,18,225,353
447,18,186,350
429,31,205,312
406,31,225,319
409,32,233,313
385,37,270,314
383,27,277,326
416,44,224,329
426,25,211,335
399,46,236,291
398,46,248,304
420,31,210,312
421,36,214,314
399,34,235,308
407,55,237,298
391,19,238,351
439,18,179,366
405,23,230,353
428,30,197,348
407,21,228,376
392,-12,241,392
424,-7,209,396
412,35,223,341
414,25,220,343
433,18,203,363
388,11,245,349
409,4,222,360
408,36,233,323
436,10,195,353
409,12,216,348
448,26,175,311
449,30,176,307
428,18,201,344
394,30,250,319
404,32,236,304
381,19,251,341
420,26,209,349
418,4,214,339
421,2,202,344
419,2,195,339
403,27,208,314
397,8,234,357
439,8,181,345
419,8,191,341
391,-5,223,389
428,14,193,337
383,17,240,353
411,-13,212,361
413,-1,219,347
403,6,235,344
392,-10,249,373
392,5,252,334
415,4,215,344
398,5,235,342
401,14,241,343
423,2,211,352
412,3,223,355
407,14,226,342
401,10,231,355
401,2,228,355
425,28,200,345
413,4,211,365
428,-23,198,404
420,0,210,387
445,-20,184,385
471,19,162,345
446,9,187,351
444,6,188,366
473,-2,155,355
452,-11,185,376
442,11,199,341
403,28,236,322
380,34,248,322
395,31,223,332
383,16,234,357
364,41,273,326
360,20,294,356
372,40,282,325
390,21,233,354
385,48,272,330
405,5,235,390
384,-53,263,444
447,-20,198,402
405,-3,237,398
447,-22,183,414
427,-11,207,396
413,-12,213,398
408,-4,217,385
432,-34,198,417
423,-6,210,384
397,-12,236,384
404,-6,227,383
382,-18,255,384
396,-11,243,371
400,-18,239,374
386,-11,249,370
389,-2,246,363
397,-2,231,374
385,0,249,375
414,2,214,378
406,-13,223,385
403,21,219,349
395,8,219,367
372,29,253,350
348,29,287,351
357,-6,286,385
368,1,269,381
359,7,261,385
384,8,237,383
407,-11,212,426
391,-4,231,401
372,-12,252,413
356,-24,274,432
388,-25,234,447
377,-7,244,416
379,-4,241,409
371,-33,261,426
361,0,266,392
327,7,315,373
309,0,343,379
291,-17,385,391
310,-35,356,417
354,-16,294,392
379,-6,262,359
373,-7,269,365
380,-15,254,370
437,-7,194,363
396,-18,228,384
390,-10,244,367
363,4,274,367
388,24,240,328
416,-15,214,381
416,10,201,340
408,-9,212,395
400,-21,220,384
394,-21,234,393
405,-13,229,400
390,-6,251,385
409,11,227,380
437,-14,192,382
431,0,200,384
405,-6,223,387
407,-20,227,411
397,4,241,385
410,10,217,375
401,-7,236,397
416,0,222,393
424,-2,212,385
422,-15,208,385
406,6,221,363
415,7,211,379
388,-11,252,389
391,-13,248,384
423,-4,206,377
402,4,226,355
421,9,205,368
406,7,226,350
392,-1,241,365
430,10,195,365
419,3,199,380
415,25,215,338
412,13,216,350
411,-2,216,365
410,12,222,354
415,19,221,352
420,10,214,347
425,28,209,337
420,23,218,328
414,30,230,327
417,18,229,330
413,10,222,350
429,14,200,354
417,2,210,375
416,3,210,364
419,5,208,365
413,15,212,350
419,8,210,370
416,12,211,356
421,8,213,361
434,32,198,334
429,34,211,329
413,16,226,337
408,16,231,354
413,33,234,322
425,2,208,350
428,20,197,331
423,45,205,301
427,42,209,308
407,28,231,322
413,25,217,328
416,24,214,352
434,5,183,367
414,14,211,358
412,17,212,360
420,4,201,369
411,-2,219,383
403,14,228,355
407,11,219,354
376,0,258,375
388,0,244,386
443,-7,180,416
414,-6,214,395
389,7,249,370
397,-14,245,390
415,4,214,375
405,-8,231,371
439,-5,193,353
421,1,204,339
405,14,222,353
370,8,264,379
376,6,253,381
361,-9,274,381
387,12,249,358
373,13,258,347
428,16,198,356
408,39,229,316
411,45,216,309
394,33,252,334
386,20,267,341
391,17,260,359
421,19,232,348
420,30,221,343
415,12,225,365
427,32,204,337
426,13,202,367
402,0,236,376
411,9,229,355
396,43,254,318
395,31,249,323
385,33,256,330
405,15,237,360
400,27,246,348
411,12,222,341
413,20,220,334
385,34,268,332
366,26,288,342
411,5,233,360
417,22,217,349
419,10,211,352
424,26,205,347
408,16,228,358
425,3,214,373
407,11,239,363
394,6,252,366
416,-3,228,369
404,27,236,336
390,2,251,368
414,4,213,375
391,23,248,350
401,26,232,348
389,7,255,361
387,8,255,341
408,15,229,345
417,28,219,339
404,28,234,340
415,24,223,331
383,23,265,343
410,11,235,334
405,17,226,343
412,23,218,350
388,7,251,361
389,17,247,352
402,21,225,350
395,26,241,345
397,2,244,351
424,7,206,352
404,31,217,321
399,10,225,354
393,14,232,349
392,15,242,358
397,1,222,364
408,32,216,334
378,29,255,337
358,17,275,361
380,22,271,349
380,22,258,327
385,42,238,304
402,43,215,323
405,35,232,335
401,52,223,303
374,49,267,322
392,22,230,357
411,39,208,335
379,6,253,358
368,12,270,353
405,27,232,335
429,3,191,370
410,-1,206,385
391,0,236,356
427,5,196,346
397,34,220,321
424,49,187,308
402,38,225,326
387,13,241,358
394,24,240,331
384,21,247,330
404,14,220,347
379,22,249,334
360,31,266,328
379,32,259,315
412,23,219,346
409,41,220,335
406,34,226,341
397,49,239,322
377,18,273,362
402,16,243,377
422,-24,216,412
434,6,207,367
421,9,216,351
417,5,213,363
424,29,204,335
412,31,205,345
405,27,226,339
400,42,230,324
416,44,211,329
420,39,208,330
402,7,230,364
398,6,230,356
418,32,205,326
432,33,200,332
426,29,201,338
420,22,215,362
417,22,223,341
405,5,239,376
419,11,225,370
410,0,220,375
401,16,232,364
411,17,220,357
412,25,220,352
401,32,225,352
411,12,213,367
397,23,238,347
421,25,209,330
382,39,255,317
385,27,250,331
386,27,246,349
430,18,197,362
427,7,183,363
397,29,215,345
383,17,244,357
382,-10,240,402
430,-24,185,421
407,-19,218,412
376,-7,259,394
359,-7,270,399
419,-10,211,421
403,-6,225,368
411,5,212,367
380,15,244,371
365,-32,264,419
429,11,209,378
400,-3,227,384
360,-13,274,404
412,-4,213,397
408,-8,207,398
405,-4,206,383
390,-8,231,399
357,-17,274,425
370,-11,259,407
399,-12,226,397
419,10,211,388
401,-7,228,413
384,-8,242,407
388,-22,240,406
359,-13,262,409
419,-9,201,417
408,0,225,377
386,13,251,366
367,-11,263,402
389,1,239,398
350,-14,271,400
390,10,263,364
387,27,252,338
394,7,230,377
442,36,160,344
409,58,199,311
434,46,176,330
407,21,205,344
435,32,184,348
399,31,227,338
378,15,250,352
379,9,251,365
397,36,218,321
362,23,278,332
413,17,232,348
430,13,193,351
436,36,187,325
430,38,202,324
414,35,229,342
404,18,241,356
426,29,213,342
434,31,209,348
418,36,223,332
427,25,212,342
432,21,201,349
428,12,206,360
415,20,219,351
421,15,223,354
399,20,250,343
440,23,200,360
453,27,187,364
423,27,227,342
429,36,210,332
430,49,206,309
414,28,234,337
417,19,226,356
409,12,236,371
417,16,236,354
413,18,230,341
422,51,224,316
416,31,224,315
416,30,212,341
404,18,230,348
409,22,227,353
420,23,213,338
407,17,214,356
406,24,218,333
412,35,214,331
405,34,215,324
407,43,216,333
405,27,219,351
404,16,214,353
414,35,210,323
407,51,226,303
412,61,214,279
378,72,268,267
393,50,272,304
372,34,268,327
390,35,261,330
385,23,248,340
381,21,250,344
379,8,244,368
367,18,267,330
406,15,221,323
389,35,238,313
351,10,283,356
384,25,259,332
355,30,286,331
342,47,313,286
314,32,338,310
332,8,297,339
369,10,271,357
390,24,259,342
393,21,242,337
395,3,235,353
386,11,248,350
381,29,253,344
416,27,218,343
443,34,190,333
419,42,218,325
394,6,261,370
431,6,209,379
407,25,233,354
443,-3,186,380
441,-23,196,388
398,-1,246,371
414,12,231,356
412,21,230,350
412,9,228,357
414,-3,231,373
407,32,255,336
403,7,245,373
409,4,247,367
404,7,241,365
394,5,243,370
367,0,283,380
403,26,232,350
372,21,272,343
392,30,248,336
412,31,218,345
389,-12,254,387
377,3,278,379
397,21,253,363
351,29,292,339
375,42,274,310
384,11,248,331
405,31,234,342
400,7,236,341
385,30,243,338
392,7,245,363
397,13,229,341
421,29,200,332
401,31,230,316
396,32,236,322
390,20,241,317
386,34,252,313
369,12,260,360
400,24,236,353
366,7,272,371
405,28,221,321
371,31,267,315
362,4,282,369
390,2,236,374
417,15,191,358
391,0,230,394
362,16,268,354
394,8,237,365
420,3,196,371
397,23,235,350
388,26,237,345
427,39,202,338
403,60,234,305
380,52,259,314
385,25,267,336
391,47,246,306
378,31,251,319
411,21,208,349
422,40,194,314
387,41,232,326
385,46,239,308
379,46,264,299
375,26,263,330
392,17,242,348
404,27,237,335
407,1,222,355
375,52,269,316
384,25,252,340
398,33,242,332
399,27,239,334
399,36,249,314
399,31,251,327
384,35,264,317
402,28,230,342
388,29,235,337
401,39,235,336
402,42,228,327
392,34,237,332
416,32,196,337
404,37,224,350
380,29,248,354
413,17,215,375
426,10,198,371
433,27,177,349
430,44,189,322
417,51,201,317
429,24,168,339
416,36,196,318
414,24,202,369
407,4,217,377
403,-4,219,384
404,10,206,385
385,31,230,361
391,44,233,342
378,36,247,337
358,35,278,358
391,20,244,359
389,15,240,366
392,31,226,348
385,11,245,366
378,4,248,391
387,18,241,378
411,-8,209,410
395,-8,221,414
396,-8,224,400
378,-14,255,397
392,-4,241,390
382,14,228,376
363,13,260,339
373,5,256,362
382,6,253,364
381,-16,253,393
386,-9,247,392
368,3,265,378
393,0,248,385
380,-4,246,382
388,15,266,360
388,10,258,375
405,12,242,355
427,27,203,340
395,19,235,352
408,9,225,367
430,14,197,364
444,-18,184,402
439,-8,193,376
420,14,214,373
422,19,221,347
421,20,209,340
410,19,221,354
408,23,220,353
420,2,202,373
416,24,209,354
413,27,211,353
410,31,212,356
407,19,204,386
396,5,227,383
398,-8,226,401
398,-19,226,430
396,-19,227,415
394,-19,226,391
410,16,207,356
393,-9,228,411
364,8,258,395
421,9,212,358
405,-2,229,385
405,3,226,385
376,5,258,379
378,0,240,391
350,-7,316,393
377,-24,269,411
431,-20,203,394
447,-13,182,414
423,4,209,388
418,11,213,361
411,23,216,348
426,3,197,372
407,9,218,381
382,-23,251,403
395,-8,232,393
418,-12,205,403
418,4,224,376
430,-4,199,399
420,-22,211,413
404,-1,228,387
405,-1,213,405
395,12,227,378
384,0,240,389
419,-9,195,405
417,-17,202,404
394,4,237,369
398,25,228,356
393,9,238,366
434,0,186,406
405,14,225,348
420,27,199,360
418,30,214,342
413,-5,218,390
408,2,224,385
419,11,211,360
414,5,219,377
411,6,224,367
424,-10,205,383
421,12,196,364
433,23,183,359
415,42,211,358
408,29,216,358
395,48,252,329
391,41,254,328
395,11,232,357
409,13,223,364
419,17,199,345
420,24,205,346
422,32,205,344
411,19,226,354
430,45,205,325
402,11,245,354
383,12,270,356
419,12,213,377
449,11,179,366
417,21,221,341
439,33,190,324
397,23,241,334
430,20,197,341
413,16,216,329
401,46,241,278
404,28,238,311
425,14,215,334
374,10,256,344
379,23,259,335
421,47,209,298
382,38,241,302
410,48,233,294
358,56,282,281
351,39,292,322
365,14,272,362
389,17,247,351
407,-7,215,376
427,20,187,343
445,21,170,330
418,15,209,350
394,7,237,358
409,0,214,357
405,17,213,322
387,31,231,323
380,50,259,309
375,19,257,354
398,9,222,366
397,-17,221,386
434,1,185,366
421,-1,199,369
413,-8,208,370
413,16,217,341
398,14,234,344
413,12,207,348
399,11,237,355
413,14,220,336
426,15,201,329
406,28,223,318
442,16,186,340
411,27,222,343
392,35,250,328
392,33,252,323
427,59,219,297
394,48,255,304
395,35,251,324
430,26,205,337
414,44,226,305
403,23,238,337
376,2,260,331
425,1,218,356
385,0,265,376
414,13,236,345
393,5,253,359
406,13,232,335
404,21,247,326
419,26,224,333
397,45,250,307
368,16,282,335
367,7,280,359
386,4,250,366
390,10,245,348
403,16,228,340
373,16,268,350
395,20,241,349
403,13,223,351
449,21,165,341
420,5,203,348
394,18,252,330
433,15,203,315
405,21,239,306
397,-10,242,359
405,-4,219,360
382,23,267,323
400,3,242,312
404,2,222,325
394,26,240,310
388,17,253,326
439,-17,187,367
425,3,207,348
432,7,198,332
436,-7,189,345
415,26,215,314
418,-6,206,343
391,2,251,332
401,-5,239,338
435,7,194,327
416,9,226,319
394,15,251,320
422,9,215,335
426,-11,203,360
395,10,247,325
405,9,228,326
391,-5,243,352
408,-2,222,362
384,11,249,340
405,24,232,317
378,5,265,340
392,7,243,336
391,5,247,352
427,13,203,341
413,16,229,333
391,24,252,326
396,18,254,323
387,33,256,316
427,25,201,329
428,0,208,352
421,14,219,308
406,37,236,299
373,11,268,347
381,17,260,347
420,-4,200,362
425,5,195,349
386,18,236,342
389,13,238,346
362,8,269,346
396,-7,232,381
420,19,199,346
400,21,233,344
419,26,212,322
396,0,236,355
402,3,228,354
429,15,183,359
424,35,201,316
422,43,196,308
399,11,236,356
391,1,241,359
399,3,224,339
402,5,221,328
402,11,228,311
410,-6,218,340
421,0,199,346
403,0,222,341
388,9,239,332
411,-11,211,362
410,-5,215,353
385,7,243,338
416,14,198,337
395,21,229,331
433,7,182,361
425,16,198,344
395,24,238,322
394,-11,233,363
438,25,183,321
419,24,206,346
445,5,173,363
411,-2,214,372
379,18,258,341
417,-2,215,345
433,27,201,307
410,56,225,269
413,45,218,299
433,23,193,326
454,33,167,299
424,26,212,312
452,33,182,293
421,37,213,289
436,37,194,274
467,39,174,243
456,49,179,217
428,68,207,210
408,68,248,207
409,55,234,221
395,49,252,268
412,14,226,326
430,6,209,321
424,10,211,303
434,12,193,329
430,-1,199,350
405,-4,234,328
443,10,188,301
421,15,208,336
440,-1,191,333
412,8,227,328
430,11,198,309
418,13,209,322
427,9,202,343
417,8,221,336
395,16,248,297
409,28,224,302
448,39,174,271
452,14,176,274
434,35,199,265
423,27,202,252
406,26,232,285
398,24,236,289
431,45,197,272
428,50,197,232
421,61,226,196
423,63,215,190
432,78,200,178
435,75,201,180
418,91,225,174
422,94,219,159
413,114,234,135
425,101,218,152
416,91,227,165
413,90,237,170
424,94,227,170
437,79,195,194
434,78,204,180
418,87,226,172
430,83,205,173
445,70,180,173
431,85,201,181
439,87,207,159
430,94,216,168
429,94,219,179
415,73,240,204
410,78,244,194
394,71,259,237
398,52,246,281
386,20,270,332
408,-3,238,352
386,10,264,339
423,4,223,332
448,14,191,310
423,4,206,353
409,-18,231,374
379,9,273,338
401,8,246,328
409,6,225,342
427,13,206,324
441,24,197,314
413,23,224,330
438,14,199,313
413,25,225,311
445,11,193,312
409,8,228,350
435,-3,197,357
406,27,240,313
435,46,209,290
402,35,233,320
440,1,192,366
429,21,208,323
410,41,242,307
427,15,218,329
403,35,240,281
402,44,229,290
400,40,230,309
365,17,277,338
409,14,224,345
431,40,204,311
399,12,231,333
404,29,248,336
396,17,251,340
393,32,243,323
413,13,219,343
398,25,236,338
369,48,284,297
393,17,257,343
383,12,263,349
391,31,248,326
384,22,255,342
403,24,236,344
388,46,250,314
390,15,244,348
402,6,229,344
388,14,249,361
380,1,260,360
393,-9,243,358
396,-4,233,351
372,26,269,322
364,19,273,345
394,46,245,312
383,11,252,362
385,26,253,343
381,-5,254,365
356,22,291,339
396,16,230,357
382,15,252,349
350,12,290,344
356,1,291,363
386,-6,261,386
405,1,239,373
386,2,258,358
392,-3,254,354
373,12,271,340
401,13,233,354
422,21,209,306
412,20,219,303
382,42,255,268
369,44,277,281
360,34,301,289
367,21,281,311
393,18,246,323
367,39,266,316
409,31,234,309
392,21,254,318
411,17,225,338
453,14,178,318
428,14,193,347
411,17,218,339
408,28,237,335
378,24,273,337
394,20,243,344
374,21,262,342
368,20,287,362
374,29,263,319
369,42,279,315
345,5,303,351
370,12,276,342
351,10,306,359
401,-7,239,367
408,22,221,322
396,19,232,323
404,22,233,328
394,1,243,351
391,13,243,335
397,32,238,328
372,12,269,350
399,17,235,349
419,51,209,306
397,46,239,301
440,57,188,283
420,42,211,325
378,25,261,344
365,23,280,329
374,17,274,337
389,21,257,340
400,21,239,345
421,34,212,320
402,43,235,295
396,13,243,337
429,28,202,318
407,21,219,314
398,25,233,323
392,41,258,311
418,17,213,338
386,18,248,342
423,0,204,360
398,19,237,334
408,19,225,316
390,-1,243,346
412,9,221,358
401,-12,230,368
389,-10,238,375
405,0,219,355
430,4,182,362
455,9,166,366
437,0,188,363
438,-23,187,402
436,-5,192,380
434,-9,202,354
413,6,225,349
390,27,243,325
409,25,223,331
370,-2,266,360
382,-2,252,371
367,4,278,363
416,5,225,375
405,20,239,348
417,30,223,340
400,13,238,350
403,14,227,345
404,11,233,348
428,13,201,344
409,13,221,331
399,40,239,308
394,30,237,324
385,25,249,309
369,12,264,339
410,20,225,341
402,28,235,318
413,20,219,329
401,22,231,339
409,22,226,334
403,10,229,342
423,23,202,338
382,42,251,306
386,39,255,312
411,19,223,327
400,16,234,337
425,-21,199,392
424,3,208,364
446,0,183,344
418,-5,219,352
413,8,217,343
392,-8,241,364
421,13,202,337
414,39,212,307
372,21,266,344
417,2,214,361
420,0,207,352
415,0,222,335
436,10,197,322
416,18,229,309
415,19,221,299
410,40,229,267
424,33,217,296
401,40,249,295
401,22,247,313
393,32,253,316
400,16,237,306
397,24,246,315
439,36,187,285
412,47,223,252
397,45,239,286
386,36,254,312
403,32,236,320
400,36,244,310
401,44,246,303
373,3,278,352
401,9,232,345
372,10,267,353
370,22,273,358
371,23,267,349
375,10,262,359
382,24,254,347
372,45,269,330
368,34,276,337
384,38,260,330
381,43,261,325
380,28,270,337
382,23,257,346
373,0,272,364
370,10,272,361
378,3,256,373
369,12,271,366
340,57,319,312
357,52,293,302
351,58,316,290
327,38,349,322
369,29,287,330
364,40,291,311
366,46,273,306
372,54,267,301
363,41,278,318
367,55,294,300
354,51,301,314
340,50,327,318
344,46,304,320
366,57,280,311
364,37,289,326
355,3,288,349
384,-5,255,382
353,11,301,363
370,27,272,336
348,10,306,360
375,6,273,353
398,1,243,364
388,10,259,348
419,18,230,338
422,20,220,337
404,2,242,344
414,10,231,344
447,-5,188,360
423,13,228,324
426,0,213,340
408,9,235,348
418,16,218,334
416,4,210,342
400,7,234,325
410,11,219,333
422,16,209,328
419,23,207,303
401,13,241,341
399,33,245,312
416,31,224,317
413,22,224,326
370,9,275,359
363,26,294,322
404,12,235,333
394,14,250,337
377,8,267,349
388,-16,243,379
380,16,263,341
386,7,258,367
378,24,259,341
389,25,248,342
397,21,238,346
404,7,226,374
393,5,244,356
417,3,216,360
393,-2,252,366
394,16,243,353
381,17,254,352
390,44,246,306
376,39,276,320
371,20,266,326
374,37,268,306
379,42,267,299
385,31,251,310
398,46,238,301
403,36,227,318
371,34,274,316
394,26,241,338
383,-5,254,365
375,16,269,333
371,15,261,322
366,30,262,327
399,48,226,306
402,35,225,318
385,15,254,349
411,17,222,351
397,12,237,336
438,22,185,356
403,36,215,335
408,38,216,331
400,54,236,275
369,33,272,313
389,11,235,335
408,22,211,338
380,31,253,301
401,26,241,313
381,28,258,302
361,22,287,330
377,19,260,338
394,8,235,333
412,28,215,316
387,29,265,306
392,16,245,316
374,33,269,313
401,23,235,320
369,23,260,327
361,18,272,342
357,16,285,315
362,9,291,337
374,6,268,355
361,16,283,347
389,0,244,380
372,17,275,352
371,17,273,312
396,26,250,335
401,21,242,344
384,12,260,360
416,29,227,345
407,21,229,330
401,15,233,339
418,17,220,346
405,23,237,340
438,30,198,332
421,15,216,354
421,-16,215,382
441,7,191,354
408,-5,225,394
431,9,197,373
417,28,213,346
401,1,226,365
401,20,224,350
442,2,184,382
438,-28,193,392
424,-16,208,381
423,-3,213,357
397,4,242,336
415,-11,213,369
407,0,228,361
433,-1,189,357
403,14,229,340
449,23,174,309
416,19,218,325
399,15,241,344
387,-3,246,378
417,3,217,379
390,5,261,368
392,4,256,374
430,9,213,368
397,18,248,360
431,-4,203,381
408,-25,226,392
422,-10,205,356
411,1,222,354
431,32,206,307
397,12,234,374
443,-17,182,402
433,-13,206,373
423,-8,220,355
456,16,173,323
427,8,202,337
422,11,217,324
391,-2,253,356
356,0,280,378
417,23,234,324
387,13,256,356
375,25,268,340
395,4,232,331
366,-7,271,371
413,-1,222,351
413,31,222,313
421,13,204,363
458,4,152,372
426,14,190,369
464,35,149,319
434,28,182,349
425,-5,201,384
421,4,210,367
411,9,222,340
413,7,218,337
425,17,207,313
401,0,240,350
378,-4,267,365
364,-5,273,361
403,-3,220,361
401,13,231,332
360,9,280,359
378,13,255,370
398,-31,243,413
374,-11,275,359
357,1,277,358
395,20,259,340
352,16,301,359
374,16,267,357
418,-14,220,392
396,7,247,367
403,21,234,361
436,-15,195,401
405,17,233,362
417,4,224,355
434,10,206,364
407,13,236,357
392,16,260,355
392,1,253,339
378,-6,262,354
380,11,258,352
367,16,272,342
365,28,274,331
357,18,281,336
394,21,243,333
383,26,256,312
424,29,207,320
402,30,218,312
396,31,229,311
374,23,272,318
386,-1,249,350
376,-4,266,365
404,8,224,337
392,16,246,330
414,-6,216,368
418,2,213,347
382,18,261,323
385,24,255,311
386,34,256,313
410,15,225,343
404,20,228,324
393,14,244,338
393,24,234,328
408,29,223,321
381,32,264,312
414,9,216,332
375,26,261,318
402,17,226,337
395,3,233,358
420,18,199,342
414,33,209,322
355,44,253,304
360,20,276,335
391,17,235,357
391,43,243,326
409,10,217,361
374,18,247,344
384,0,247,379
347,22,296,335
362,27,279,337
366,18,271,358
390,16,241,347
394,5,231,367
387,5,242,361
386,29,248,332
389,33,244,325
371,32,274,334
362,17,278,354
375,13,264,343
366,7,271,352
378,9,254,346
381,10,257,346
379,25,259,333
369,21,270,341
363,17,266,338
378,34,262,318
406,11,215,350
367,26,267,341
354,13,284,355
359,4,268,364
378,21,251,332
361,7,266,360
374,32,258,331
381,9,258,367
363,-6,271,361
348,10,287,355
387,11,264,352
394,14,245,343
401,28,231,323
381,37,271,320
388,9,246,353
379,15,262,349
391,13,251,347
386,28,257,338
421,29,221,319
405,1,233,357
421,12,222,346
412,15,227,339
415,16,220,331
400,7,235,346
365,9,267,348
412,35,227,304
393,20,243,337
369,15,272,328
377,1,273,364
412,3,228,366
368,21,281,324
372,15,263,351
378,38,284,327
378,5,262,346
389,0,249,340
380,-3,258,371
407,21,225,339
410,35,234,300
371,25,268,309
392,26,268,328
401,28,251,335
412,21,232,340
394,25,249,334
360,31,278,322
388,35,262,332
413,17,225,323
404,20,242,337
389,21,264,340
365,32,297,319
378,54,281,304
396,27,251,343
393,27,258,341
378,9,286,342
419,-12,221,374
429,20,216,335
392,-17,259,361
401,7,254,346
435,16,216,334
418,39,228,303
419,7,217,347
410,25,220,324
441,41,192,313
409,49,233,292
398,55,249,291
424,35,211,327
405,17,229,325
443,56,173,280
409,50,206,285
399,40,241,307
373,30,276,326
397,15,242,330
383,21,253,309
440,10,196,342
397,9,238,329
382,16,263,326
396,16,233,328
386,51,255,294
410,30,233,318
418,2,215,339
393,1,249,353
403,9,215,341
374,16,265,328
384,-6,251,359
402,2,222,336
370,7,258,357
382,15,247,356
380,7,258,366
357,10,282,335
389,10,233,352
387,-13,229,378
376,8,249,367
370,10,267,361
401,4,224,381
369,-18,266,417
390,-6,236,393
395,-9,224,390
403,5,217,376
386,-6,235,394
380,6,246,386
374,12,250,345
388,39,244,285
364,43,266,267
394,57,237,269
391,53,253,287
360,29,289,315
366,39,274,307
388,36,231,311
401,32,224,317
401,37,236,296
367,34,269,307
373,28,257,300
380,46,248,294
373,34,265,316
373,39,279,303
371,9,282,330
370,0,285,355
370,9,269,345
369,17,256,323
360,21,287,330
366,19,278,346
348,33,309,318
356,23,290,341
388,29,252,349
398,23,238,359
403,7,231,357
409,45,218,323
418,35,210,340
405,23,231,345
411,8,220,336
401,14,234,353
421,18,209,343
414,42,216,322
404,22,225,347
373,28,259,345
357,19,279,358
376,22,271,347
390,39,239,326
388,30,228,340
392,-9,229,387
389,15,239,347
400,40,221,312
395,31,218,339
404,23,215,351
392,39,242,329
365,32,259,343
413,12,195,383
402,26,219,372
399,-4,224,397
427,-31,193,421
398,-2,227,392
395,1,223,390
394,-3,232,397
385,-21,238,405
395,-3,221,396
389,-34,229,436
424,-16,191,416
407,-23,209,422
417,16,199,362
434,33,181,362
430,56,183,354
398,0,232,383
409,-1,204,388
395,-4,226,372
416,13,206,350
404,8,223,366
409,8,222,355
394,-4,238,398
402,2,232,372
408,12,221,361
423,16,197,359
410,15,212,362
396,22,237,352
401,-7,219,381
402,-1,217,381
386,18,247,343
406,6,217,364
398,10,233,368
416,-5,207,392
425,7,195,358
420,29,201,340
418,23,209,340
424,18,195,361
415,17,218,359
416,17,220,344
412,12,221,355
422,9,211,352
392,21,241,342
432,24,206,344
416,29,212,347
400,3,243,351
396,10,244,384
398,3,240,365
442,21,176,339
415,47,215,316
397,28,243,348
364,0,272,380
391,21,244,360
404,-6,223,387
411,-9,214,388
392,23,240,353
408,46,228,315
413,42,213,329
424,38,206,327
389,73,238,287
377,47,269,311
390,30,240,344
383,0,245,385
386,5,250,368
385,-14,249,386
400,-5,220,356
387,28,249,316
390,11,250,353
415,13,224,342
423,22,205,326
405,32,221,342
383,9,254,360
401,-9,220,381
403,5,231,366
408,2,215,376
384,-19,244,419
384,-10,249,419
390,-8,237,398
387,-1,251,389
390,-8,237,400
388,-24,226,418
414,-2,212,380
430,-9,202,422
410,0,211,408
388,-12,239,414
406,-4,217,399
425,-8,190,385
389,9,231,375
364,-2,253,351
390,11,246,344
424,28,198,342
400,19,230,372
402,22,222,352
420,8,203,363
411,43,214,337
420,-3,208,386
430,-25,204,412
418,0,230,412
393,19,257,380
388,12,267,369
378,27,273,360
394,0,266,393
418,-11,231,380
397,15,250,368
398,-6,247,394
437,14,205,363
453,-22,172,407
420,-14,216,395
434,-23,198,412
410,-13,239,413
399,-25,253,408
373,8,285,384
374,4,268,385
422,18,214,361
465,9,154,366
444,2,185,380
441,-13,196,375
419,-3,221,383
437,14,198,367
445,-13,189,393
424,-27,209,405
408,-12,231,402
425,5,212,379
423,-29,210,407
425,-10,213,398
419,6,212,370
427,-3,216,377
435,-3,204,387
448,-21,179,395
459,9,166,361
432,4,192,384
481,-20,141,394
435,3,184,392
431,-33,195,406
422,-2,213,382
387,8,264,353
397,17,250,334
421,6,211,368
419,-7,210,370
426,17,194,342
410,41,213,324
428,20,199,348
412,-6,223,376
382,10,252,359
422,31,207,346
404,32,226,347
450,24,180,341
421,2,217,362
454,4,182,370
437,-2,202,381
441,10,200,365
429,-27,216,413
457,-8,184,384
421,-9,229,372
433,4,214,354
407,6,243,373
439,-3,202,375
421,-27,227,400
445,-3,191,392
488,-25,143,419
463,-2,160,400
451,-20,170,421
418,-28,215,428
412,2,223,384
435,-8,195,386
416,-4,218,380
421,-8,221,383
433,-4,202,374
420,-13,216,398
432,-14,203,375
421,6,225,363
425,9,220,358
415,2,225,361
403,19,241,346
436,10,201,355
452,1,181,367
429,48,206,312
431,22,205,345
409,-6,240,384
381,19,272,359
428,21,214,308
454,5,183,331
471,13,167,338
460,22,177,335
482,33,159,329
432,31,190,338
438,2,190,368
465,-27,169,396
486,1,152,368
472,9,163,372
457,9,183,383
447,0,192,380
485,2,151,389
464,0,169,358
438,17,198,348
433,-23,205,382
455,-11,176,363
478,2,143,367
452,11,182,352
487,-1,141,369
454,-12,175,402
468,-5,169,367
433,2,214,370
446,5,194,348
450,16,183,342
436,4,199,379
460,17,163,360
437,13,190,336
431,42,196,320
413,31,223,338
417,-7,224,383
446,22,182,322
421,12,214,352
451,22,188,328
401,27,226,323
434,17,206,356
473,10,156,352
441,-8,188,394
422,-1,207,377
463,-6,164,373
437,19,195,339
441,18,191,297
437,33,190,248
435,43,192,231
427,55,205,216
423,72,232,180
442,78,202,180
448,84,193,179
466,75,173,195
470,64,165,185
487,60,145,182
477,62,151,202
472,83,169,165
456,80,184,165
463,81,187,182
470,77,163,178
459,63,175,206
481,76,151,167
480,74,158,182
457,78,178,169
452,76,197,182
464,70,172,174
466,79,176,175
445,71,201,201
440,82,197,189
422,100,225,163
413,94,230,164
428,68,200,188
426,73,213,193
425,77,226,172
441,79,208,162
431,78,222,188
428,63,214,208
435,73,226,186
456,84,184,174
456,70,170,187
465,55,158,192
454,37,178,226
451,20,184,268
437,13,196,305
422,3,215,343
435,-3,200,352
419,21,223,328
408,25,229,325
369,37,272,308
364,21,292,334
399,-10,246,356
404,10,244,341
418,5,221,343
427,-3,206,349
469,11,159,319
444,21,197,328
452,36,187,299
422,49,224,280
409,45,235,289
415,3,217,339
434,20,188,334
458,9,161,352
428,13,208,355
440,-8,194,383
460,-18,167,384
432,-11,201,393
444,0,188,378
434,2,195,369
415,6,223,362
419,43,213,323
455,44,168,322
423,-5,195,367
446,0,171,383
425,9,204,368
421,14,203,353
444,9,180,384
420,-26,204,411
451,-21,169,403
430,-9,188,385
429,-2,192,377
426,8,200,354
400,13,233,345
419,15,210,343
389,9,244,358
407,6,220,371
399,4,224,364
399,6,237,371
434,12,196,358
431,1,198,363
419,15,216,324
404,13,229,324
441,39,189,314
410,69,222,285
425,82,213,275
406,40,232,314
433,50,192,316
420,24,208,316
415,58,216,285
428,16,199,333
423,-11,209,371
436,7,193,352
417,8,220,345
440,15,194,341
402,35,241,311
429,26,211,328
421,-10,218,368
389,24,265,333
426,12,210,339
407,17,233,332
427,4,212,358
431,27,202,333
417,34,227,324
416,54,223,293
425,14,210,337
409,31,231,316
417,32,222,330
442,13,193,339
419,25,232,313
447,44,201,261
430,61,222,229
431,48,216,227
418,44,227,240
452,54,180,206
434,79,202,170
432,82,207,163
440,77,193,177
441,82,193,174
443,105,194,150
462,93,169,156
448,89,196,160
423,79,220,185
438,86,213,167
428,88,225,166
412,108,255,148
391,93,272,171
398,90,262,195
405,76,253,233
375,65,276,279
372,48,276,322
392,6,253,350
414,15,224,328
453,29,184,308
431,48,199,299
403,29,234,325
440,18,199,338
468,43,171,308
429,47,202,297
469,58,168,280
442,65,187,274
405,57,233,297
406,30,248,333
405,19,243,352
417,33,228,347
376,16,278,360
404,-5,249,381
431,0,213,355
422,5,220,354
412,13,234,352
435,24,199,334
399,14,240,337
425,4,204,351
467,0,153,357
476,3,147,378
453,8,173,358
424,-28,212,395
455,-9,178,355
425,-6,205,368
396,12,241,324
428,4,211,352
400,-5,243,347
364,-8,294,364
395,-5,249,374
391,9,268,338
406,3,246,345
433,17,215,335
408,4,244,360
397,10,256,331
437,3,207,346
396,-8,253,361
444,-13,194,380
416,3,230,359
424,12,213,324
438,13,198,287
420,27,208,264
419,32,222,242
404,43,242,217
392,55,270,215
375,41,273,236
358,44,289,248
366,50,293,283
409,35,241,280
411,9,232,326
455,3,174,343
406,10,214,331
409,1,217,358
396,13,242,352
430,12,204,319
397,15,238,327
403,27,232,330
424,16,205,343
467,-23,157,383
443,-14,178,418
448,-26,182,402
432,-5,200,354
398,14,232,327
412,19,220,321
458,9,170,335
