364,208,38,37
369,193,39,37
375,180,37,37
380,168,38,38
386,159,38,40
391,149,41,38
396,143,40,40
399,136,39,38
400,130,41,39
401,125,42,39
402,119,43,40
402,116,43,40
400,114,43,39
400,115,42,40
398,116,43,42
395,118,42,43
391,132,42,41
383,146,41,43
373,170,40,41
363,199,39,40
351,231,41,40
339,263,38,40
328,288,39,42
321,269,39,37
312,249,39,39
304,231,38,37
294,213,38,38
293,213,39,36
286,199,40,37
277,184,40,38
269,173,40,38
262,163,38,37
261,164,39,36
253,153,41,39
251,147,40,38
248,139,40,38
246,134,41,37
245,134,42,38
245,126,42,40
248,124,41,40
246,123,43,40
251,122,40,42
249,124,43,43
255,128,41,44
259,141,39,43
269,160,40,44
283,189,41,42
283,190,43,43
300,223,42,43
316,257,40,41
331,291,39,42
339,270,40,36
338,268,41,37
347,245,39,37
353,224,38,36
360,205,37,34
366,187,37,35
366,185,37,35
373,165,37,40
377,154,37,39
381,145,36,37
384,137,36,36
383,136,39,37
387,129,40,36
388,123,41,38
392,118,39,38
392,114,39,38
392,113,39,39
392,110,39,38
391,108,38,38
390,109,39,39
388,112,37,39
387,112,39,41
384,120,40,41
378,133,38,38
374,150,38,41
363,176,40,41
364,177,37,40
355,209,39,38
346,242,36,36
335,274,40,41
326,273,39,37
326,272,38,38
317,252,38,36
309,234,38,36
301,217,38,35
292,201,38,35
291,201,39,35
282,187,39,36
273,173,39,37
268,164,37,36
262,154,37,36
261,154,39,36
257,143,36,39
252,137,37,38
248,130,38,39
245,127,38,37
244,126,39,37
243,124,38,37
241,119,38,38
240,120,39,38
240,121,41,39
242,123,41,40
245,128,40,39
251,139,38,39
259,156,37,40
270,179,40,40
287,206,40,42
304,238,39,43
319,270,40,41
332,281,41,37
341,256,40,37
351,238,38,36
359,218,38,35
369,200,36,35
377,182,38,38
387,168,37,37
395,157,38,35
403,147,36,36
408,135,39,35
412,123,43,39
417,118,41,39
424,113,39,38
426,108,40,38
428,105,42,39
432,102,40,39
432,103,42,39
430,106,42,39
428,111,43,39
427,118,42,42
424,129,41,42
418,143,41,41
410,165,41,40
398,186,42,42
385,212,39,42
369,238,42,43
356,270,39,40
343,281,38,36
339,260,33,39
334,248,25,32
304,231,21,31
295,215,25,34
284,202,33,34
272,190,36,35
262,181,37,36
254,173,38,37
246,169,40,38
239,166,38,39
231,163,40,37
220,160,42,39
211,159,44,41
205,160,45,42
201,161,42,43
199,165,44,45
199,171,47,50
206,189,48,49
217,212,48,52
239,243,49,50
263,275,51,53
289,307,50,52
309,324,51,41
325,301,49,47
326,299,50,46
341,276,48,47
354,259,48,44
367,236,47,48
380,219,50,47
381,218,50,48
395,204,47,45
403,193,50,47
413,181,50,44
422,169,52,49
424,170,49,48
435,159,51,48
436,159,52,46
438,153,54,47
437,153,54,49
436,155,55,51
434,161,49,47
428,173,49,47
417,187,48,46
416,185,48,49
389,223,45,47
371,244,45,46
356,267,45,46
354,269,44,44
338,294,43,45
328,280,42,40
317,263,40,37
306,245,38,37
304,244,41,39
285,219,38,36
278,209,38,36
274,200,36,36
274,201,36,35
269,193,36,36
264,189,37,35
259,183,37,34
257,180,34,36
256,179,34,35
252,176,37,36
253,176,34,35
253,177,37,38
253,179,37,35
255,184,39,37
261,194,38,36
263,194,38,38
287,226,38,38
287,226,38,40
326,270,39,40
343,278,35,35
354,260,38,34
354,258,39,36
365,243,38,35
386,214,38,38
397,204,38,36
397,203,37,37
405,192,38,37
411,185,39,35
417,176,38,36
422,167,40,38
422,169,40,37
425,163,44,37
427,159,40,37
428,159,40,37
428,158,39,36
427,158,42,39
425,160,42,39
420,164,42,42
415,175,41,40
407,187,40,41
397,202,41,40
384,217,43,43
370,236,41,44
356,258,35,37
339,279,38,39
328,270,34,36
324,254,28,35
315,242,25,31
290,231,19,30
282,221,24,30
278,211,28,33
275,204,30,33
271,198,33,33
269,193,35,34
266,188,37,35
264,186,37,36
263,186,36,35
262,188,36,34
261,191,37,37
259,197,36,37
258,204,37,37
256,210,38,37
257,218,40,40
259,229,44,43
268,243,42,44
281,265,45,46
300,292,45,48
320,308,42,41
320,306,44,42
320,306,44,43
319,306,46,44
372,235,44,44
385,225,43,40
387,225,40,39
411,203,42,44
411,203,42,41
426,189,45,41
432,182,45,40
434,178,46,43
435,176,46,44
433,179,46,45
431,185,43,44
427,194,43,43
417,206,46,45
408,218,47,47
393,236,47,48
377,260,44,48
362,283,42,49
348,285,41,41
334,269,43,40
322,253,38,40
310,239,39,41
296,227,39,39
286,218,40,38
277,206,41,40
268,199,39,38
260,195,38,37
252,188,39,39
244,182,39,38
238,177,41,41
234,174,37,40
231,171,37,38
229,170,39,38
225,170,39,40
227,171,40,38
226,173,40,40
227,176,41,42
230,186,41,42
237,196,43,43
239,199,41,41
247,212,40,42
258,228,38,41
275,248,40,42
294,269,39,40
293,270,42,42
323,280,40,37
333,260,34,39
343,246,25,36
344,248,21,32
379,234,19,28
381,222,23,32
384,211,28,33
383,203,33,34
381,201,38,35
381,194,42,36
384,188,41,37
386,183,42,37
389,182,39,34
388,180,38,35
390,178,38,36
392,179,38,37
391,180,37,37
392,182,38,38
391,182,38,39
391,186,39,38
392,193,38,37
391,201,37,38
387,219,39,37
385,221,39,37
378,245,39,38
378,245,39,38
353,251,36,36
351,252,37,34
333,222,37,36
334,222,38,36
314,198,37,37
313,199,37,36
304,189,37,38
306,189,37,37
282,168,38,37
277,162,39,38
272,156,36,35
271,155,36,38
271,156,38,39
259,141,38,39
256,140,38,37
254,137,38,39
250,133,40,40
251,135,38,37
249,133,40,38
250,132,40,40
252,132,38,39
250,133,39,41
252,135,39,38
252,134,38,37
260,148,39,41
260,148,41,43
259,149,41,40
282,201,39,41
294,228,38,41
306,257,37,40
316,285,38,43
321,272,35,36
321,273,39,36
329,233,36,35
333,215,36,35
336,199,37,36
336,199,36,36
352,156,37,35
356,149,37,35
357,150,35,33
356,150,36,33
358,135,38,34
359,135,36,34
359,137,37,34
360,137,34,33
359,135,37,34
343,183,36,37
333,208,37,36
324,236,36,37
316,264,36,37
305,276,37,36
305,276,37,34
286,242,37,35
277,227,36,35
267,214,36,34
257,201,37,36
249,192,36,35
246,190,38,37
233,175,36,35
232,174,37,36
221,161,36,38
216,154,37,37
210,149,38,35
208,144,39,37
206,139,40,39
206,140,42,37
206,140,44,40
212,141,41,43
217,150,41,44
225,163,42,44
233,180,41,43
245,206,41,45
261,239,40,41
276,271,42,44
292,296,39,39
299,273,41,38
308,252,39,38
317,233,40,37
326,213,41,38
336,197,42,37
343,180,42,39
351,170,41,39
353,171,39,36
356,162,39,38
359,155,39,38
362,150,39,40
362,146,37,38
361,145,38,38
360,142,36,38
357,141,38,37
354,143,38,36
352,142,37,37
352,142,37,36
349,142,37,35
348,138,38,36
344,134,38,35
341,126,39,37
339,127,39,36
339,117,38,39
337,110,40,40
340,100,39,38
341,92,41,39
342,90,40,39
345,83,40,38
348,79,39,38
350,73,43,38
353,69,43,39
354,70,40,40
356,69,41,40
360,72,42,40
364,75,42,39
367,81,40,38
367,82,41,40
369,88,41,39
373,97,41,41
377,107,40,39
380,117,38,38
381,117,38,37
385,126,37,37
386,129,39,37
389,132,40,37
393,134,38,36
391,135,40,36
393,133,37,36
394,131,38,37
395,127,39,37
396,123,38,37
396,123,38,38
397,119,39,38
396,115,38,39
393,110,39,38
391,107,39,37
389,106,41,39
380,94,43,41
376,86,38,39
371,74,38,40
370,73,39,39
366,60,38,41
359,47,39,39
357,36,36,37
353,25,34,36
354,25,33,36
348,17,35,36
346,11,33,35
340,7,33,33
338,7,33,33
337,6,32,32
335,7,31,31
332,8,28,31
335,7,30,33
342,8,31,31
343,7,31,32
351,9,30,32
357,12,31,33
366,16,31,35
373,22,34,36
381,31,35,38
391,43,34,36
400,56,36,36
410,72,38,36
415,80,38,39
414,88,39,38
413,97,41,39
412,105,39,41
412,107,39,39
415,121,40,40
418,124,42,39
422,124,42,40
425,121,45,42
427,119,42,42
429,116,45,43
428,114,44,41
426,112,45,42
422,110,45,43
418,106,45,42
413,103,46,41
404,95,45,44
397,87,42,42
388,79,43,42
381,69,40,40
373,61,38,38
366,53,38,36
359,47,36,37
354,42,33,36
349,39,32,35
343,41,32,32
337,42,32,32
335,42,30,32
328,48,31,32
332,48,30,32
338,51,31,32
343,53,32,34
350,58,31,34
356,64,31,33
364,75,30,34
369,84,33,36
378,97,35,35
385,115,34,36
393,134,37,37
403,155,37,40
413,181,38,41
423,210,39,41
433,244,42,44
443,281,46,49
453,288,46,42
462,271,45,39
471,252,45,41
479,232,47,44
486,214,51,48
496,198,51,46
507,185,51,48
515,172,53,49
519,157,55,53
522,150,59,51
526,139,58,52
526,133,59,54
525,132,59,53
525,127,58,54
521,124,60,54
517,127,59,55
511,129,59,55
512,130,56,55
504,139,55,52
494,151,56,53
484,170,56,55
471,195,53,51
472,198,49,47
458,225,48,49
444,249,49,47
433,278,49,47
423,297,46,45
425,299,44,41
413,256,44,41
409,236,43,42
405,218,40,38
402,219,43,38
398,204,40,39
395,192,38,39
390,184,38,38
387,176,37,37
386,175,39,37
384,168,37,38
381,164,37,36
378,156,37,37
373,154,36,36
372,153,35,34
368,148,34,35
364,145,34,36
358,141,38,37
355,141,36,35
356,141,37,37
352,140,39,38
350,143,38,39
349,147,41,39
352,156,40,40
352,159,40,37
362,193,38,37
371,216,39,40
380,245,42,40
382,245,41,41
392,274,41,44
398,274,42,39
399,273,41,38
412,236,39,37
412,235,41,36
421,219,38,35
428,204,37,36
433,189,40,38
441,178,39,37
440,176,42,38
451,159,43,37
454,150,45,38
458,146,45,38
459,146,45,39
463,143,45,40
469,140,41,38
470,138,41,39
470,137,44,43
471,138,44,41
469,141,44,41
467,147,44,41
463,158,44,39
461,158,42,39
455,169,41,40
453,170,43,40
442,183,42,43
428,203,39,39
408,224,39,37
408,223,39,39
372,268,38,40
358,266,39,39
347,250,35,36
334,236,36,35
324,224,33,33
324,225,31,32
305,207,34,32
304,206,34,32
303,206,36,33
283,190,34,34
284,190,34,33
275,181,35,35
274,182,35,36
272,179,35,35
272,182,34,34
271,184,36,35
273,184,34,35
278,194,35,35
284,202,36,35
293,214,36,38
306,228,38,38
325,246,36,39
325,246,36,36
361,271,39,39
360,271,39,38
382,242,40,38
395,230,39,39
404,221,40,37
415,212,38,37
417,211,37,36
431,198,39,38
439,194,40,39
444,193,38,36
446,192,41,38
444,198,39,38
434,209,41,42
420,228,39,41
397,253,39,37
397,253,41,39
363,270,36,34
350,250,37,38
337,236,38,36
325,223,36,36
313,212,37,35
302,202,39,36
295,192,37,37
291,184,35,36
285,176,36,36
281,173,35,35
281,169,35,33
281,165,36,35
283,164,37,36
286,164,36,37
292,166,36,39
297,173,37,37
306,181,35,36
316,192,37,36
325,203,36,37
335,216,38,39
347,230,37,36
349,231,36,36
359,244,36,37
374,261,37,39
385,272,41,37
394,259,38,36
395,259,40,37
413,238,36,37
422,230,38,38
431,223,37,35
431,223,39,37
441,216,37,36
443,212,40,38
447,209,40,38
448,205,40,37
448,207,41,37
447,207,40,38
443,208,41,39
443,210,39,37
443,210,40,36
444,209,40,37
403,239,42,38
384,255,40,38
364,274,37,37
349,263,36,36
349,262,35,34
321,240,35,36
320,239,34,36
295,222,34,35
296,223,33,33
286,216,32,33
276,208,34,34
268,200,35,35
261,194,36,36
260,194,36,35
253,185,36,35
251,181,35,35
249,178,36,37
250,180,33,36
251,177,35,36
256,180,35,38
261,187,36,36
261,186,37,38
276,200,37,37
286,212,38,38
299,225,37,37
300,226,37,37
313,238,39,41
329,253,39,40
331,255,37,36
362,272,37,35
361,269,41,38
373,257,37,35
384,246,38,35
394,233,39,36
406,224,37,36
405,223,38,36
417,216,38,37
427,209,38,37
435,204,37,34
441,195,37,36
441,196,38,37
446,189,36,35
448,185,41,37
449,182,40,33
450,181,38,36
451,179,37,35
452,179,36,36
449,181,39,36
448,181,39,36
440,193,39,36
433,202,39,37
424,214,38,38
411,230,37,39
394,249,38,37
378,269,37,38
361,270,40,39
350,258,37,35
337,244,37,36
325,234,35,34
314,225,35,35
301,219,34,34
289,210,35,36
278,204,37,36
268,198,36,37
261,194,34,36
253,190,37,36
254,189,34,35
244,181,36,35
244,178,34,34
241,175,36,35
240,173,35,35
243,171,35,35
244,172,35,35
245,171,33,36
266,168,35,36
275,168,37,36
276,167,36,37
275,167,35,37
275,167,35,37
327,152,37,37
339,149,36,35
349,142,37,37
356,138,36,37
360,136,36,37
362,137,38,37
362,137,36,36
360,144,37,35
358,145,36,37
355,148,37,37
354,149,39,37
354,149,38,38
354,148,38,38
347,141,39,36
346,132,39,37
347,133,39,38
346,105,39,38
347,90,42,40
345,75,42,40
345,76,43,38
344,77,42,39
347,76,41,36
346,29,40,41
346,29,40,40
346,22,40,46
347,24,40,45
347,24,40,45
348,27,39,44
348,41,39,42
347,53,43,43
348,54,39,41
347,66,43,40
347,65,42,42
348,66,40,40
349,115,41,40
347,123,39,40
347,132,40,39
347,139,38,38
347,140,37,38
345,151,38,40
343,156,37,38
343,158,37,36
343,157,37,37
343,158,35,35
343,157,36,36
342,157,37,37
343,156,36,36
342,157,36,36
343,149,39,38
345,143,37,38
343,144,39,37
348,120,38,37
348,120,37,36
347,87,39,38
344,73,42,40
344,60,40,40
345,60,42,39
343,47,42,42
344,39,42,43
343,30,41,45
344,27,41,46
343,27,41,43
342,23,42,45
342,27,42,49
341,31,41,44
342,37,41,44
342,47,42,42
342,46,42,45
342,46,42,44
341,45,44,45
341,87,43,44
340,97,45,45
340,106,44,44
343,116,42,42
342,117,44,41
343,127,42,39
344,134,41,39
345,141,40,39
347,150,40,38
347,152,38,38
349,155,38,37
348,159,39,37
350,164,38,35
349,164,38,35
349,163,38,35
349,163,38,36
350,163,38,36
348,162,41,36
350,158,39,37
351,158,38,36
352,151,39,37
355,143,38,35
355,129,38,35
355,128,39,36
355,113,41,36
357,99,38,35
356,86,39,36
356,73,38,37
358,64,38,38
357,57,37,37
356,52,38,39
355,48,38,40
355,44,38,41
356,38,39,40
359,30,39,40
363,13,36,40
365,-4,42,38
373,-12,41,28
373,-12,41,28
373,-12,41,28
373,-12,41,28
373,-12,41,28
373,-12,41,28
373,-12,41,28
373,-12,41,28
373,-12,41,28
373,-12,41,28
373,-12,41,28
373,-12,41,28
373,-12,41,28
373,-12,41,28
373,-12,41,28
373,-12,41,28
373,-12,41,28
373,-12,41,28
373,-12,41,28
373,-12,41,28
373,-12,41,28
373,-12,41,28
373,-12,41,28
373,-12,41,28
373,-12,41,28
373,-12,41,28
373,-12,41,28
373,-12,41,28
373,-12,41,28
373,-12,41,28
373,-12,41,28
373,-12,41,28
373,-12,41,28
373,-12,41,28
373,-12,41,28
373,-12,41,28
373,-12,41,28
373,-12,41,28
373,-12,41,28
373,-12,41,28
373,-12,41,28
373,-12,41,28
373,-12,41,28
373,-12,41,28
373,-12,41,28
373,-12,41,28
373,-12,41,28
373,-12,41,28
373,-12,41,28
373,-12,41,28
373,-12,41,28
373,-12,41,28
373,-12,41,28
373,-12,41,28
373,-12,41,28
373,-12,41,28
373,-12,41,28
373,-12,41,28
373,-12,41,28
373,-12,41,28
373,-12,41,28
373,-12,41,28
373,-12,41,28
373,-12,41,28
373,-12,41,28
373,-12,41,28
373,-12,41,28
373,-12,41,28
373,-12,41,28
373,-12,41,28
373,-12,41,28
373,-12,41,28
373,-12,41,28
373,-12,41,28
373,-12,41,28
373,-12,41,28
373,-12,41,28
373,-12,41,28
373,-12,41,28
373,-12,41,28
373,-12,41,28
373,-12,41,28
373,-12,41,28
373,-12,41,28
373,-12,41,28
373,-12,41,28
373,-12,41,28
373,-12,41,28
373,-12,41,28
373,-12,41,28
373,-12,41,28
373,-12,41,28
373,-12,41,28
373,-12,41,28
373,-12,41,28
373,-12,41,28
373,-12,41,28
373,-12,41,28
373,-12,41,28
373,-12,41,28
373,-12,41,28
373,-12,41,28
373,-12,41,28
373,-12,41,28
373,-12,41,28
373,-12,41,28
373,-12,41,28
373,-12,41,28
373,-12,41,28
373,-12,41,28
373,-12,41,28
373,-12,41,28
373,-12,41,28
373,-12,41,28
373,-12,41,28
373,-12,41,28
373,-12,41,28
373,-12,41,28
373,-12,41,28
373,-12,41,28
373,-12,41,28
373,-12,41,28
373,-12,41,28
373,-12,41,28
373,-12,41,28
373,-12,41,28
329,65,41,26
331,61,37,35
332,53,37,38
330,50,40,38
331,47,37,38
331,50,38,37
332,50,38,40
332,54,39,38
334,62,36,37
335,69,35,35
337,76,35,36
336,82,35,36
335,84,36,37
334,88,38,35
335,90,38,36
337,90,36,37
338,90,34,34
337,87,35,34
336,82,37,35
340,78,33,35
339,74,36,35
338,69,37,37
338,67,38,34
339,63,36,36
339,61,36,35
339,59,35,37
339,60,37,35
339,59,36,36
340,59,36,36
338,57,38,36
339,58,37,36
339,56,36,35
340,57,35,34
339,57,35,35
338,58,36,37
336,61,40,38
338,69,38,37
338,76,36,37
339,86,35,36
338,91,36,37
337,98,36,36
337,99,34,35
337,94,36,36
335,87,36,33
336,77,36,36
335,67,37,36
335,59,36,34
335,50,37,34
334,37,37,36
337,22,36,38
336,1,42,36
341,-8,40,27
341,-8,40,27
341,-8,40,27
341,-8,40,27
341,-8,40,27
325,21,34,21
325,21,34,21
325,21,34,21
325,21,34,21
325,21,34,21
325,21,34,21
325,21,34,21
325,21,34,21
325,21,34,21
325,21,34,21
325,21,34,21
325,21,34,21
325,21,34,21
325,21,34,21
325,21,34,21
325,21,34,21
325,21,34,21
325,21,34,21
325,21,34,21
325,21,34,21
325,21,34,21
325,21,34,21
325,21,34,21
325,21,34,21
325,21,34,21
325,21,34,21
325,21,34,21
325,21,34,21
325,21,34,21
325,21,34,21
325,21,34,21
325,21,34,21
325,21,34,21
325,21,34,21
325,21,34,21
325,21,34,21
325,21,34,21
325,21,34,21
325,21,34,21
325,21,34,21
325,21,34,21
325,21,34,21
325,21,34,21
325,21,34,21
325,21,34,21
325,21,34,21
325,21,34,21
325,21,34,21
325,21,34,21
325,21,34,21
325,21,34,21
325,21,34,21
325,21,34,21
325,21,34,21
325,21,34,21
325,21,34,21
325,21,34,21
325,21,34,21
325,21,34,21
325,21,34,21
325,21,34,21
325,21,34,21
325,21,34,21
325,21,34,21
325,21,34,21
325,21,34,21
325,21,34,21
325,21,34,21
325,21,34,21
325,21,34,21
325,21,34,21
325,21,34,21
325,21,34,21
325,21,34,21
325,21,34,21
325,21,34,21
325,21,34,21
325,21,34,21
325,21,34,21
325,21,34,21
325,21,34,21
325,21,34,21
325,21,34,21
325,21,34,21
325,21,34,21
325,21,34,21
325,21,34,21
325,21,34,21
325,21,34,21
325,21,34,21
325,21,34,21
325,21,34,21
325,21,34,21
325,21,34,21
325,21,34,21
325,21,34,21
325,21,34,21
325,21,34,21
325,21,34,21
325,21,34,21
325,21,34,21
325,21,34,21
325,21,34,21
325,21,34,21
325,21,34,21
325,21,34,21
325,21,34,21
325,21,34,21
267,85,33,18
266,83,34,27
264,79,37,33
268,66,38,37
270,61,36,36
272,58,37,37
273,58,39,37
275,58,39,38
277,60,39,41
278,67,37,38
279,72,38,40
282,83,36,37
284,94,35,38
285,104,36,37
290,116,34,37
292,126,35,36
294,135,36,35
293,136,36,35
294,139,38,34
295,141,37,34
296,133,36,34
297,126,34,32
296,117,36,35
295,108,35,35
294,98,36,34
294,98,36,33
292,89,38,34
293,80,36,35
293,71,37,36
294,65,35,35
292,64,38,36
293,62,36,34
293,57,37,37
293,56,36,36
293,55,37,36
294,56,36,36
293,55,38,37
293,54,36,37
292,53,37,38
292,52,37,37
292,53,36,36
291,51,38,35
290,47,39,37
291,46,38,38
292,32,36,39
291,33,36,40
291,31,36,42
291,33,37,39
292,10,37,38
292,9,38,38
292,7,38,39
292,8,37,39
292,7,36,39
293,8,35,39
292,4,36,36
289,-5,37,33
289,-5,37,33
289,-5,37,33
289,-5,37,33
289,-5,37,33
289,-5,37,33
289,-5,37,33
289,-5,37,33
289,-5,37,33
289,-5,37,33
289,-5,37,33
289,-5,37,33
289,-5,37,33
289,-5,37,33
289,-5,37,33
289,-5,37,33
289,-5,37,33
289,-5,37,33
289,-5,37,33
289,-5,37,33
289,-5,37,33
289,-5,37,33
289,-5,37,33
289,-5,37,33
289,-5,37,33
289,-5,37,33
289,-5,37,33
289,-5,37,33
289,-5,37,33
289,-5,37,33
289,-5,37,33
289,-5,37,33
289,-5,37,33
289,-5,37,33
289,-5,37,33
289,-5,37,33
289,-5,37,33
289,-5,37,33
289,-5,37,33
289,-5,37,33
289,-5,37,33
289,-5,37,33
289,-5,37,33
289,-5,37,33
289,-5,37,33
289,-5,37,33
289,-5,37,33
289,-5,37,33
289,-5,37,33
289,-5,37,33
289,-5,37,33
289,-5,37,33
289,-5,37,33
289,-5,37,33
289,-5,37,33
289,-5,37,33
289,-5,37,33
289,-5,37,33
289,-5,37,33
289,-5,37,33
289,-5,37,33
289,-5,37,33
289,-5,37,33
289,-5,37,33
289,-5,37,33
289,-5,37,33
289,-5,37,33
289,-5,37,33
289,-5,37,33
289,-5,37,33
289,-5,37,33
289,-5,37,33
289,-5,37,33
289,-5,37,33
289,-5,37,33
289,-5,37,33
289,-5,37,33
289,-5,37,33
291,2,41,39
293,39,42,42
300,82,38,37
299,81,40,38
307,152,36,37
309,171,36,36
309,190,35,34
311,203,35,35
313,216,36,33
317,224,34,33
317,225,34,34
322,233,34,33
325,234,33,35
327,237,34,33
328,236,34,33
328,235,34,34
329,234,34,33
329,231,33,34
329,227,34,36
329,223,35,34
329,217,33,33
327,205,34,35
328,206,35,32
325,192,34,33
325,178,35,32
324,161,37,34
326,146,34,36
326,147,35,34
328,136,35,34
327,129,35,33
329,119,35,34
330,115,34,32
331,114,35,33
330,110,35,34
331,107,35,34
334,107,33,33
335,108,34,32
335,109,34,32
335,110,35,33
335,112,36,35
337,111,33,33
338,111,34,34
337,111,34,32
339,111,34,33
339,110,33,32
339,112,33,32
339,115,33,32
339,113,33,34
339,119,32,33
339,128,32,33
340,142,32,32
339,163,32,33
340,164,33,34
341,189,33,34
340,215,34,35
341,246,35,34
341,259,33,32
341,259,34,31
339,239,34,33
338,221,33,31
335,205,32,31
332,188,33,33
332,188,34,33
329,175,33,31
325,164,36,32
323,153,34,31
322,144,32,32
322,142,35,34
320,134,36,33
320,130,35,33
320,127,31,33
317,123,33,32
316,122,35,34
314,119,33,33
312,116,33,32
308,116,36,33
307,114,35,31
306,114,36,33
304,113,33,32
304,115,33,34
305,118,32,33
305,123,33,32
305,123,33,32
305,128,33,33
305,136,33,32
305,140,34,31
306,146,34,31
306,145,34,31
305,148,34,31
306,149,33,32
307,149,33,32
307,148,33,31
307,144,33,31
308,141,34,33
308,135,35,33
309,127,34,34
309,119,35,35
310,111,36,37
312,103,36,34
313,95,35,33
313,88,37,35
313,84,38,35
316,80,38,36
317,80,39,36
319,80,38,36
320,82,37,36
321,85,37,36
323,93,37,34
323,99,39,37
326,112,37,36
327,126,37,36
329,143,39,37
332,163,36,37
335,183,37,39
337,207,37,38
341,235,37,39
344,263,37,38
346,283,37,37
344,264,40,37
345,247,38,36
345,230,37,35
344,216,37,35
344,202,36,35
344,190,38,37
344,181,39,38
343,172,40,39
344,166,39,39
344,163,38,36
340,160,41,38
335,159,41,39
332,159,41,40
326,160,42,40
323,157,41,39
318,155,42,41
318,153,40,40
309,148,42,41
304,144,41,43
301,144,42,42
298,142,41,44
299,139,43,45
297,142,43,43
300,138,45,44
303,135,46,45
309,133,45,44
317,131,43,44
326,125,47,46
326,124,49,49
351,114,50,49
368,109,50,49
382,102,52,51
395,101,55,51
407,99,54,52
409,101,55,53
426,103,57,55
432,105,59,55
436,107,60,57
438,109,58,56
439,111,57,56
435,110,62,62
431,106,65,62
432,107,62,62
427,103,63,63
422,98,68,63
417,91,71,65
414,89,73,64
414,91,70,64
410,82,69,68
405,80,73,69
410,79,73,72
407,79,75,80
405,80,75,78
409,80,75,80
412,83,76,79
418,84,79,78
434,79,86,76
439,76,85,80
458,68,83,80
474,59,85,78
492,43,101,83
515,29,102,84
519,29,99,86
548,4,88,87
570,0,78,82
563,2,74,70
577,2,63,67
576,-1,62,56
592,0,50,58
602,1,42,59
601,2,43,54
