308,136,69,71
295,135,78,66
296,143,75,52
294,142,79,53
294,142,75,55
297,144,72,51
301,147,60,47
294,146,66,56
289,148,73,49
279,150,84,45
278,152,71,47
284,152,60,39
285,151,62,40
287,146,59,42
291,148,51,38
291,151,50,37
294,153,48,39
294,160,44,32
291,153,43,39
294,147,39,43
304,154,32,43
304,155,28,37
303,155,29,34
301,159,33,30
305,164,31,27
309,167,33,28
312,165,28,32
315,166,27,29
317,168,33,26
318,167,28,22
317,165,26,24
315,162,27,28
315,163,29,26
313,162,28,25
313,160,26,30
314,158,22,33
310,159,24,28
310,158,24,25
310,158,22,23
310,159,20,22
308,159,23,21
307,160,22,18
306,161,24,18
306,161,26,19
304,163,26,20
302,165,27,20
302,165,26,22
303,165,22,21
302,163,24,24
302,161,21,23
302,159,22,24
304,155,25,28
309,152,20,31
310,151,21,32
310,150,21,35
311,151,22,36
309,153,25,32
305,152,27,34
303,151,30,34
303,153,31,32
300,153,36,33
297,156,41,29
296,157,44,28
297,157,44,30
300,157,44,28
307,158,39,28
316,158,31,31
319,154,29,33
322,151,30,33
325,150,28,32
329,150,25,35
335,150,21,33
336,151,20,29
336,156,20,25
335,158,22,24
338,161,20,21
335,162,22,21
336,159,20,23
336,161,20,21
335,163,20,21
337,161,22,24
334,163,25,22
335,163,21,22
335,163,20,22
336,162,20,24
335,162,21,27
335,163,21,26
336,165,21,24
334,167,20,24
336,167,22,24
334,169,22,25
334,168,21,24
336,167,21,24
336,167,20,23
337,166,19,23
334,167,23,22
337,157,19,24
333,145,18,25
331,138,18,24
328,132,18,28
328,127,16,33
327,124,17,35
325,119,18,39
323,117,16,44
316,114,18,45
314,111,15,41
312,110,20,44
316,109,20,46
319,110,19,48
318,106,20,51
315,111,19,47
314,109,21,46
318,112,20,44
324,109,20,47
328,108,17,47
326,107,16,53
322,105,19,53
323,110,21,48
324,106,22,53
323,109,25,55
321,104,22,52
317,107,23,52
315,108,23,53
319,108,20,52
318,104,20,55
319,105,20,59
319,103,22,64
318,102,26,70
316,105,32,75
313,108,36,71
314,110,38,79
321,103,33,87
320,108,37,93
329,104,29,96
325,102,33,111
328,99,42,118
325,101,45,122
317,106,56,116
305,113,55,114
303,118,66,113
298,121,79,105
299,126,59,98
301,123,55,101
303,125,58,103
303,122,55,107
305,115,48,114
302,118,58,110
301,116,59,108
302,115,53,113
300,111,59,120
300,112,62,117
304,115,65,112
306,113,60,119
305,112,63,121
304,116,71,111
309,123,63,109
312,108,62,127
313,112,48,121
308,115,47,117
308,115,47,117
322,73,60,111
309,99,61,131
307,93,74,144
310,97,69,145
309,91,87,147
311,96,72,142
313,92,87,152
319,91,76,146
324,101,52,136
308,95,53,124
306,104,51,128
303,115,47,112
300,100,41,123
294,101,50,115
288,110,65,100
289,113,62,91
291,114,60,87
290,118,57,87
293,123,50,80
294,127,50,75
291,128,54,71
292,125,53,72
297,127,46,67
294,129,50,61
294,129,48,59
298,130,39,55
259,91,38,48
294,129,40,46
303,134,43,54
278,78,41,42
282,77,36,43
294,75,31,42
303,76,31,42
322,119,23,39
322,124,23,32
322,125,20,30
322,126,19,30
319,107,20,27
318,112,18,29
312,112,18,26
315,136,19,23
313,141,19,21
311,147,21,19
310,152,22,22
312,157,22,21
299,157,20,18
301,159,18,17
307,169,22,17
301,170,21,17
298,173,21,17
295,176,22,23
297,175,27,22
298,172,29,24
297,178,36,24
294,175,41,26
290,168,45,33
277,162,40,34
276,165,36,32
280,165,29,33
298,171,28,38
278,167,33,32
275,166,37,36
281,167,36,41
275,170,42,39
277,171,44,36
279,170,37,40
279,167,36,47
281,166,40,48
277,169,44,42
277,168,44,44
275,171,47,34
276,168,48,37
276,166,48,38
278,165,54,37
274,165,56,37
274,165,61,37
273,163,57,42
271,165,58,42
271,162,64,52
270,163,68,46
270,165,66,42
265,166,70,41
267,161,72,45
269,161,68,45
268,162,66,45
269,161,65,44
267,161,68,42
270,161,65,40
267,160,67,43
265,162,71,40
265,160,71,38
265,158,69,36
270,156,61,44
269,157,66,42
267,155,64,46
268,153,64,47
268,155,67,45
265,157,68,40
265,154,63,41
265,156,63,36
265,154,62,38
265,153,61,38
269,152,53,41
267,153,60,37
271,152,56,37
272,150,57,37
274,148,56,35
272,147,55,37
273,147,57,35
278,146,51,34
279,144,51,36
281,142,52,38
281,140,53,38
287,142,50,39
287,137,49,41
290,134,43,45
289,131,40,47
289,131,35,44
286,131,41,49
283,134,45,42
281,137,46,43
277,138,49,42
276,140,46,41
276,142,50,41
276,141,50,45
277,141,54,45
278,140,54,45
277,142,55,41
282,142,53,40
286,140,53,43
289,147,53,45
296,146,48,40
296,153,52,38
301,154,46,33
302,159,46,33
299,164,50,29
306,169,49,31
299,173,47,30
299,176,48,30
304,181,40,30
309,178,32,32
345,173,30,34
345,173,30,34
345,173,30,34
308,167,32,29
342,169,35,30
342,169,35,30
342,169,35,30
293,166,35,34
298,164,34,36
295,163,38,42
298,162,32,46
306,156,27,44
308,150,31,51
306,153,33,50
307,154,26,45
311,147,26,45
308,149,25,44
307,152,23,41
323,148,24,45
308,151,28,42
314,149,26,41
333,150,31,46
313,148,25,42
313,150,25,39
315,144,27,42
318,147,28,41
314,146,32,42
307,144,32,45
302,142,37,44
298,140,40,48
294,137,46,51
288,134,55,56
279,134,67,53
274,130,66,58
267,130,77,54
260,129,76,52
250,130,73,47
243,128,66,46
239,125,65,46
231,125,67,44
230,124,63,43
231,124,63,37
230,123,67,39
224,121,71,41
220,119,76,42
212,116,78,43
210,113,72,47
206,114,65,46
203,116,63,40
200,115,65,39
200,117,63,35
200,114,60,36
196,114,60,37
195,112,58,38
197,113,51,35
187,110,54,38
184,111,53,39
181,112,52,39
178,114,59,32
179,115,59,32
179,116,58,31
180,118,56,31
181,118,55,29
181,118,55,29
181,118,56,29
182,118,53,29
181,118,57,28
180,118,54,31
184,117,50,32
183,119,51,30
180,120,56,35
180,123,54,36
182,127,55,39
185,132,50,35
186,134,49,35
185,136,46,31
186,131,45,35
185,129,48,33
185,129,51,32
182,127,54,33
178,127,58,30
178,128,55,21
181,123,52,23
183,112,50,27
182,108,44,28
185,105,37,30
186,97,36,25
188,92,36,28
193,85,31,27
201,81,29,24
203,76,28,25
209,73,28,27
211,69,27,27
214,71,28,23
215,70,29,21
219,71,28,20
220,73,33,18
227,77,31,22
230,79,30,23
229,82,33,20
230,77,30,23
229,72,30,25
228,64,33,29
229,64,35,25
231,57,36,22
234,50,35,22
237,42,34,24
240,35,32,25
242,28,34,27
242,20,30,27
242,11,24,30
244,7,20,28
248,0,17,27
259,0,13,27
273,4,16,24
284,6,13,19
287,6,12,16
288,4,13,16
289,4,13,16
289,8,12,14
285,10,11,13
280,14,9,10
275,17,8,8
261,1,8,7
257,3,9,7
255,1,8,6
256,0,7,6
269,14,7,6
270,12,7,6
272,10,7,8
273,10,7,7
272,10,7,6
278,6,6,6
278,12,5,7
276,16,4,7
270,22,4,6
265,27,4,5
263,31,4,6
261,31,5,6
261,31,5,6
260,26,4,6
259,22,4,7
259,22,4,7
256,18,3,6
254,12,3,5
254,12,3,5
253,3,3,5
247,9,3,4
246,10,3,3
244,13,3,3
242,18,3,3
241,25,3,3
241,25,3,3
241,25,3,3
241,25,3,3
241,25,3,3
241,25,3,3
241,25,3,3
241,25,3,3
241,25,3,3
241,25,3,3
241,25,3,3
241,25,3,3
241,25,3,3
241,25,3,3
241,25,3,3
241,25,3,3
241,25,3,3
241,25,3,3
241,25,3,3
241,25,3,3
241,25,3,3
241,25,3,3
241,25,3,3
241,25,3,3
241,25,3,3
241,25,3,3
241,25,3,3
241,25,3,3
241,25,3,3
241,25,3,3
241,25,3,3
241,25,3,3
241,25,3,3
241,25,3,3
241,25,3,3
241,25,3,3
241,25,3,3
241,25,3,3
241,25,3,3
241,25,3,3
241,25,3,3
241,25,3,3
241,25,3,3
241,25,3,3
241,25,3,3
241,25,3,3
241,25,3,3
241,25,3,3
241,25,3,3
241,25,3,3
241,25,3,3
241,25,3,3
241,25,3,3
241,25,3,3
241,25,3,3
241,25,3,3
241,25,3,3
241,25,3,3
241,25,3,3
241,25,3,3
241,25,3,3
241,25,3,3
241,25,3,3
241,25,3,3
241,25,3,3
241,25,3,3
241,25,3,3
241,25,3,3
241,25,3,3
241,25,3,3
241,25,3,3
241,25,3,3
241,25,3,3
241,25,3,3
241,25,3,3
241,25,3,3
241,25,3,3
241,25,3,3
241,25,3,3
241,25,3,3
241,25,3,3
241,25,3,3
241,25,3,3
241,25,3,3
241,25,3,3
241,25,3,3
241,25,3,3
241,25,3,3
241,25,3,3
241,25,3,3
241,25,3,3
241,25,3,3
241,25,3,3
241,25,3,3
241,25,3,3
241,25,3,3
241,25,3,3
241,25,3,3
241,25,3,3
241,25,3,3
241,25,3,3
241,25,3,3
241,25,3,3
241,25,3,3
241,25,3,3
241,25,3,3
241,25,3,3
241,25,3,3
241,25,3,3
241,25,3,3
241,25,3,3
241,25,3,3
241,25,3,3
241,25,3,3
241,25,3,3
241,25,3,3
241,25,3,3
241,25,3,3
241,25,3,3
241,25,3,3
241,25,3,3
241,25,3,3
241,25,3,3
241,25,3,3
241,25,3,3
241,25,3,3
241,25,3,3
241,25,3,3
241,25,3,3
241,25,3,3
241,25,3,3
241,25,3,3
241,25,3,3
241,25,3,3
241,25,3,3
241,25,3,3
241,25,3,3
241,25,3,3
241,25,3,3
241,25,3,3
241,25,3,3
241,25,3,3
241,25,3,3
241,25,3,3
241,25,3,3
241,25,3,3
241,25,3,3
241,25,3,3
241,25,3,3
241,25,3,3
241,25,3,3
241,25,3,3
241,25,3,3
241,25,3,3
241,25,3,3
241,25,3,3
241,25,3,3
241,25,3,3
241,25,3,3
241,25,3,3
241,25,3,3
241,25,3,3
241,25,3,3
241,25,3,3
241,25,3,3
241,25,3,3
241,25,3,3
241,25,3,3
241,25,3,3
241,25,3,3
241,25,3,3
241,25,3,3
241,25,3,3
241,25,3,3
241,25,3,3
241,25,3,3
241,25,3,3
241,25,3,3
241,25,3,3
241,25,3,3
241,25,3,3
241,25,3,3
241,25,3,3
241,25,3,3
241,25,3,3
241,25,3,3
241,25,3,3
241,25,3,3
241,25,3,3
241,25,3,3
241,25,3,3
241,25,3,3
241,25,3,3
241,25,3,3
241,25,3,3
241,25,3,3
241,25,3,3
241,25,3,3
241,25,3,3
241,25,3,3
241,25,3,3
241,25,3,3
241,25,3,3
241,25,3,3
241,25,3,3
241,25,3,3
241,25,3,3
241,25,3,3
241,25,3,3
241,25,3,3
241,25,3,3
241,25,3,3
241,25,3,3
241,25,3,3
241,25,3,3
241,25,3,3
241,25,3,3
241,25,3,3
241,25,3,3
241,25,3,3
241,25,3,3
241,25,3,3
241,25,3,3
241,25,3,3
241,25,3,3
241,25,3,3
241,25,3,3
241,25,3,3
241,25,3,3
241,25,3,3
241,25,3,3
241,25,3,3
241,25,3,3
241,25,3,3
241,25,3,3
241,25,3,3
241,25,3,3
241,25,3,3
241,25,3,3
241,25,3,3
241,25,3,3
241,25,3,3
241,25,3,3
241,25,3,3
241,25,3,3
241,25,3,3
241,25,3,3
241,25,3,3
241,25,3,3
241,25,3,3
241,25,3,3
241,25,3,3
241,25,3,3
241,25,3,3
241,25,3,3
241,25,3,3
241,25,3,3
241,25,3,3
241,25,3,3
241,25,3,3
241,25,3,3
241,25,3,3
241,25,3,3
241,25,3,3
241,25,3,3
241,25,3,3
241,25,3,3
241,25,3,3
241,25,3,3
241,25,3,3
241,25,3,3
241,25,3,3
241,25,3,3
241,25,3,3
241,25,3,3
241,25,3,3
241,25,3,3
241,25,3,3
241,25,3,3
241,25,3,3
241,25,3,3
241,25,3,3
241,25,3,3
241,25,3,3
241,25,3,3
241,25,3,3
241,25,3,3
241,25,3,3
241,25,3,3
241,25,3,3
241,25,3,3
241,25,3,3
241,25,3,3
241,25,3,3
241,25,3,3
241,25,3,3
241,25,3,3
241,25,3,3
241,25,3,3
241,25,3,3
241,25,3,3
241,25,3,3
241,25,3,3
241,25,3,3
241,25,3,3
241,25,3,3
241,25,3,3
241,25,3,3
241,25,3,3
241,25,3,3
241,25,3,3
241,25,3,3
241,25,3,3
241,25,3,3
241,25,3,3
241,25,3,3
241,25,3,3
241,25,3,3
241,25,3,3
241,25,3,3
241,25,3,3
241,25,3,3
241,25,3,3
241,25,3,3
241,25,3,3
241,25,3,3
241,25,3,3
241,25,3,3
241,25,3,3
241,25,3,3
241,25,3,3
241,25,3,3
241,25,3,3
241,25,3,3
241,25,3,3
241,25,3,3
241,25,3,3
241,25,3,3
241,25,3,3
241,25,3,3
241,25,3,3
241,25,3,3
241,25,3,3
241,25,3,3
241,25,3,3
241,25,3,3
241,25,3,3
241,25,3,3
241,25,3,3
241,25,3,3
241,25,3,3
241,25,3,3
241,25,3,3
241,25,3,3
241,25,3,3
241,25,3,3
241,25,3,3
241,25,3,3
241,25,3,3
241,25,3,3
241,25,3,3
241,25,3,3
241,25,3,3
241,25,3,3
241,25,3,3
241,25,3,3
241,25,3,3
241,25,3,3
241,25,3,3
241,25,3,3
241,25,3,3
241,25,3,3
241,25,3,3
241,25,3,3
241,25,3,3
241,25,3,3
241,25,3,3
241,25,3,3
241,25,3,3
241,25,3,3
241,25,3,3
241,25,3,3
241,25,3,3
241,25,3,3
241,25,3,3
241,25,3,3
241,25,3,3
241,25,3,3
241,25,3,3
241,25,3,3
241,25,3,3
241,25,3,3
241,25,3,3
241,25,3,3
241,25,3,3
241,25,3,3
241,25,3,3
241,25,3,3
241,25,3,3
241,25,3,3
241,25,3,3
241,25,3,3
241,25,3,3
241,25,3,3
241,25,3,3
241,25,3,3
241,25,3,3
241,25,3,3
241,25,3,3
241,25,3,3
241,25,3,3
241,25,3,3
241,25,3,3
241,25,3,3
241,25,3,3
241,25,3,3
241,25,3,3
241,25,3,3
241,25,3,3
241,25,3,3
241,25,3,3
241,25,3,3
241,25,3,3
241,25,3,3
241,25,3,3
241,25,3,3
241,25,3,3
241,25,3,3
241,25,3,3
