341,162,29,86
334,165,33,86
329,161,38,85
319,154,48,93
318,144,48,103
316,149,54,94
316,144,53,96
316,139,54,102
309,135,55,98
297,134,57,101
287,126,68,111
288,125,63,95
309,149,61,108
283,122,50,101
285,123,61,93
282,122,52,79
277,130,53,75
289,126,49,66
331,178,47,67
331,178,47,67
331,178,47,67
333,180,43,62
330,187,42,55
330,187,42,55
329,190,48,52
329,190,46,50
318,170,49,54
322,176,52,57
328,171,45,60
333,171,40,69
335,169,45,63
334,169,47,69
331,165,37,62
333,163,37,70
332,157,37,84
333,152,40,92
333,152,40,92
328,145,49,99
328,145,49,99
327,147,54,103
327,147,54,103
327,147,54,103
327,147,54,103
327,147,54,103
327,147,54,103
327,147,54,103
331,131,54,101
329,128,52,98
325,140,54,80
325,140,54,80
325,140,54,80
325,140,54,80
325,140,54,80
325,140,54,80
325,140,54,80
325,140,54,80
325,140,54,80
325,140,54,80
325,140,54,80
308,122,67,67
308,122,67,67
317,134,67,64
309,135,71,60
310,132,72,71
315,128,62,73
312,126,61,81
312,126,61,81
312,126,61,81
315,145,58,87
319,146,57,76
318,156,57,63
322,161,49,62
316,168,52,52
331,184,46,54
329,187,45,45
329,190,42,46
329,190,42,46
321,184,45,39
319,170,43,44
322,183,47,40
332,188,47,36
326,185,50,31
330,197,47,33
327,183,47,36
349,113,36,37
358,107,31,33
358,107,31,33
358,107,31,33
358,107,31,33
358,107,31,33
358,107,31,33
358,107,31,33
358,107,31,33
358,107,31,33
358,107,31,33
358,107,31,33
370,152,34,30
370,152,34,30
370,152,34,30
370,152,34,30
377,160,31,30
379,160,29,30
382,158,27,29
383,157,27,31
382,156,26,32
386,157,23,28
383,158,28,26
382,157,30,26
385,158,27,28
392,158,24,24
392,158,24,24
392,158,24,24
392,158,24,24
394,158,23,26
394,158,23,26
395,160,21,23
395,160,20,24
393,161,21,23
392,161,21,24
391,162,24,20
390,161,23,24
391,163,19,24
391,162,19,28
389,163,20,26
391,163,19,23
392,164,20,25
390,164,22,27
392,166,20,24
391,166,20,26
389,169,25,22
391,170,25,20
390,171,26,18
392,173,24,22
389,173,29,24
389,174,31,23
392,175,28,25
390,175,31,25
388,176,33,29
389,177,33,26
388,177,35,28
384,176,38,30
382,177,40,29
380,179,40,26
390,181,31,25
393,179,27,28
394,178,25,33
395,178,25,33
397,181,23,26
397,182,26,29
399,185,24,28
396,187,24,28
395,187,26,31
394,186,29,33
392,186,32,36
395,186,31,32
397,186,30,30
399,185,32,27
400,186,30,27
401,187,33,24
402,187,33,27
403,186,34,26
404,188,34,28
407,192,34,30
410,189,33,35
413,188,34,33
415,188,36,33
411,185,36,40
415,190,30,36
411,192,36,31
408,189,38,36
407,191,41,37
407,192,40,35
410,194,36,34
413,195,34,29
410,193,34,30
409,192,33,32
411,190,29,35
410,190,26,41
406,191,31,45
403,192,30,47
400,193,32,47
402,193,28,43
401,194,27,44
402,193,23,43
398,191,27,52
392,190,31,50
388,187,34,52
386,183,35,52
388,179,34,49
390,176,32,41
391,173,33,34
393,174,28,27
394,175,25,25
391,176,28,22
391,177,28,25
391,178,30,27
390,180,32,27
392,181,30,24
389,179,33,25
387,177,35,28
387,174,35,29
391,172,33,32
394,173,30,25
401,170,28,26
402,167,30,28
408,169,27,24
410,170,26,27
407,171,28,25
409,173,28,23
410,176,22,21
404,176,26,22
396,179,29,23
397,180,25,21
372,177,28,26
376,174,22,27
378,171,22,23
390,191,19,23
381,196,21,24
381,196,21,24
390,197,18,26
392,193,16,28
392,194,14,28
393,191,11,28
386,189,14,26
388,184,11,22
388,182,15,20
386,182,15,15
384,183,16,13
385,182,12,14
383,187,14,11
388,171,12,14
389,167,13,14
390,167,15,15
396,171,15,16
398,174,15,19
401,180,13,16
403,184,11,14
403,184,11,14
378,190,9,14
378,190,9,14
378,190,9,14
378,190,9,14
378,190,9,14
378,190,9,14
378,190,9,14
378,190,9,14
378,190,9,14
378,190,9,14
378,190,9,14
378,190,9,14
378,190,9,14
378,190,9,14
378,190,9,14
378,190,9,14
378,190,9,14
378,190,9,14
378,190,9,14
378,190,9,14
378,190,9,14
378,190,9,14
388,172,8,12
386,176,6,10
381,181,7,9
378,185,6,8
378,185,6,8
378,185,6,8
378,185,6,8
378,185,6,8
378,185,6,8
378,185,6,8
378,185,6,8
378,185,6,8
378,185,6,8
378,185,6,8
378,185,6,8
378,185,6,8
378,185,6,8
378,185,6,8
378,185,6,8
378,185,6,8
378,185,6,8
378,185,6,8
378,185,6,8
378,185,6,8
378,185,6,8
378,185,6,8
378,185,6,8
378,185,6,8
378,185,6,8
378,185,6,8
378,185,6,8
378,185,6,8
378,185,6,8
378,185,6,8
378,185,6,8
378,185,6,8
378,185,6,8
378,185,6,8
378,185,6,8
378,185,6,8
378,185,6,8
378,185,6,8
378,185,6,8
378,185,6,8
378,185,6,8
378,185,6,8
378,185,6,8
378,185,6,8
378,185,6,8
378,185,6,8
378,185,6,8
378,185,6,8
378,185,6,8
378,185,6,8
378,185,6,8
378,185,6,8
378,185,6,8
378,185,6,8
378,185,6,8
378,185,6,8
378,185,6,8
378,185,6,8
378,185,6,8
378,185,6,8
378,185,6,8
378,185,6,8
378,185,6,8
378,185,6,8
378,185,6,8
378,185,6,8
378,185,6,8
378,185,6,8
378,185,6,8
378,185,6,8
378,185,6,8
378,185,6,8
378,185,6,8
378,185,6,8
378,185,6,8
378,185,6,8
378,185,6,8
378,185,6,8
378,185,6,8
378,185,6,8
378,185,6,8
378,185,6,8
378,185,6,8
378,185,6,8
378,185,6,8
378,185,6,8
378,185,6,8
378,185,6,8
378,185,6,8
378,185,6,8
366,200,7,7
366,200,7,7
366,200,7,7
366,200,7,7
366,200,7,7
366,200,7,7
366,200,7,7
366,200,7,7
366,200,7,7
366,200,7,7
366,200,7,7
366,200,7,7
366,200,7,7
366,200,7,7
366,200,7,7
366,200,7,7
366,200,7,7
366,200,7,7
367,205,9,8
367,205,9,8
365,208,8,6
365,208,8,6
365,208,8,6
365,208,8,6
365,208,8,6
365,208,8,6
365,208,8,6
365,208,8,6
365,208,8,6
365,208,8,6
365,208,8,6
365,208,8,6
365,208,8,6
365,208,8,6
365,208,8,6
365,208,8,6
365,208,8,6
365,208,8,6
365,208,8,6
365,208,8,6
365,208,8,6
365,208,8,6
365,208,8,6
365,208,8,6
365,208,8,6
365,208,8,6
365,208,8,6
365,208,8,6
365,208,8,6
365,208,8,6
365,208,8,6
365,208,8,6
365,208,8,6
365,208,8,6
365,208,8,6
365,208,8,6
365,208,8,6
365,208,8,6
365,208,8,6
365,208,8,6
365,208,8,6
365,208,8,6
365,208,8,6
365,208,8,6
365,208,8,6
365,208,8,6
365,208,8,6
365,208,8,6
365,208,8,6
365,208,8,6
366,215,7,5
366,215,7,5
366,215,7,5
366,215,7,5
366,215,7,5
366,215,7,5
366,215,7,5
366,215,7,5
366,215,7,5
366,215,7,5
366,215,7,5
366,215,7,5
366,215,7,5
366,215,7,5
366,215,7,5
366,215,7,5
366,215,7,5
366,215,7,5
366,215,7,5
366,215,7,5
366,215,7,5
366,215,7,5
366,215,7,5
366,215,7,5
366,215,7,5
366,215,7,5
366,215,7,5
366,215,7,5
366,215,7,5
366,215,7,5
366,215,7,5
366,215,7,5
366,215,7,5
366,215,7,5
366,215,7,5
366,215,7,5
366,215,7,5
366,215,7,5
366,215,7,5
366,215,7,5
366,215,7,5
366,215,7,5
366,215,7,5
366,215,7,5
366,215,7,5
366,215,7,5
366,215,7,5
366,215,7,5
366,215,7,5
366,215,7,5
366,215,7,5
366,215,7,5
366,215,7,5
366,215,7,5
366,215,7,5
366,215,7,5
366,215,7,5
366,215,7,5
366,215,7,5
366,215,7,5
366,215,7,5
366,215,7,5
366,215,7,5
366,215,7,5
366,215,7,5
366,215,7,5
366,215,7,5
366,215,7,5
366,215,7,5
366,215,7,5
366,215,7,5
366,215,7,5
366,215,7,5
366,215,7,5
366,215,7,5
366,215,7,5
366,215,7,5
366,215,7,5
366,215,7,5
366,215,7,5
366,215,7,5
366,215,7,5
366,215,7,5
366,215,7,5
366,215,7,5
366,215,7,5
366,215,7,5
366,215,7,5
366,215,7,5
366,215,7,5
366,215,7,5
366,215,7,5
366,215,7,5
366,215,7,5
366,215,7,5
366,215,7,5
366,215,7,5
366,215,7,5
366,215,7,5
366,215,7,5
366,215,7,5
366,215,7,5
366,215,7,5
366,215,7,5
366,215,7,5
366,215,7,5
366,215,7,5
366,215,7,5
366,215,7,5
366,215,7,5
366,215,7,5
366,215,7,5
366,215,7,5
366,215,7,5
366,215,7,5
366,215,7,5
366,215,7,5
366,215,7,5
366,215,7,5
366,215,7,5
366,215,7,5
366,215,7,5
366,215,7,5
366,215,7,5
366,215,7,5
366,215,7,5
366,215,7,5
366,215,7,5
366,215,7,5
366,215,7,5
366,215,7,5
366,215,7,5
366,215,7,5
366,215,7,5
366,215,7,5
366,215,7,5
366,215,7,5
366,215,7,5
366,215,7,5
366,215,7,5
366,215,7,5
366,215,7,5
366,215,7,5
366,215,7,5
366,215,7,5
366,215,7,5
366,215,7,5
366,215,7,5
366,215,7,5
366,215,7,5
366,215,7,5
366,215,7,5
366,215,7,5
366,215,7,5
366,215,7,5
366,215,7,5
366,215,7,5
366,215,7,5
366,215,7,5
366,215,7,5
366,215,7,5
366,215,7,5
366,215,7,5
366,215,7,5
366,215,7,5
366,215,7,5
366,215,7,5
366,215,7,5
366,215,7,5
366,215,7,5
366,215,7,5
366,215,7,5
366,215,7,5
366,215,7,5
366,215,7,5
366,215,7,5
366,215,7,5
366,215,7,5
366,215,7,5
366,215,7,5
366,215,7,5
366,215,7,5
366,215,7,5
366,215,7,5
366,215,7,5
366,215,7,5
354,218,6,4
349,224,6,4
349,224,6,4
349,224,6,4
349,224,6,4
349,224,6,4
349,224,6,4
349,224,6,4
349,224,6,4
349,224,6,4
349,224,6,4
349,224,6,4
349,224,6,4
349,224,6,4
349,224,6,4
349,224,6,4
349,224,6,4
349,224,6,4
349,224,6,4
349,224,6,4
349,224,6,4
349,224,6,4
349,224,6,4
349,224,6,4
349,224,6,4
349,224,6,4
349,224,6,4
349,224,6,4
349,224,6,4
349,224,6,4
349,224,6,4
349,224,6,4
349,224,6,4
349,224,6,4
349,224,6,4
349,224,6,4
349,224,6,4
349,224,6,4
349,224,6,4
349,224,6,4
349,224,6,4
349,224,6,4
349,224,6,4
349,224,6,4
349,224,6,4
349,224,6,4
349,224,6,4
349,224,6,4
349,224,6,4
349,224,6,4
349,224,6,4
349,224,6,4
349,224,6,4
349,224,6,4
358,220,6,4
358,220,6,4
358,220,6,4
358,220,6,4
358,220,6,4
358,220,6,4
358,220,6,4
358,220,6,4
358,220,6,4
358,220,6,4
358,220,6,4
358,220,6,4
358,220,6,4
358,220,6,4
358,220,6,4
350,223,6,4
350,223,6,4
350,223,6,4
350,223,6,4
350,223,6,4
350,223,6,4
350,223,6,4
350,223,6,4
350,223,6,4
350,223,6,5
350,223,6,5
349,224,6,5
350,224,6,6
350,224,6,6
350,224,6,6
350,224,6,6
350,224,6,6
349,225,6,6
350,224,5,7
350,224,5,7
350,224,5,7
350,224,5,7
350,224,5,7
350,224,5,7
350,224,5,7
350,224,5,7
350,224,5,7
350,224,5,7
350,224,5,7
350,224,5,7
350,224,5,7
350,224,5,7
350,224,5,7
350,224,5,7
350,224,5,7
350,224,5,7
350,224,5,7
350,224,5,7
350,224,5,7
350,224,5,7
350,224,5,7
350,224,5,7
350,224,5,7
350,224,5,7
350,224,5,7
350,224,5,7
355,213,5,8
355,213,5,8
355,213,5,8
355,213,5,8
355,213,5,8
355,213,5,8
355,213,5,8
355,213,5,8
355,213,5,8
355,213,5,8
355,213,5,8
355,213,5,8
355,213,5,8
355,213,5,8
355,213,5,8
349,205,5,9
348,205,6,10
348,205,6,10
349,206,7,9
351,207,8,9
351,207,8,9
356,209,10,8
356,209,10,8
356,209,10,8
354,211,8,8
354,211,8,8
354,211,8,8
354,211,8,8
354,211,8,8
354,211,8,8
354,211,8,8
354,211,8,8
354,211,8,8
354,211,8,8
354,211,8,8
354,211,8,8
354,211,8,8
354,211,8,8
354,211,8,8
354,211,8,8
354,211,8,8
354,211,8,8
354,211,8,8
354,211,8,8
354,211,8,8
354,211,8,8
354,211,8,8
354,211,8,8
354,211,8,8
354,211,8,8
354,211,8,8
354,211,8,8
354,211,8,8
354,211,8,8
354,211,8,8
354,211,8,8
354,211,8,8
354,211,8,8
354,211,8,8
354,211,8,8
354,211,8,8
354,211,8,8
354,211,8,8
354,211,8,8
354,211,8,8
354,211,8,8
354,211,8,8
354,211,8,8
354,211,8,8
354,211,8,8
354,211,8,8
354,211,8,8
354,211,8,8
354,211,8,8
354,211,8,8
354,211,8,8
354,211,8,8
354,211,8,8
354,211,8,8
354,216,6,7
354,216,6,7
355,215,5,7
356,217,4,7
351,222,4,7
351,222,4,7
351,222,4,7
351,222,4,7
351,222,4,7
351,222,4,7
351,222,4,7
351,222,4,7
351,222,4,7
356,220,4,8
356,220,4,8
356,218,5,7
356,218,5,7
356,218,5,7
356,218,5,7
356,218,5,7
356,218,5,7
356,218,5,7
356,218,5,7
356,218,5,7
356,218,5,7
356,218,5,7
356,218,5,7
356,218,5,7
356,218,5,7
356,218,5,7
354,216,6,7
354,216,6,7
354,215,6,8
355,213,5,8
355,213,5,8
355,213,5,8
355,213,5,8
355,213,5,8
355,213,5,8
355,213,5,8
355,213,5,8
355,213,5,8
355,213,5,8
355,213,5,8
355,213,5,8
355,213,5,8
356,209,6,9
355,210,5,9
355,210,5,9
355,210,5,9
355,210,5,9
355,210,5,9
355,210,5,9
355,210,5,9
355,210,5,9
357,208,4,10
356,208,4,10
366,210,4,9
356,210,4,8
356,209,5,9
356,209,5,9
355,208,5,8
355,208,5,8
363,208,6,10
363,208,6,10
363,208,6,10
363,208,6,10
363,208,6,10
363,208,6,10
363,208,6,10
363,208,6,10
363,208,6,10
363,208,6,10
363,208,6,10
363,208,6,10
363,208,6,10
356,209,6,9
356,211,5,10
356,210,4,8
356,211,4,8
356,212,3,9
356,212,3,9
356,211,4,10
356,211,4,10
356,213,4,9
355,212,5,10
356,212,5,10
355,212,6,11
355,210,6,11
355,211,5,12
355,209,6,12
355,208,5,12
355,212,6,13
356,209,6,12
355,208,6,12
355,208,7,13
355,210,6,13
356,213,5,10
356,212,4,11
356,211,5,12
352,206,4,11
356,212,4,12
356,212,5,12
356,212,5,12
356,208,5,12
356,208,5,12
356,208,5,12
356,208,5,12
356,208,5,12
356,208,5,12
356,208,5,12
356,208,5,12
356,208,5,12
356,208,5,12
356,208,5,12
356,208,5,12
356,208,5,12
356,208,5,12
356,208,5,12
356,208,5,12
356,208,5,12
356,208,5,12
356,208,5,12
356,208,5,12
355,209,6,11
355,209,6,11
355,209,6,11
355,209,6,11
355,209,6,11
356,207,5,10
356,207,5,10
356,207,5,10
356,207,5,10
356,207,5,10
356,207,5,10
356,207,5,10
356,207,5,10
356,207,5,10
356,207,5,10
356,207,5,10
356,207,5,10
356,207,5,10
356,213,6,9
356,213,6,9
355,214,4,8
356,214,4,8
356,214,3,9
356,213,3,10
356,214,4,9
355,214,4,9
355,213,4,9
355,212,5,10
355,212,4,11
356,211,4,11
356,213,4,12
355,212,5,12
355,212,6,12
355,211,6,12
355,212,6,11
355,214,5,9
355,213,5,9
356,212,5,8
356,212,5,8
356,212,4,8
356,212,4,8
356,212,5,9
355,209,6,9
355,209,6,9
355,211,6,10
355,211,5,11
355,212,6,10
354,213,7,10
354,213,8,11
353,215,8,12
354,215,8,10
354,216,7,9
355,216,6,8
355,216,6,8
355,216,6,9
354,216,7,9
355,217,5,8
355,217,6,9
356,217,8,8
356,218,6,8
356,218,7,7
356,219,6,8
356,219,5,7
357,219,4,6
357,219,4,5
357,219,4,5
356,219,5,6
355,219,5,6
356,218,5,6
357,218,5,6
357,218,4,6
356,218,5,7
356,218,5,6
356,218,5,6
356,219,5,5
356,218,6,5
356,218,5,5
356,216,5,6
356,216,4,7
356,216,5,8
356,217,5,7
356,218,5,6
356,219,6,5
356,221,7,6
356,228,7,7
357,228,6,7
357,228,6,7
356,228,7,7
352,229,6,8
354,229,8,8
344,232,7,9
351,226,6,10
351,226,6,10
351,226,6,10
351,226,6,10
359,221,5,10
359,221,5,10
356,211,5,9
356,211,5,8
356,212,4,8
356,212,4,7
356,212,4,7
356,212,4,7
356,212,4,7
356,212,4,7
356,211,4,7
355,211,6,8
355,212,5,6
356,212,4,7
357,212,3,8
356,212,4,7
356,213,4,8
357,212,3,7
357,212,3,8
356,210,4,8
356,210,5,8
356,210,5,9
356,210,4,9
356,210,4,8
356,210,5,7
356,211,6,7
356,211,5,7
356,211,5,7
356,211,5,7
356,210,6,7
356,209,5,9
357,209,6,8
357,208,5,9
357,208,5,9
356,209,5,8
356,210,6,7
356,211,6,7
356,209,5,8
356,210,4,8
356,209,5,9
356,209,4,10
356,207,5,10
357,208,5,9
356,209,5,10
356,209,5,9
356,208,5,9
356,209,6,7
356,209,5,7
356,208,5,8
356,208,5,9
356,208,4,8
357,207,4,9
357,208,4,9
357,206,4,11
357,206,4,12
356,206,5,12
357,206,4,11
356,216,3,13
358,208,3,11
357,206,4,12
356,207,5,12
357,208,4,11
357,208,5,9
356,209,5,9
356,209,4,8
356,209,6,10
352,217,7,11
353,217,8,10
355,214,6,12
355,215,6,11
354,215,6,9
355,214,6,11
355,213,6,12
355,211,6,12
355,210,7,12
356,209,5,14
355,209,7,15
355,208,7,16
354,209,9,17
354,210,8,15
354,208,8,16
353,207,9,17
353,209,11,18
352,209,12,18
351,211,14,19
351,211,14,19
353,205,12,21
352,205,16,23
352,204,15,26
352,204,15,26
352,202,16,26
352,206,16,27
352,204,19,29
351,201,20,35
351,200,19,36
352,197,17,40
352,198,16,39
350,196,20,42
349,194,21,44
350,196,19,40
350,197,19,41
350,198,19,37
351,195,18,40
351,196,21,43
350,197,21,40
351,197,18,41
351,194,19,43
349,194,22,44
347,194,23,42
349,196,20,41
349,196,21,39
351,197,20,40
351,198,21,39
350,197,18,41
351,197,17,41
350,196,19,41
351,197,20,40
350,196,19,41
350,197,20,40
350,197,20,40
350,195,19,41
350,196,20,41
350,196,20,41
351,198,20,41
348,195,22,44
350,198,21,41
350,196,20,40
351,197,19,42
351,197,20,41
351,197,16,41
349,198,18,39
349,197,19,39
350,198,19,39
351,197,19,38
351,200,19,37
350,200,18,36
351,201,18,36
351,199,18,39
350,200,21,35
351,199,19,36
351,198,18,37
351,196,18,38
351,194,22,43
351,194,18,43
350,195,19,44
350,194,20,44
351,193,19,48
350,193,22,46
350,195,21,44
350,195,21,42
349,193,20,47
350,194,18,46
350,196,19,42
351,197,19,41
351,196,19,39
351,193,16,45
350,190,19,48
349,193,21,44
348,194,23,44
348,194,23,43
348,195,23,44
349,198,16,40
349,198,18,38
350,198,19,38
349,197,21,41
351,196,20,44
349,195,21,44
349,195,21,42
349,197,20,40
350,197,20,42
351,200,20,37
351,200,21,38
351,197,17,38
351,196,19,44
351,196,18,42
351,195,20,44
350,196,20,43
350,197,21,39
350,196,19,41
350,196,21,41
351,197,21,39
350,197,20,38
350,198,22,38
350,196,22,40
349,195,21,42
351,196,21,41
348,197,25,41
348,196,26,43
350,195,23,43
348,195,25,43
348,193,26,47
349,196,24,40
349,195,22,43
350,197,22,42
350,197,21,39
350,196,21,40
349,196,22,40
351,195,22,43
351,195,16,45
350,195,20,44
350,196,20,41
350,198,22,39
350,196,19,41
350,198,19,39
350,199,18,36
351,198,18,36
351,199,19,34
351,198,18,31
352,196,21,26
352,196,21,26
352,196,21,26
348,212,19,23
350,208,17,24
351,204,17,29
352,200,15,33
351,197,18,37
351,197,18,42
351,197,18,41
351,197,20,41
352,198,21,40
353,200,21,35
353,197,17,39
351,197,19,41
351,196,20,43
350,197,20,42
350,198,20,41
350,199,20,37
350,199,19,38
350,198,20,37
351,195,18,43
351,196,19,42
350,197,22,40
349,196,20,44
349,196,20,43
349,193,22,46
350,196,21,43
350,196,20,44
349,195,23,45
350,198,25,41
348,198,23,41
350,200,24,42
352,200,22,40
352,199,21,41
351,199,18,39
350,198,21,41
349,196,22,41
350,199,23,38
349,200,22,39
349,200,26,40
350,198,23,44
351,199,22,42
351,201,20,39
352,202,19,36
351,202,21,36
351,203,20,34
351,202,19,35
351,201,20,34
351,200,13,36
352,202,17,36
351,202,18,34
351,202,20,34
352,201,15,35
351,203,17,33
351,199,19,37
351,198,20,40
351,200,17,36
351,200,18,37
352,200,20,36
352,200,17,39
352,199,21,37
351,198,17,37
352,196,17,44
352,195,19,44
353,198,18,39
351,198,20,39
353,197,21,40
352,199,19,36
351,199,21,34
352,201,20,29
351,204,21,27
349,205,26,28
349,205,26,28
349,205,26,28
349,205,26,28
349,205,21,28
348,200,22,33
352,197,21,38
353,198,21,38
351,199,22,36
351,200,22,35
351,199,20,36
351,197,23,40
352,196,22,41
353,198,20,38
353,199,20,36
351,195,22,42
351,195,23,42
350,195,20,41
353,195,22,44
354,198,16,41
353,197,20,40
354,197,19,42
354,195,17,44
354,195,19,40
353,196,20,39
354,197,14,37
354,197,16,36
352,195,18,41
353,196,18,39
351,196,20,43
352,198,19,40
353,198,19,38
352,197,21,39
352,196,22,38
351,199,22,37
352,197,22,39
352,196,20,41
350,197,23,38
352,198,22,39
351,197,23,38
351,196,23,39
350,199,23,37
352,199,21,37
352,198,21,37
354,199,20,36
354,199,21,39
354,201,21,37
355,205,19,35
355,206,16,32
355,210,11,27
353,207,13,29
356,206,15,26
354,207,12,27
353,204,15,28
351,208,20,26
351,206,17,28
352,204,14,29
352,203,15,31
352,205,16,27
351,204,17,28
351,207,17,25
350,206,16,28
351,207,14,29
352,205,13,32
352,203,14,34
356,198,17,33
356,198,17,33
356,198,17,33
356,198,17,33
356,198,17,33
353,202,21,33
350,204,24,32
349,197,24,37
349,197,24,37
349,197,24,37
348,198,26,36
348,199,27,33
348,201,27,28
348,203,27,26
350,205,22,21
348,207,22,23
350,209,21,19
349,209,21,23
350,210,19,26
349,213,18,24
350,215,19,22
350,216,17,23
352,212,19,25
349,213,21,26
352,210,22,26
354,210,21,25
352,210,17,26
353,211,17,24
353,213,14,20
354,218,14,20
355,217,13,19
356,219,10,19
356,219,10,19
355,223,11,19
355,224,10,17
354,225,11,14
354,225,12,15
353,227,13,13
352,227,15,13
351,226,18,15
351,226,18,15
351,226,18,15
352,226,14,14
352,226,14,14
352,226,14,14
353,226,13,13
353,226,13,13
353,226,13,13
353,226,13,13
353,226,13,13
353,226,13,13
353,226,13,13
353,226,13,13
353,226,13,13
353,226,13,13
353,226,13,13
353,226,13,13
353,226,13,13
353,226,13,13
353,226,13,13
353,226,13,13
353,226,13,13
353,226,13,13
353,226,13,13
353,226,13,13
353,226,13,13
353,226,13,13
353,226,13,13
353,226,13,13
353,227,13,13
353,227,13,13
353,227,13,13
353,227,13,13
355,224,11,13
354,224,12,14
355,225,11,14
356,224,10,15
355,225,11,12
353,225,12,14
353,225,12,14
353,225,12,14
353,225,12,14
353,225,12,14
354,226,11,12
354,226,11,12
354,226,11,12
354,226,11,12
354,226,11,12
356,227,10,12
356,227,10,12
356,227,10,12
356,227,10,12
356,227,10,12
356,227,10,12
356,227,10,12
356,227,10,12
356,227,10,12
356,227,10,12
356,227,10,12
356,227,10,12
356,227,10,12
356,227,10,12
356,227,10,12
356,227,10,12
356,227,10,12
356,227,10,12
356,227,10,12
356,227,10,12
356,227,10,12
356,227,10,12
356,227,10,12
356,227,10,12
356,227,10,12
356,227,10,12
356,227,10,12
356,227,10,12
372,206,9,14
371,206,9,14
373,205,8,16
372,206,8,17
371,207,9,18
374,206,9,17
374,206,9,17
374,206,9,17
374,206,9,17
374,206,9,17
374,206,9,17
374,206,9,17
374,206,9,17
374,206,9,17
374,206,9,17
374,206,9,17
374,206,9,17
354,225,8,16
354,225,8,16
360,223,7,15
360,223,5,13
360,223,5,13
360,223,5,13
360,223,5,13
360,223,5,13
360,223,5,13
360,223,5,13
360,223,5,13
360,223,5,13
360,223,5,13
360,223,5,13
360,223,5,13
360,223,5,13
360,223,5,13
360,223,5,13
360,223,5,13
360,223,5,13
360,223,5,13
360,223,5,13
360,223,5,13
360,223,5,13
360,223,5,13
360,223,5,13
360,223,5,13
360,223,5,13
360,223,5,13
360,223,5,13
350,226,5,13
350,226,5,13
351,228,5,13
351,228,5,13
351,228,5,13
351,228,5,13
351,228,5,13
351,228,5,13
351,228,5,13
351,228,5,13
351,228,5,13
351,228,5,13
351,228,5,13
351,228,5,13
351,228,5,13
351,228,5,13
351,228,5,13
351,228,5,13
351,228,5,13
351,228,5,13
351,228,5,13
351,228,5,13
351,228,5,13
351,228,5,13
351,228,5,13
351,228,5,13
351,228,5,13
351,228,5,13
351,228,5,13
351,228,5,13
351,228,5,13
351,228,5,13
351,228,5,13
351,228,5,13
351,228,5,13
351,228,5,13
351,228,5,13
351,228,5,13
351,228,5,13
351,228,5,13
351,228,5,13
351,228,5,13
351,228,5,13
351,228,5,13
351,228,5,13
351,228,5,13
351,228,5,13
351,228,5,13
351,228,5,13
351,228,5,13
351,228,5,13
351,228,5,13
351,228,5,13
351,228,5,13
351,228,5,13
351,228,5,13
351,228,5,13
351,228,5,13
351,228,5,13
351,228,5,13
351,228,5,13
362,223,6,13
362,223,6,13
362,223,6,13
368,220,7,12
368,220,7,12
368,220,7,12
373,219,6,11
373,219,6,11
373,219,6,11
373,219,6,11
373,219,6,11
373,219,6,11
373,219,6,11
373,219,6,11
373,219,6,11
373,219,6,11
376,219,7,11
376,219,7,11
376,219,7,11
376,219,7,11
376,219,7,11
376,219,7,11
376,219,7,11
376,219,7,11
376,219,7,11
376,219,7,11
376,219,7,11
376,219,7,11
376,219,7,11
376,219,7,11
376,219,7,11
376,219,7,11
376,219,7,11
376,219,7,11
376,219,7,11
376,219,7,11
376,219,7,11
376,219,7,11
376,219,7,11
376,219,7,11
376,219,7,11
376,219,7,11
376,219,7,11
376,219,7,11
376,219,7,11
376,219,7,11
376,219,7,11
376,219,7,11
376,219,7,11
376,219,7,11
376,219,7,11
376,219,7,11
376,219,7,11
376,219,7,11
376,219,7,11
376,219,7,11
376,219,7,11
376,219,7,11
376,219,7,11
376,219,7,11
376,219,7,11
376,219,7,11
376,219,7,11
376,219,7,11
376,219,7,11
376,219,7,11
376,219,7,11
376,219,7,11
376,219,7,11
376,219,7,11
376,219,7,11
376,219,7,11
376,219,7,11
376,219,7,11
376,219,7,11
376,219,7,11
376,219,7,11
376,219,7,11
376,219,7,11
376,219,7,11
376,219,7,11
376,219,7,11
376,219,7,11
376,219,7,11
376,219,7,11
376,219,7,11
376,219,7,11
376,219,7,11
376,219,7,11
376,219,7,11
376,219,7,11
376,219,7,11
376,219,7,11
376,219,7,11
376,219,7,11
357,226,7,11
357,226,7,11
357,226,7,11
357,226,7,11
357,226,7,11
357,226,7,11
357,226,7,11
357,226,7,11
357,226,7,11
357,226,7,11
357,226,7,11
357,226,7,11
357,226,7,11
357,226,7,11
357,226,7,11
357,226,7,11
357,226,7,11
357,226,7,11
357,226,7,11
357,226,7,11
357,226,7,11
357,226,7,11
357,226,7,11
357,226,7,11
357,226,7,11
357,226,7,11
357,226,7,11
357,226,7,11
357,226,7,11
357,226,7,11
357,226,7,11
357,226,7,11
357,226,7,11
357,226,7,11
357,226,7,11
357,226,7,11
357,226,7,11
357,226,7,11
357,226,7,11
357,226,7,11
357,226,7,11
357,226,7,11
357,226,7,11
357,226,7,11
357,226,7,11
357,226,7,11
357,226,7,11
357,226,7,11
357,226,7,11
357,226,7,11
357,226,7,11
357,226,7,11
357,226,7,11
357,226,7,11
357,226,7,11
357,226,7,11
357,226,7,11
357,226,7,11
357,226,7,11
357,226,7,11
357,226,7,11
357,226,7,11
357,226,7,11
357,226,7,11
357,226,7,11
357,226,7,11
357,226,7,11
357,226,7,11
357,226,7,11
357,226,7,11
357,226,7,11
357,226,7,11
357,226,7,11
357,226,7,11
357,226,7,11
357,226,7,11
357,226,7,11
357,226,7,11
357,226,7,11
357,226,7,11
357,226,7,11
357,226,7,11
357,226,7,11
357,226,7,11
357,226,7,11
357,226,7,11
357,226,7,11
357,226,7,11
357,226,7,11
357,226,7,11
357,226,7,11
357,226,7,11
357,226,7,11
357,226,7,11
357,226,7,11
357,226,7,11
357,226,7,11
357,226,7,11
357,226,7,11
357,226,7,11
357,226,7,11
357,226,7,11
357,226,7,11
357,226,7,11
357,226,7,11
357,226,7,11
357,226,7,11
357,226,7,11
357,226,7,11
357,226,7,11
357,226,7,11
357,226,7,11
357,226,7,11
357,226,7,11
357,226,7,11
357,226,7,11
357,226,7,11
357,226,7,11
357,226,7,11
357,226,7,11
357,226,7,11
357,226,7,11
357,226,7,11
357,226,7,11
357,226,7,11
357,226,7,11
350,228,5,12
350,228,5,12
350,228,5,12
350,228,5,12
350,228,5,12
350,228,5,12
350,228,5,12
350,228,5,12
350,228,5,12
350,228,5,12
350,228,5,12
350,228,5,12
350,228,5,12
350,228,5,12
343,233,7,12
343,233,7,12
343,233,7,12
343,233,7,12
343,233,7,12
343,233,7,12
343,233,7,12
343,233,7,12
343,233,7,12
343,233,7,12
343,233,7,12
343,233,7,12
343,233,7,12
343,233,7,12
349,229,6,12
349,229,6,12
349,229,6,12
349,229,6,12
349,229,6,12
349,229,6,12
349,229,6,12
349,229,6,12
349,229,6,12
349,229,6,12
349,229,6,12
349,229,6,12
349,229,6,12
349,229,6,12
349,229,6,12
349,229,6,12
349,229,6,12
349,229,6,12
349,229,6,12
349,229,6,12
349,229,6,12
349,229,6,12
349,229,6,12
349,229,6,12
349,229,6,12
349,229,6,12
349,229,6,12
349,229,6,12
349,229,6,12
349,229,6,12
349,229,6,12
349,229,6,12
349,229,6,12
349,229,6,12
349,229,6,12
349,229,6,12
349,229,6,12
349,229,6,12
349,229,6,12
349,229,6,12
349,229,6,12
349,229,6,12
349,229,6,12
349,229,6,12
350,228,5,11
350,228,5,11
350,228,5,11
350,228,5,11
350,228,5,11
350,228,5,11
350,228,5,11
350,228,5,11
350,228,5,11
350,228,5,11
350,228,5,11
350,228,5,11
350,228,5,11
350,228,5,11
350,228,5,11
350,228,5,11
350,228,5,11
350,228,5,11
350,228,5,11
350,228,5,11
350,228,5,11
350,228,5,11
350,228,5,11
350,228,5,11
350,228,5,11
350,228,5,11
350,228,5,11
350,228,5,11
350,228,5,11
350,228,5,11
350,228,5,11
350,228,5,11
350,228,5,11
350,228,5,11
350,228,5,11
350,228,5,11
350,228,5,11
350,228,5,11
350,228,5,11
350,228,5,11
350,228,5,11
350,228,5,11
350,228,5,11
350,228,5,11
350,228,5,11
350,228,5,11
350,228,5,11
350,228,5,11
350,228,5,11
350,228,5,11
350,228,5,11
350,228,5,11
350,228,5,11
350,228,5,11
350,228,5,11
350,228,5,11
350,228,5,11
350,228,5,11
350,228,5,11
350,228,5,11
350,228,5,11
350,228,5,11
350,228,5,11
350,228,5,11
350,228,5,11
350,228,5,11
350,228,5,11
350,228,5,11
350,228,5,12
350,228,5,12
350,228,5,12
350,228,5,12
350,228,5,12
350,228,5,12
350,228,5,12
350,228,5,12
350,228,5,12
350,228,5,12
350,228,5,12
350,228,5,12
350,228,5,12
350,228,5,12
350,228,5,12
350,228,5,12
350,228,5,12
350,228,5,12
350,228,5,12
350,228,5,12
350,228,5,12
350,228,5,12
350,228,5,12
350,228,5,12
350,228,5,12
350,228,5,12
350,228,5,12
350,228,5,12
350,228,5,12
350,228,5,12
350,228,5,12
350,228,5,12
350,228,5,12
350,228,5,12
350,228,5,12
350,228,5,12
350,228,5,12
350,228,5,12
350,228,5,12
350,228,5,12
350,228,5,12
350,228,5,12
350,228,5,12
350,228,5,12
350,228,5,12
350,228,5,12
350,228,5,12
350,228,5,12
350,228,5,12
350,228,5,12
350,228,5,12
350,228,5,12
350,228,5,12
350,228,5,12
350,228,5,12
350,228,5,12
350,228,5,12
350,228,5,12
350,228,5,12
350,228,5,12
350,228,5,12
350,228,5,12
350,228,5,12
350,228,5,12
350,228,5,12
350,228,5,12
350,228,5,12
350,228,5,12
350,228,5,12
350,228,5,12
350,228,5,12
350,228,5,12
350,228,5,12
350,228,5,12
350,228,5,12
350,228,5,12
350,228,5,12
350,228,5,12
350,228,5,12
350,228,5,12
350,228,5,12
350,228,5,12
350,228,5,12
350,228,5,12
350,228,5,12
350,228,5,12
350,228,5,12
350,228,5,12
350,228,5,12
350,228,5,12
350,228,5,12
350,228,5,12
350,228,5,12
350,228,5,12
350,228,5,12
350,228,5,12
350,228,5,12
350,228,5,12
350,228,5,12
350,228,5,12
350,228,5,12
350,228,5,12
350,228,5,12
350,228,5,12
350,228,5,12
350,228,5,12
350,228,5,12
350,228,5,12
350,228,5,12
350,228,5,12
350,228,5,12
350,228,5,12
350,228,5,12
350,228,5,12
350,228,5,12
350,228,5,12
350,228,5,12
350,228,5,12
350,228,5,12
350,228,5,12
350,228,5,12
350,228,5,12
350,228,5,12
350,228,5,12
350,228,5,12
350,228,5,12
350,228,5,12
350,228,5,12
350,228,5,12
350,228,5,12
350,228,5,12
350,228,5,12
350,228,5,12
350,228,5,12
350,228,5,12
350,228,5,12
350,228,5,12
350,228,5,12
350,228,5,12
350,228,5,12
350,228,5,12
350,228,5,12
350,228,5,12
350,228,5,12
350,228,5,12
350,228,5,12
350,228,5,12
350,228,5,12
350,228,5,12
350,228,5,12
350,228,5,12
350,228,5,12
350,228,5,12
350,228,5,12
350,228,5,12
350,228,5,12
350,228,5,12
350,228,5,12
350,228,5,12
350,228,5,12
350,228,5,12
350,228,5,12
350,228,5,12
350,228,5,12
350,228,5,12
350,228,5,12
350,228,5,12
350,228,5,12
350,228,5,12
350,228,5,12
350,228,5,12
350,228,5,12
350,228,5,12
350,228,5,12
350,228,5,12
350,228,5,12
350,228,5,12
350,228,5,12
350,228,5,12
350,228,5,12
350,228,5,12
350,228,5,12
350,228,5,12
350,228,5,12
350,228,5,12
350,228,5,12
350,228,5,12
350,228,5,12
350,228,5,12
350,228,5,12
350,228,5,12
350,228,5,12
350,228,5,12
350,228,5,12
350,228,5,12
350,228,5,12
350,228,5,12
350,228,5,12
350,228,5,12
350,228,5,12
350,228,5,12
350,228,5,12
350,228,5,12
350,228,5,12
350,228,5,12
350,228,5,12
350,228,5,12
350,228,5,12
350,228,5,12
350,228,5,12
350,228,5,12
350,228,5,12
350,228,5,12
350,228,5,12
350,228,5,12
350,228,5,12
350,228,5,12
350,228,5,12
350,228,5,12
350,228,5,12
350,228,5,12
350,228,5,12
350,228,5,12
350,228,5,12
350,228,5,12
350,228,5,12
350,228,5,12
350,228,5,12
350,228,5,12
350,228,5,12
350,228,5,12
350,228,5,12
350,228,5,12
350,228,5,12
350,228,5,12
350,228,5,12
350,228,5,12
350,228,5,12
350,228,5,12
350,228,5,12
350,228,5,12
350,228,5,12
350,228,5,12
350,228,5,12
350,228,5,12
350,228,5,12
350,228,5,12
350,228,5,12
350,228,5,12
350,228,5,12
350,228,5,12
350,228,5,12
350,228,5,12
350,228,5,12
350,228,5,12
350,228,5,12
350,228,5,12
350,228,5,12
350,228,5,12
350,228,5,12
350,228,5,12
350,228,5,12
350,228,5,12
350,228,5,12
350,228,5,12
350,228,5,12
350,228,5,12
350,228,5,12
350,228,5,12
350,228,5,12
350,228,5,12
350,228,5,12
350,228,5,12
350,228,5,12
350,228,5,12
350,228,5,12
350,228,5,12
350,228,5,12
350,228,5,12
350,228,5,12
350,228,5,12
350,228,5,12
350,228,5,12
350,228,5,12
350,228,5,12
350,228,5,12
350,228,5,12
350,228,5,12
350,228,5,12
350,228,5,12
350,228,5,12
350,228,5,12
350,228,5,12
350,228,5,12
350,228,5,12
346,230,6,12
332,223,5,12
332,223,5,12
332,223,5,12
332,223,5,12
332,223,5,12
332,223,5,12
332,223,5,12
332,223,5,12
332,223,5,12
332,223,5,12
332,223,5,12
332,223,5,12
332,223,5,12
332,223,5,12
332,223,5,12
332,223,5,12
332,223,5,12
332,223,5,12
332,223,5,12
332,223,5,12
332,223,5,12
332,223,5,12
332,223,5,12
332,223,5,12
332,223,5,12
332,223,5,12
332,223,5,12
332,223,5,12
332,223,5,12
332,223,5,12
332,223,5,12
332,223,5,12
332,223,5,12
332,223,5,12
332,223,5,12
323,230,5,12
323,230,5,12
