238,144,82,49
230,148,93,46
220,148,105,44
231,146,102,46
225,145,102,51
234,148,105,39
231,146,110,43
219,148,118,27
216,149,133,38
218,149,134,49
218,146,140,62
234,146,135,69
223,140,127,80
194,136,135,63
220,138,132,70
230,141,129,65
211,144,142,63
226,143,132,63
202,145,147,63
210,145,147,67
209,146,143,61
222,146,135,64
221,144,132,64
220,144,137,65
231,142,122,73
240,142,112,71
220,148,118,58
234,147,109,58
238,149,115,58
214,151,119,56
209,153,131,50
216,153,128,56
212,156,130,60
215,157,129,54
217,157,120,52
221,156,117,52
215,156,125,49
212,156,128,53
206,155,137,49
205,152,134,57
213,155,124,52
223,157,111,49
217,156,111,50
211,157,112,49
225,156,111,52
222,160,111,52
231,160,103,49
224,159,113,46
222,159,114,46
222,158,116,51
221,160,124,46
221,157,122,60
234,158,107,65
245,162,97,57
228,159,101,48
225,159,118,48
234,162,114,53
225,165,114,44
224,164,123,43
221,160,119,50
212,160,131,50
214,160,125,43
217,157,122,49
214,155,133,60
230,160,116,54
234,160,105,65
246,164,94,56
222,160,98,46
223,159,103,46
217,160,107,42
217,158,106,50
224,160,92,44
228,158,76,52
227,154,74,49
230,157,62,48
231,149,59,44
239,151,52,41
241,156,51,30
242,151,47,32
250,151,48,32
251,150,44,33
250,149,40,31
255,149,42,30
256,150,38,28
248,143,40,30
254,143,40,28
255,140,37,28
254,140,35,27
253,140,37,26
251,140,40,26
253,141,40,30
252,141,40,28
254,142,39,26
251,143,40,26
253,142,38,26
253,144,37,24
252,144,39,26
251,145,42,26
251,144,41,27
254,145,38,27
258,147,32,23
259,148,32,23
262,148,28,24
254,142,28,23
263,146,30,24
259,145,28,22
261,146,28,23
254,143,29,21
247,142,29,21
247,145,26,17
246,147,27,18
246,150,27,16
244,150,26,18
244,152,23,19
244,153,21,15
242,153,24,19
244,153,25,19
247,151,25,19
249,152,27,18
252,151,24,22
255,151,21,21
255,154,19,17
255,155,21,19
253,157,26,19
249,156,26,19
250,155,28,22
257,153,31,27
254,149,34,25
254,150,40,24
255,148,42,25
261,147,38,21
254,142,31,18
253,142,35,17
252,137,31,18
253,135,32,17
252,134,33,18
247,128,29,20
241,123,32,20
234,117,38,22
228,116,37,28
228,106,32,29
218,100,31,28
201,95,39,32
201,95,39,32
201,95,39,32
218,90,39,38
215,92,45,39
216,85,52,47
215,80,61,55
215,81,71,55
204,81,81,60
208,81,89,63
279,101,86,58
201,93,92,45
196,93,97,45
196,91,91,48
198,87,87,53
198,87,87,53
194,84,82,54
197,86,92,47
194,85,90,48
189,85,91,45
191,82,90,47
194,80,78,47
195,78,81,48
195,77,78,47
193,75,82,47
191,72,84,49
189,72,84,47
188,71,87,47
187,69,84,49
185,66,84,52
181,66,90,51
180,65,92,48
179,65,90,49
177,64,101,48
178,61,96,51
177,60,101,52
173,57,106,53
173,55,110,57
172,53,111,58
172,52,117,55
177,48,111,60
176,46,110,57
178,45,110,54
182,42,105,55
188,41,103,57
189,39,104,55
190,39,109,55
191,35,110,56
194,34,104,55
199,34,108,53
199,30,109,56
201,28,112,58
202,27,109,56
200,28,112,53
207,25,110,56
209,26,106,54
215,25,101,55
217,24,95,57
215,22,104,56
217,21,98,56
219,19,94,57
215,19,97,51
217,16,97,49
224,14,84,38
218,11,90,42
219,2,92,49
221,-1,88,50
216,-2,94,38
215,-3,102,42
208,-5,108,44
212,-6,97,38
215,-9,95,40
215,-9,95,40
215,-9,95,40
215,-9,95,40
215,-9,95,40
215,-9,95,40
215,-9,95,40
215,-9,95,40
215,-9,95,40
215,-9,95,40
215,-9,95,40
215,-9,95,40
215,-9,95,40
215,-9,95,40
215,-9,95,40
215,-9,95,40
215,-9,95,40
215,-9,95,40
215,-9,95,40
215,-9,95,40
215,-9,95,40
215,-9,95,40
215,-9,95,40
215,-9,95,40
215,-9,95,40
215,-9,95,40
215,-9,95,40
215,-9,95,40
215,-9,95,40
215,-9,95,40
215,-9,95,40
215,-9,95,40
215,-9,95,40
215,-9,95,40
215,-9,95,40
215,-9,95,40
215,-9,95,40
215,-9,95,40
215,-9,95,40
215,-9,95,40
215,-9,95,40
215,-9,95,40
215,-9,95,40
215,-9,95,40
215,-9,95,40
215,-9,95,40
215,-9,95,40
215,-9,95,40
98,3,95,46
66,2,107,52
72,1,118,58
70,-1,138,67
67,0,147,66
68,0,146,67
75,2,146,65
79,0,144,72
77,2,155,69
83,4,145,70
96,5,135,65
99,10,132,64
103,9,130,65
105,11,133,66
104,16,141,63
106,19,141,64
114,19,135,66
113,24,135,63
118,27,132,63
120,29,129,62
128,32,124,63
131,34,129,62
133,37,119,60
141,38,113,60
147,39,110,61
150,43,105,55
156,47,98,51
156,49,100,50
160,50,108,50
164,50,104,51
178,50,93,53
177,52,103,52
180,56,100,48
186,60,105,44
194,58,103,46
198,57,102,50
208,59,92,48
211,60,95,48
217,62,95,45
221,61,101,46
225,61,99,47
229,62,93,46
241,61,91,45
244,62,90,45
247,60,96,45
253,59,98,46
258,59,99,45
265,57,96,47
272,56,94,49
275,56,99,48
282,56,98,47
285,54,103,51
290,53,101,52
294,53,104,51
296,52,106,51
305,53,96,50
307,53,97,48
309,54,100,47
314,53,99,46
321,52,94,50
319,51,98,52
320,53,98,49
323,54,100,47
324,55,97,46
329,56,93,44
328,58,90,44
328,57,91,45
330,58,90,46
329,58,89,46
328,59,86,46
327,59,85,47
323,60,91,46
320,63,91,44
315,64,94,45
315,64,86,47
313,64,86,47
307,68,94,44
301,69,98,45
300,70,97,47
298,71,92,49
296,74,93,46
299,74,86,47
299,78,82,46
294,81,90,44
293,81,88,45
294,83,83,45
290,85,88,42
285,87,93,42
285,86,96,44
283,87,91,46
284,87,90,45
286,89,87,44
290,90,85,42
287,92,83,41
288,92,83,42
289,92,80,41
286,93,82,40
283,93,85,42
284,95,81,41
287,95,79,42
280,91,85,44
283,95,75,41
280,95,87,38
276,95,92,40
282,92,85,45
281,90,87,45
277,91,85,43
279,90,87,44
273,91,90,43
277,91,87,40
273,90,90,42
274,89,89,44
270,86,91,37
267,86,95,40
268,82,89,44
271,82,89,43
263,79,90,44
268,78,86,43
264,76,89,45
270,76,82,45
264,77,90,43
260,77,94,43
260,77,94,44
263,78,86,44
262,78,92,44
254,77,102,44
258,78,94,47
262,78,94,44
265,78,87,45
263,77,89,46
267,79,84,45
263,79,90,44
263,80,91,43
264,78,90,47
263,79,91,45
261,78,96,48
264,78,98,48
260,75,95,51
261,77,94,48
263,77,88,49
255,80,95,45
260,81,91,42
256,81,95,46
255,81,98,48
249,82,101,48
244,84,100,48
243,88,100,47
243,93,96,46
242,95,97,50
244,102,93,48
248,106,88,51
253,112,80,54
258,118,77,57
263,126,71,55
264,133,76,61
276,136,69,57
277,145,70,55
276,151,71,51
272,154,81,51
275,157,82,47
271,159,84,49
274,160,84,48
273,165,80,44
268,169,84,41
267,171,80,40
266,169,76,42
269,171,77,38
266,170,76,40
261,172,79,36
267,171,79,38
270,172,74,38
271,172,74,39
274,173,74,40
267,174,78,35
265,170,76,40
273,169,70,42
269,169,74,41
273,167,69,41
273,164,69,44
273,165,69,45
276,159,64,53
278,161,62,46
276,160,64,47
275,162,65,46
277,166,61,43
275,166,59,42
275,163,61,46
273,164,69,43
274,165,65,42
273,164,63,45
270,159,70,52
268,164,68,47
257,164,67,50
253,163,63,56
244,162,67,62
238,167,80,54
229,168,70,56
225,169,65,63
218,174,68,53
215,176,71,51
211,174,82,58
212,180,77,50
209,181,85,50
207,180,91,58
205,184,80,50
204,183,90,53
203,183,98,52
206,184,103,50
204,183,97,50
203,182,102,52
204,181,107,50
202,182,101,51
197,180,106,49
196,174,107,54
198,170,107,58
186,170,105,58
185,165,111,58
174,160,125,62
169,153,131,71
161,152,136,71
159,151,146,58
144,145,157,69
141,145,140,69
150,143,154,67
139,142,156,69
138,144,150,66
154,138,169,73
140,144,180,67
134,145,169,65
138,145,155,71
129,150,162,66
140,147,173,70
136,149,167,69
150,147,175,68
150,147,161,66
149,145,149,49
162,139,138,57
166,135,122,48
173,124,129,54
171,113,132,58
173,98,134,71
183,94,118,75
184,89,120,82
182,92,124,79
178,99,122,75
181,105,120,73
181,109,109,75
184,117,107,68
184,123,107,70
195,130,99,67
191,135,104,64
203,138,101,63
202,139,98,61
204,133,99,72
214,139,92,65
214,135,88,71
210,124,87,82
212,131,80,71
215,135,86,77
224,135,72,81
224,134,73,83
224,135,73,77
224,130,69,90
227,128,63,97
228,129,64,93
233,131,59,93
234,131,62,93
235,131,58,92
236,129,59,93
241,134,53,88
237,134,56,91
240,152,60,80
237,133,65,94
240,146,62,93
242,142,60,95
239,149,66,95
239,151,64,92
240,164,69,77
243,168,71,71
246,173,66,64
248,178,62,55
247,181,69,53
245,183,70,57
244,181,69,53
246,182,67,55
249,183,60,54
249,177,59,59
255,181,57,55
246,177,63,57
253,179,54,59
243,177,61,59
246,178,60,58
247,181,60,49
242,179,65,51
239,181,70,50
243,181,63,48
241,180,64,50
241,180,64,50
239,175,64,54
237,179,66,49
232,174,71,55
231,177,71,52
231,173,70,59
227,176,74,57
225,171,71,63
226,167,70,74
223,165,80,82
231,165,64,92
227,165,75,91
235,170,63,83
237,176,62,69
228,181,74,59
222,179,81,67
222,185,82,58
221,188,81,57
221,191,78,54
215,196,85,48
220,196,80,56
221,203,80,45
225,204,77,48
225,205,80,47
226,206,78,43
225,207,79,44
230,209,76,44
254,221,67,47
259,228,61,39
247,212,60,44
249,210,62,56
249,212,67,62
256,213,64,65
257,216,65,62
253,221,72,54
251,226,72,53
253,224,73,53
247,227,80,48
247,226,77,50
255,222,70,51
260,226,67,51
268,222,61,59
272,224,65,64
269,226,70,60
277,229,62,64
286,225,51,65
283,223,62,72
289,218,54,79
291,218,48,70
293,216,49,69
293,214,48,74
285,216,54,73
287,219,51,69
271,221,65,66
274,228,60,57
284,221,57,58
265,208,68,61
261,204,69,74
257,199,74,73
266,191,62,78
258,186,69,83
257,191,64,76
244,181,78,76
232,188,84,64
227,197,96,50
217,208,108,41
244,222,99,48
230,221,106,51
217,223,109,52
230,222,107,53
216,223,117,55
208,223,127,45
227,217,120,43
214,214,127,39
224,206,111,48
236,181,89,58
240,176,77,56
216,156,89,62
230,156,81,56
226,161,89,53
239,173,89,61
246,174,75,69
248,184,79,72
246,190,83,69
236,200,95,62
233,208,101,57
231,212,107,53
224,213,112,51
233,209,107,55
240,208,97,52
248,201,89,67
254,194,80,64
263,185,68,69
270,179,57,72
271,178,56,80
277,179,59,90
279,184,60,77
272,185,74,70
257,185,70,66
255,185,67,83
232,195,60,74
264,201,62,74
261,207,67,70
267,202,62,75
271,199,55,84
275,219,55,71
293,219,65,72
276,229,58,62
285,228,64,56
284,227,69,63
283,230,70,54
293,223,66,60
274,227,70,48
277,229,71,40
314,243,65,44
314,243,65,44
275,238,62,35
275,238,62,35
275,239,54,33
