434,270,72,67
437,271,60,72
435,269,63,76
438,271,59,73
438,268,59,76
440,269,55,76
439,269,57,76
439,268,59,77
435,270,63,76
437,270,62,73
436,273,64,70
435,271,65,73
437,272,62,70
435,269,64,76
438,269,62,76
439,269,58,77
435,265,64,75
436,270,64,71
435,270,64,73
438,267,60,78
437,268,62,78
439,269,59,76
440,268,57,78
440,269,56,79
434,267,66,78
436,269,62,75
436,269,65,75
437,270,62,73
439,270,58,76
436,268,63,73
438,269,59,75
433,272,67,67
436,274,61,67
436,273,64,69
436,270,60,74
429,271,72,69
430,273,71,66
430,269,71,70
430,269,64,67
433,267,65,71
433,268,61,68
434,263,61,71
432,267,62,66
432,271,61,60
432,271,63,61
429,265,65,70
434,270,58,60
436,270,53,64
433,266,56,67
435,265,51,70
427,262,58,74
429,268,51,64
429,262,50,75
420,261,57,73
422,263,51,68
422,263,49,65
419,264,50,65
413,263,56,69
411,260,57,67
409,260,56,65
405,261,55,64
399,264,64,62
396,262,61,61
392,258,62,59
390,261,64,57
380,257,69,60
365,256,73,64
366,254,63,67
359,253,57,63
350,256,58,66
345,256,64,61
339,251,67,64
318,259,73,53
316,256,67,57
305,250,60,64
298,254,59,57
302,248,46,61
291,254,53,53
283,255,56,51
282,258,57,49
270,262,58,38
270,257,50,45
266,257,49,49
256,260,52,42
249,257,53,46
241,252,53,50
237,250,54,47
227,246,60,51
226,244,57,50
228,243,54,47
226,238,54,51
224,237,54,48
226,234,48,50
229,236,41,53
227,233,43,54
224,231,49,57
224,230,45,54
228,235,40,47
224,234,43,52
221,236,46,50
219,233,46,50
223,237,39,43
223,239,40,39
222,238,44,42
225,239,38,37
222,238,41,40
217,236,47,44
211,238,50,44
207,237,49,39
208,237,53,44
198,235,61,46
199,235,66,48
194,236,72,44
201,234,65,48
197,238,72,45
197,240,76,43
196,240,74,47
206,238,67,51
200,242,70,49
199,247,77,45
201,244,79,49
199,244,82,56
203,247,82,57
207,249,78,59
215,248,71,62
212,251,77,57
208,251,85,63
208,245,84,68
215,246,72,67
219,244,69,70
228,248,73,70
239,245,61,77
246,245,49,70
251,242,44,74
267,240,38,73
279,242,44,66
281,243,51,64
282,237,47,73
287,234,39,79
273,237,41,77
271,239,46,73
267,237,51,73
262,231,51,74
267,239,44,65
283,247,42,57
289,252,32,51
290,253,34,49
293,253,36,51
293,251,39,51
297,249,39,51
295,251,40,53
300,250,40,51
300,252,39,48
300,252,39,48
298,251,47,52
299,249,47,50
298,243,50,55
302,240,49,57
303,238,49,58
301,226,48,65
295,223,58,72
287,218,63,76
283,218,70,75
284,219,63,76
277,222,78,67
276,220,75,71
273,217,78,75
274,221,72,72
268,218,78,77
271,218,74,77
275,224,63,73
275,224,63,72
267,220,70,78
271,228,63,65
261,229,74,67
261,229,70,64
259,225,65,72
250,221,72,75
239,217,80,85
236,217,72,85
238,223,62,81
230,218,66,86
233,220,58,75
206,231,69,71
198,232,74,73
191,234,77,70
176,240,81,61
172,236,73,69
162,241,83,58
152,239,90,62
148,246,76,55
142,247,74,56
139,244,67,60
132,247,64,55
123,243,65,67
111,241,75,71
109,245,71,65
112,244,62,70
108,245,63,68
112,248,53,59
103,245,60,65
108,243,51,67
108,247,48,59
106,251,48,50
104,255,43,47
95,256,43,51
96,256,44,53
91,257,53,50
85,256,55,54
86,259,57,47
88,257,61,48
88,257,61,48
89,255,68,49
88,255,75,51
95,254,71,49
103,253,67,50
103,251,77,48
105,250,78,46
106,252,79,46
112,254,83,35
116,253,86,37
122,251,90,41
130,247,79,50
138,247,67,48
143,245,59,51
143,246,66,47
148,244,54,50
152,245,48,44
152,247,47,41
156,246,40,46
156,244,44,44
156,246,45,40
153,244,47,41
149,241,54,41
147,239,61,43
153,227,53,48
157,225,52,46
163,218,49,47
177,213,48,48
182,211,46,48
189,211,40,47
190,210,46,45
191,210,44,44
191,207,41,45
191,204,43,48
191,201,42,49
197,195,41,47
196,196,48,48
204,190,48,48
210,192,50,45
210,180,56,55
220,177,55,51
224,171,58,53
230,169,56,49
233,170,61,46
239,170,64,44
239,170,64,44
249,165,72,46
260,163,66,46
273,158,58,52
272,161,65,48
272,157,72,55
286,155,67,50
298,152,69,51
294,153,81,48
296,157,92,42
300,151,98,52
308,146,99,59
315,143,95,66
323,151,100,56
337,151,104,55
357,155,98,55
373,161,90,50
390,163,88,52
390,163,88,52
403,164,94,59
424,167,91,58
447,171,82,61
460,170,73,73
472,169,68,84
475,167,70,93
477,166,69,94
476,179,68,91
485,185,60,87
480,205,60,69
474,214,58,67
466,219,58,67
462,223,55,67
439,220,67,77
417,225,80,76
402,232,78,70
401,245,67,56
390,253,65,54
376,256,66,50
363,261,63,52
352,258,57,41
344,265,58,35
337,267,53,36
326,260,54,37
318,262,52,34
313,258,48,41
306,259,50,40
297,258,49,41
291,257,49,41
287,256,49,43
284,253,50,46
281,251,48,48
275,247,52,57
272,247,54,53
273,249,49,50
266,244,57,57
268,246,53,49
264,244,57,49
267,244,50,43
267,246,49,36
263,244,51,39
261,243,50,38
252,239,53,39
250,238,50,45
247,236,54,52
245,236,50,50
246,235,48,47
242,235,48,50
241,236,48,46
233,238,45,43
230,235,43,48
218,236,47,51
215,236,45,54
204,235,51,55
202,235,45,50
196,239,43,44
190,239,45,44
184,236,45,46
175,239,47,50
168,239,50,51
167,237,44,49
168,236,41,50
162,231,44,55
157,235,46,47
152,228,53,53
154,222,49,56
156,221,46,56
154,222,48,55
156,226,46,48
157,231,43,47
156,231,45,50
158,234,42,49
157,235,41,49
160,239,37,49
162,244,35,42
159,246,37,45
159,249,35,40
163,247,30,47
162,248,34,47
162,250,37,48
160,251,45,51
165,253,42,45
169,253,41,40
171,254,37,42
175,254,35,42
177,255,34,42
173,254,43,47
175,253,41,52
180,256,36,45
187,258,30,46
189,262,31,42
191,267,34,38
192,269,35,39
202,276,32,35
209,282,31,33
209,282,31,33
216,291,36,27
223,296,33,24
233,298,29,24
231,300,34,21
234,301,37,21
236,301,35,23
235,302,38,22
236,303,39,20
234,302,39,22
231,301,42,23
232,301,44,22
230,302,45,22
232,300,41,24
233,300,40,23
232,300,42,23
229,300,47,24
229,300,48,24
228,299,50,26
229,299,47,26
229,302,48,22
233,298,47,26
231,297,48,28
232,298,47,26
231,299,49,25
228,298,53,26
227,297,53,28
227,298,53,27
225,296,56,29
228,297,54,28
227,298,54,27
226,298,54,29
228,297,53,30
227,298,54,29
226,296,54,31
225,295,57,32
229,296,50,33
230,298,49,30
229,300,52,26
228,298,50,27
226,298,54,26
223,297,57,28
224,297,59,29
226,297,56,31
226,297,56,30
224,296,58,32
224,297,56,31
229,296,52,32
232,296,46,31
231,300,46,25
231,300,49,24
231,298,50,27
229,299,51,26
231,301,47,25
231,299,50,26
229,298,49,28
231,299,48,26
232,299,46,26
230,300,47,25
226,298,53,26
226,298,54,28
225,298,56,28
221,296,60,32
221,296,64,31
218,297,69,31
218,293,68,36
220,295,66,34
221,295,64,33
223,296,62,31
225,294,59,33
223,295,61,32
222,296,63,31
222,295,63,31
224,296,60,31
226,297,58,30
225,295,58,31
225,296,57,31
222,297,60,30
222,299,59,29
225,299,54,30
224,299,55,31
226,295,55,38
232,296,46,32
230,296,48,32
227,299,53,27
226,299,54,26
224,297,58,29
222,296,61,30
226,296,55,31
223,298,57,30
226,298,54,30
226,296,55,32
223,297,58,34
224,296,57,31
221,297,59,30
223,296,57,31
227,297,55,30
228,296,53,31
228,296,52,31
233,296,44,30
231,300,47,26
229,298,49,27
226,298,53,26
223,299,59,26
221,297,61,29
219,296,65,31
218,297,65,31
224,293,58,36
229,296,50,32
224,296,57,30
227,296,55,30
227,297,56,31
226,296,55,31
224,297,58,30
226,296,55,31
224,296,57,31
223,298,59,29
225,299,55,29
227,298,56,29
225,298,56,29
224,297,56,29
226,298,54,30
228,298,52,29
227,298,53,27
227,299,54,27
228,298,54,28
227,299,54,28
229,298,51,29
228,299,52,28
229,298,49,28
230,298,51,30
229,298,51,30
226,298,55,31
227,298,55,28
227,299,54,28
229,297,53,30
226,301,54,26
229,300,51,26
228,298,51,28
224,297,57,29
226,298,56,31
225,298,56,30
227,295,55,31
222,297,59,30
226,297,54,31
227,297,52,32
227,298,54,30
225,298,56,29
221,298,60,28
223,299,57,28
225,299,55,29
225,299,57,27
225,299,58,26
223,298,60,29
225,298,56,29
229,297,50,31
227,299,53,29
227,297,53,29
228,297,52,29
224,299,57,26
226,296,56,30
229,298,50,28
228,297,53,27
222,299,60,27
228,297,52,30
229,297,50,30
228,300,50,27
225,299,55,27
227,299,53,27
228,299,50,27
231,300,45,26
232,300,44,25
235,299,39,25
233,300,43,24
232,301,47,23
232,300,46,24
228,301,51,23
226,300,54,24
226,300,55,25
229,298,51,27
226,300,55,26
228,300,53,25
229,300,53,25
228,299,51,24
226,300,55,24
226,300,56,24
226,301,54,24
225,301,55,24
225,301,57,23
227,299,54,24
226,301,51,24
230,301,48,24
232,300,48,25
230,301,50,24
229,300,51,25
232,298,48,26
234,297,44,28
230,298,49,27
228,299,50,25
227,300,49,25
228,300,51,24
226,301,54,24
230,300,49,26
228,297,53,28
225,299,57,27
225,298,55,28
230,300,49,26
228,299,52,26
227,299,53,28
226,299,55,27
229,300,49,26
228,299,51,27
230,301,47,24
228,299,51,26
226,299,54,27
229,297,50,28
229,297,51,28
230,299,48,27
230,300,48,25
230,300,48,25
228,300,48,25
231,299,48,26
229,299,48,26
233,300,41,27
232,298,50,26
228,300,51,25
226,299,56,25
228,300,50,26
230,300,47,26
231,300,48,26
231,299,48,26
230,299,49,27
230,298,49,26
229,299,52,26
229,298,52,27
227,299,53,25
226,299,53,26
230,299,46,25
230,300,48,26
232,300,47,26
232,299,46,25
232,300,47,24
232,300,45,26
234,299,44,24
232,298,46,26
229,299,50,27
231,300,47,25
233,301,43,24
234,303,36,23
235,301,31,25
238,300,26,27
238,299,22,32
236,300,24,32
239,299,24,33
249,295,25,31
250,297,28,27
250,299,30,21
243,300,35,22
240,301,43,19
236,301,48,19
237,298,48,22
236,299,49,23
234,299,49,24
235,299,51,25
230,298,55,28
229,298,54,27
231,297,52,28
230,298,54,27
232,297,52,29
233,297,49,28
232,299,50,24
230,299,53,25
233,298,52,28
233,299,48,27
234,299,51,26
230,297,52,27
233,298,50,27
232,298,51,27
232,299,52,26
232,298,51,29
233,299,51,24
230,300,53,23
234,297,52,27
230,298,53,24
233,298,52,25
231,298,52,26
234,298,52,27
230,299,54,26
234,298,50,27
230,298,52,28
232,298,49,28
233,300,54,22
231,299,53,21
232,299,54,21
232,299,53,23
232,299,53,23
233,299,52,23
231,298,53,24
232,299,54,23
234,297,49,26
231,300,51,23
234,298,52,24
233,299,50,24
233,298,49,25
233,298,53,23
231,299,52,24
235,299,49,24
232,299,51,24
234,299,52,25
230,300,56,24
230,300,54,24
235,300,48,26
234,300,49,24
236,300,49,23
232,301,49,23
234,300,50,23
234,299,50,23
233,300,50,23
233,300,53,21
232,299,53,23
231,300,52,23
234,298,51,26
230,298,53,27
232,298,53,27
234,297,50,28
234,297,51,28
234,298,49,26
234,297,48,27
234,298,47,27
234,297,51,27
233,297,52,26
234,296,54,27
231,296,54,27
233,295,53,28
234,295,51,31
234,298,52,27
232,296,53,30
232,297,51,28
233,297,52,26
233,296,52,29
235,296,48,30
233,296,51,29
233,297,52,27
236,296,49,32
233,293,53,35
233,294,55,34
234,296,53,30
232,294,56,34
234,294,55,33
229,292,57,37
230,296,58,31
231,294,55,35
234,294,52,33
233,295,53,32
233,297,51,29
232,297,49,32
233,296,51,31
234,297,51,29
234,297,50,29
232,297,52,28
236,296,48,29
234,297,50,26
231,296,54,31
230,298,56,28
234,296,53,30
233,296,52,33
235,296,51,30
231,298,53,28
233,298,52,28
234,298,48,28
233,297,51,30
232,297,51,28
235,296,49,30
235,297,48,30
231,297,52,32
232,298,52,30
233,299,53,28
232,297,53,29
234,296,51,32
232,296,51,31
234,295,49,30
234,296,50,30
235,296,49,29
233,297,50,29
