161,226,55,74
159,217,53,72
157,221,55,68
155,217,54,66
156,215,56,63
155,217,54,59
150,218,59,55
154,219,53,51
155,219,59,50
150,214,64,58
154,217,63,49
157,216,61,51
158,215,60,51
161,213,60,54
162,209,62,57
163,210,62,57
163,208,63,61
168,211,62,57
169,205,64,66
172,203,63,70
178,200,60,69
179,195,61,75
182,195,59,73
184,193,67,78
189,191,62,83
198,190,61,75
204,183,60,78
210,181,58,76
213,179,65,72
222,183,57,62
233,182,53,63
239,187,55,54
245,186,62,53
253,189,58,51
260,188,63,52
272,187,59,54
281,185,61,59
287,183,62,66
294,184,64,70
300,185,55,74
303,185,51,72
301,189,51,66
298,192,50,70
289,195,57,74
287,203,51,68
276,209,52,65
265,211,54,61
263,211,47,57
256,212,51,55
250,210,53,52
247,209,54,53
255,211,45,54
256,215,48,56
261,216,48,61
264,221,50,67
268,229,54,67
278,233,45,77
282,244,49,72
286,258,50,67
289,264,50,69
288,266,49,67
283,267,54,67
280,266,53,67
267,262,58,67
252,257,67,73
239,257,66,65
223,254,61,70
210,257,57,60
196,254,58,62
179,249,63,65
173,235,56,69
169,230,58,66
171,218,54,60
168,212,58,56
176,204,60,58
187,198,61,55
203,191,57,54
216,192,56,52
229,191,64,56
245,194,65,54
267,196,56,56
282,194,59,53
301,188,48,58
312,182,48,53
320,170,52,59
328,159,52,61
334,152,43,54
338,143,42,54
334,135,43,52
329,133,44,50
322,129,46,57
310,128,52,60
296,135,55,50
279,139,54,54
260,141,58,57
244,145,54,50
211,144,56,47
188,139,51,53
160,131,59,55
135,117,60,62
109,106,62,63
95,95,57,59
83,87,58,53
74,81,57,50
68,75,54,55
76,70,51,58
82,73,53,50
87,72,52,50
94,75,55,53
109,81,57,48
128,82,52,49
145,83,50,54
164,83,41,59
178,91,47,54
190,92,51,51
207,92,47,51
222,94,41,45
228,90,40,44
227,86,46,48
225,83,51,51
227,80,44,51
221,79,44,51
214,81,46,48
203,82,44,50
191,86,40,54
176,94,42,52
157,92,46,58
142,92,47,59
130,92,41,61
121,93,37,55
110,94,37,49
101,94,36,48
102,94,38,48
100,92,35,45
101,92,31,42
99,96,35,36
102,95,35,39
107,97,38,42
113,100,41,42
125,103,45,37
135,102,52,42
152,101,50,47
170,96,48,52
185,101,49,44
206,102,48,44
223,98,47,43
238,99,45,40
253,97,45,46
264,95,46,51
279,92,41,45
287,85,42,44
293,82,40,45
301,75,35,49
299,70,34,45
296,66,36,44
289,62,39,45
281,63,41,46
271,61,42,46
264,62,40,44
254,63,39,46
244,66,43,44
239,68,36,44
230,70,38,44
222,71,41,41
222,74,38,41
223,76,37,38
223,76,37,39
227,78,38,40
232,81,36,37
241,84,34,39
249,89,34,36
255,94,34,34
264,94,31,38
272,92,31,41
279,89,32,44
285,84,33,48
287,78,37,48
293,77,33,42
294,64,31,49
295,62,30,45
291,51,30,47
283,41,32,47
278,35,33,49
269,26,32,52
261,22,32,53
252,18,32,54
241,18,33,53
227,20,40,56
214,27,42,54
202,41,42,47
193,51,40,42
190,54,38,44
187,61,37,43
188,69,33,48
187,74,36,53
193,86,33,44
202,92,33,43
212,100,34,45
220,112,40,41
232,117,37,49
247,126,33,54
260,130,33,58
272,139,35,55
283,144,34,53
293,147,35,48
304,148,32,47
312,153,31,44
318,153,27,37
322,153,26,39
322,153,26,41
322,152,25,43
321,154,26,42
317,154,26,42
312,153,28,45
303,154,29,47
296,152,29,50
289,150,30,51
280,147,32,49
274,145,30,45
271,138,25,51
266,137,23,44
263,129,20,44
260,128,23,43
257,128,23,35
255,125,24,40
258,122,26,40
261,118,24,43
268,119,20,43
274,116,17,46
277,119,22,44
282,117,22,49
287,116,22,50
290,116,22,50
292,116,23,48
296,119,22,42
295,111,24,46
296,112,23,45
294,109,24,43
289,106,24,46
284,105,22,45
277,101,25,51
270,105,28,49
263,105,28,47
254,103,29,46
248,103,29,45
242,105,30,45
235,104,31,46
232,103,29,48
227,104,32,44
221,106,33,46
217,110,39,41
218,109,38,42
219,110,35,40
223,112,37,37
223,112,33,40
221,114,38,39
226,118,36,33
229,119,34,35
238,118,32,38
246,122,30,34
255,128,31,39
263,133,30,45
271,140,31,47
279,149,32,48
288,157,31,49
297,166,30,46
303,174,32,48
308,182,34,42
311,188,34,44
314,196,31,43
316,202,29,47
317,208,27,52
312,216,29,55
307,227,32,53
298,234,36,61
287,239,37,63
276,247,40,67
268,253,38,68
253,260,48,63
239,263,48,67
227,266,46,70
221,265,43,74
212,262,49,85
207,261,50,73
207,264,46,68
206,259,43,67
204,242,47,70
206,241,45,67
206,231,45,60
209,218,42,57
210,205,42,53
211,194,40,53
213,181,36,53
210,168,37,55
210,160,33,44
209,145,29,46
206,134,28,46
201,125,27,49
196,119,30,47
189,118,33,45
184,118,34,41
177,118,37,43
170,117,38,47
163,117,39,40
161,111,35,44
155,106,34,42
148,102,37,43
146,92,36,48
146,91,33,44
144,85,35,42
146,80,35,43
146,78,32,40
146,74,34,40
150,72,30,41
150,70,33,40
154,69,29,39
152,67,34,36
158,70,27,32
160,69,28,34
162,67,26,40
164,65,24,43
165,64,24,46
165,66,25,47
164,65,25,50
162,66,26,47
162,65,25,51
158,63,29,43
156,63,29,44
154,58,26,43
153,53,27,48
150,48,27,47
147,43,26,46
143,37,29,43
139,38,32,37
139,38,30,38
139,36,30,43
138,40,30,41
140,44,31,44
144,50,29,48
150,59,31,48
153,65,32,51
163,72,34,43
173,75,30,44
181,81,30,44
191,81,29,38
200,84,27,32
212,91,22,31
226,89,29,33
224,90,30,31
227,91,28,29
234,90,22,28
231,91,26,26
230,90,24,25
225,88,26,25
217,86,25,27
209,84,24,33
200,84,28,34
185,86,28,28
171,83,34,33
159,81,32,35
143,76,33,35
131,67,33,32
116,66,38,38
109,59,39,40
104,53,38,44
104,54,36,40
108,52,32,38
113,55,31,39
116,59,29,37
126,61,29,30
126,61,29,30
148,81,32,32
167,87,32,37
181,83,30,43
197,89,29,39
212,89,30,33
214,90,26,33
223,90,31,29
240,91,26,30
247,91,27,28
252,90,31,29
260,87,28,32
264,85,28,31
265,84,26,32
263,87,30,30
257,86,33,34
249,90,36,35
240,92,35,36
220,94,42,33
205,98,35,31
187,98,34,31
174,98,28,28
157,94,25,27
138,91,27,24
123,85,27,23
103,76,27,24
94,73,31,23
87,70,32,22
83,66,33,29
82,65,34,27
86,67,34,25
93,67,33,24
102,71,30,25
112,78,32,25
127,87,41,21
137,92,47,24
160,100,43,20
177,101,40,24
199,102,35,26
215,100,33,26
229,96,31,27
237,93,33,32
245,90,33,35
251,83,33,36
250,79,36,32
250,75,33,29
247,72,34,34
244,70,31,42
234,71,33,36
220,73,38,33
205,72,36,33
188,71,35,35
172,67,33,35
153,62,35,35
132,55,36,37
111,47,39,39
93,41,44,38
84,35,43,34
72,26,45,33
69,25,42,29
67,22,40,34
66,25,40,31
71,28,40,31
78,35,41,33
88,44,44,37
98,58,46,39
119,67,47,36
143,74,45,43
167,86,39,35
190,91,35,31
213,96,31,34
230,98,34,30
248,102,31,28
253,101,37,33
264,98,34,34
271,96,32,33
273,93,28,35
269,93,30,34
261,93,36,38
254,95,36,40
243,97,33,35
227,104,38,31
209,111,34,35
188,111,37,38
167,107,36,43
141,105,40,41
119,100,35,40
96,85,40,43
83,79,39,39
69,72,41,36
61,62,40,34
56,55,40,34
58,54,38,32
57,52,43,31
64,54,42,30
73,58,45,32
82,64,50,37
97,73,42,39
114,83,42,38
137,89,44,40
156,95,46,39
180,98,36,42
205,99,32,36
222,100,33,29
231,96,38,32
243,92,39,34
252,83,36,41
254,79,38,39
254,75,37,39
252,75,36,39
244,76,37,41
233,78,41,39
220,80,39,39
205,82,40,40
186,86,36,37
162,86,42,36
138,89,42,36
115,84,47,41
92,73,46,46
81,67,45,44
70,59,46,43
56,52,52,35
58,49,45,29
58,44,46,32
70,43,39,31
79,43,40,32
88,46,44,36
97,49,44,35
97,53,48,33
111,56,50,34
136,64,46,39
157,73,47,37
178,83,52,36
206,88,48,30
232,89,41,34
258,93,33,32
267,87,37,38
282,82,42,38
292,74,39,37
301,68,34,36
305,65,28,31
302,62,31,32
296,58,32,37
284,61,39,39
269,67,44,42
251,68,52,47
234,75,50,42
209,80,53,34
178,77,44,36
158,73,44,35
134,65,43,35
112,59,46,34
92,51,49,39
81,44,47,35
71,35,48,33
71,31,42,35
73,30,38,36
73,34,43,31
84,38,39,37
93,46,42,41
100,56,49,45
125,71,44,42
141,82,48,43
167,94,42,41
189,101,37,40
214,106,36,35
238,110,37,34
258,109,32,39
266,109,41,44
281,110,36,37
290,113,36,35
294,115,35,33
295,121,36,35
294,129,38,43
294,146,36,43
287,166,38,41
275,184,45,48
262,201,43,47
245,214,45,37
214,219,38,43
200,216,41,40
172,214,40,36
145,212,49,31
121,208,55,26
104,197,52,29
93,189,49,33
80,189,48,34
75,185,45,41
73,188,44,41
75,192,44,41
78,196,42,44
87,205,40,48
98,214,45,55
114,235,44,48
136,255,45,46
158,264,51,49
186,271,47,57
219,278,41,51
256,276,41,46
272,272,49,46
290,259,50,52
308,250,48,51
318,237,47,52
325,220,46,53
330,213,42,47
331,207,38,41
333,205,40,38
326,201,37,37
324,205,36,39
316,211,37,44
306,222,37,48
294,235,38,53
279,251,40,53
263,253,42,60
234,260,50,57
204,266,53,60
180,272,50,63
159,269,53,64
136,266,61,67
124,260,52,59
111,263,47,47
99,256,53,49
90,255,56,45
89,257,57,41
97,252,55,48
112,250,47,49
127,257,49,41
136,261,52,46
150,262,56,55
178,259,51,65
191,264,64,57
216,264,59,60
243,269,54,51
262,265,52,51
279,268,44,48
294,265,40,44
304,264,36,44
312,262,34,46
317,262,30,45
318,262,28,42
312,264,30,40
300,263,37,47
288,266,44,49
274,272,48,54
260,271,45,61
243,282,49,60
219,282,50,64
191,286,60,61
183,295,56,52
167,290,64,60
159,297,66,49
125,284,68,54
110,283,57,51
92,269,56,56
80,260,53,56
71,257,51,50
66,252,53,48
64,248,51,48
61,250,56,48
60,252,58,44
64,257,63,49
83,263,52,53
91,271,56,60
119,277,51,55
131,283,57,56
164,301,57,45
182,294,47,52
205,286,50,54
222,281,47,56
251,271,43,49
263,268,42,47
274,259,42,48
285,254,38,42
290,246,38,42
292,239,39,44
295,239,34,36
297,238,29,38
290,240,35,40
281,241,40,48
270,248,42,55
259,256,44,56
242,262,45,50
215,275,45,53
190,273,45,63
165,275,54,64
143,277,60,67
111,270,57,65
94,263,48,56
70,256,55,57
57,249,59,46
49,239,51,43
39,232,53,38
38,224,48,40
47,220,42,43
53,221,39,43
59,224,40,46
66,224,45,52
76,229,47,55
89,237,52,48
115,247,50,46
141,251,56,41
155,248,57,49
175,243,54,49
198,234,53,46
216,233,43,49
240,222,38,46
251,218,36,47
258,210,39,43
263,203,40,44
266,199,37,43
268,197,37,46
264,197,38,43
257,196,41,48
249,196,39,51
230,198,44,46
209,194,46,49
194,194,48,42
176,189,47,34
156,183,42,35
121,165,46,40
99,149,48,48
83,140,49,39
69,125,44,35
59,103,38,40
50,94,36,37
49,83,36,37
51,75,36,38
52,71,41,33
57,68,42,36
68,68,39,34
76,71,44,33
90,75,38,37
101,81,43,42
122,89,42,43
139,95,47,41
162,100,40,40
182,105,37,40
202,103,36,36
217,101,31,35
231,94,37,35
246,88,34,43
252,81,35,42
259,73,35,44
261,69,36,48
264,66,36,45
266,67,35,45
262,62,39,45
255,61,39,45
247,61,39,46
237,61,40,46
227,63,43,43
214,64,40,43
198,64,43,46
183,65,38,45
168,65,36,44
156,64,36,43
135,61,39,45
122,61,40,43
107,62,41,37
99,65,41,35
98,69,38,33
98,71,35,36
99,74,32,36
103,82,33,27
109,87,32,29
117,92,34,28
134,98,34,34
147,104,35,35
166,112,30,37
185,111,29,44
204,116,29,42
209,115,29,43
221,115,36,38
242,113,39,35
257,110,42,41
268,104,46,49
293,100,43,46
304,93,47,44
318,85,46,43
325,79,48,43
329,74,49,40
332,71,51,41
337,69,46,40
324,67,53,41
318,72,51,40
295,68,54,50
274,76,56,53
247,76,58,63
208,87,60,62
168,97,66,63
141,97,65,66
120,101,60,59
100,104,62,51
89,114,62,38
78,110,57,40
79,113,57,34
80,111,56,34
95,112,48,30
107,110,40,34
116,111,44,38
131,110,39,44
143,121,42,37
163,122,36,37
174,128,36,42
186,129,39,45
205,140,34,42
216,144,38,39
227,147,41,37
242,146,39,44
249,143,40,51
254,139,42,59
255,138,43,56
253,135,46,47
251,130,45,46
239,120,49,52
226,115,49,53
206,111,60,57
188,106,61,59
177,110,54,53
165,103,48,58
150,106,52,58
143,102,46,64
142,107,38,51
138,109,40,43
133,111,47,43
139,112,44,41
148,111,37,42
157,112,36,41
166,114,38,44
177,116,35,42
185,122,41,37
198,124,34,33
210,124,33,37
221,128,38,38
231,134,35,39
238,135,34,39
247,137,33,39
249,139,38,38
249,137,37,44
250,136,34,48
244,134,38,45
235,130,42,45
222,125,49,43
209,120,53,50
192,113,53,53
174,110,62,64
165,109,56,62
155,103,54,72
143,108,58,63
141,111,50,59
129,118,55,59
130,128,49,52
128,140,53,48
129,148,51,52
137,165,42,46
148,171,40,51
154,185,43,45
166,196,41,41
176,200,44,44
189,207,39,41
200,209,46,42
210,212,44,43
222,212,38,44
233,216,39,40
242,214,39,39
251,213,35,43
254,214,38,42
256,213,36,44
257,214,35,45
255,214,37,45
251,217,40,45
248,224,44,37
241,229,44,36
232,233,47,34
222,237,45,37
212,240,42,44
204,238,42,46
190,244,48,43
183,243,42,51
173,240,44,50
166,236,47,48
165,233,44,50
163,229,43,45
163,230,42,39
171,222,39,39
173,222,36,39
180,221,34,40
187,222,37,40
193,222,37,44
202,226,37,45
211,229,37,42
212,229,37,44
221,230,37,47
222,233,38,42
229,235,42,39
238,237,41,37
244,234,39,43
249,234,37,45
249,232,37,48
246,229,39,55
237,231,45,50
227,233,45,49
215,238,53,44
201,242,52,52
189,247,54,58
168,253,53,70
147,262,67,75
131,268,64,69
120,274,57,64
108,279,48,55
108,283,46,55
104,283,48,54
104,283,55,55
123,276,43,60
133,282,42,53
142,286,50,47
154,290,58,50
174,295,59,46
194,296,58,48
218,300,55,43
252,299,50,40
268,295,51,44
294,287,43,42
315,280,43,39
338,269,36,44
350,263,37,42
364,254,30,43
364,254,30,43
364,254,30,43
364,254,30,43
364,254,30,43
364,254,30,43
364,254,30,43
364,254,30,43
364,254,30,43
364,254,30,43
364,254,30,43
364,254,30,43
365,292,34,48
341,303,41,46
311,308,47,43
272,319,54,33
221,315,59,38
170,310,67,43
135,304,75,47
83,282,62,50
50,260,66,54
50,260,66,54
50,260,66,54
50,260,66,54
50,260,66,54
50,260,66,54
50,260,66,54
50,260,66,54
50,260,66,54
50,260,66,54
50,260,66,54
50,260,66,54
50,260,66,54
50,260,66,54
50,260,66,54
50,260,66,54
44,259,69,59
69,274,66,67
116,297,74,59
158,313,70,42
206,317,66,36
261,327,55,26
286,314,56,32
312,296,53,36
337,279,47,36
350,261,46,41
350,261,46,41
350,261,46,41
350,261,46,41
350,261,46,41
350,261,46,41
350,261,46,41
350,261,46,41
350,261,46,41
350,261,46,41
350,261,46,41
357,262,41,45
348,285,43,40
328,301,45,45
303,320,45,36
270,331,46,33
222,305,40,29
195,320,35,28
195,320,35,28
195,320,35,28
206,322,31,26
207,321,25,28
208,323,22,23
210,322,19,25
210,322,19,28
210,322,20,30
210,322,20,30
211,322,19,30
211,322,19,28
211,321,18,30
210,321,20,28
211,321,18,29
210,321,19,28
211,322,18,28
211,322,18,28
210,326,21,26
210,324,20,29
209,323,20,29
209,323,20,29
210,323,19,29
209,322,19,29
209,322,20,29
209,322,20,30
209,324,20,29
209,324,20,28
209,322,20,27
209,322,19,30
209,321,20,29
208,321,22,29
209,321,21,32
208,320,21,27
207,321,24,30
209,321,20,31
209,322,19,29
210,322,18,27
209,311,22,25
211,326,18,22
210,323,17,26
211,323,17,29
209,322,18,30
210,321,19,32
209,324,21,29
209,323,21,28
208,320,21,32
209,321,20,31
209,321,21,30
211,321,21,29
209,322,23,25
210,323,20,25
210,323,19,29
211,323,20,27
211,326,19,23
210,327,18,24
211,323,18,27
211,322,17,29
211,321,17,30
212,323,17,28
210,320,18,30
213,320,15,29
212,322,17,28
210,321,19,26
210,321,18,31
211,322,19,30
210,320,18,33
210,322,20,29
209,321,20,29
211,322,19,27
210,323,19,27
212,323,17,27
211,325,16,25
211,326,17,25
211,321,16,29
210,322,19,28
211,322,18,27
210,321,19,26
211,321,17,27
210,322,19,29
210,321,19,29
210,322,19,27
210,323,20,25
211,323,19,27
210,322,19,28
210,321,18,29
211,322,19,27
210,321,18,27
210,321,19,31
210,322,21,31
209,322,21,27
211,321,20,26
211,322,19,28
211,325,20,25
211,323,19,27
211,322,18,29
210,323,19,28
210,322,18,26
211,321,19,30
210,321,20,29
210,321,19,28
210,320,17,33
211,322,18,29
210,321,19,29
210,321,19,29
211,321,19,29
210,322,21,29
211,322,19,31
210,321,19,25
210,321,19,30
211,321,19,30
209,322,21,27
210,322,19,26
211,322,18,27
211,321,18,31
210,323,19,29
210,322,19,29
210,322,20,27
210,321,21,30
210,322,22,30
209,320,21,31
211,321,17,29
210,322,19,27
210,321,22,30
210,320,20,30
211,322,19,28
210,321,18,27
211,322,17,26
212,322,17,27
212,322,18,30
211,320,18,31
208,319,20,29
212,320,17,29
211,321,19,29
208,322,22,28
211,321,17,30
212,323,17,30
211,320,18,33
211,321,20,30
211,322,20,30
210,322,19,27
211,321,17,30
211,322,17,27
212,322,16,28
211,323,19,26
211,323,19,27
210,322,21,27
211,321,19,30
211,321,19,31
210,319,20,30
209,322,22,27
210,323,18,25
212,322,16,29
210,321,19,27
210,322,19,29
210,323,20,26
211,323,19,24
210,322,20,26
211,322,17,28
211,323,17,29
211,322,18,31
210,321,19,28
210,321,20,30
209,320,20,27
211,323,18,24
212,321,15,28
211,322,18,28
211,323,17,27
212,322,17,29
211,321,18,30
211,321,18,28
211,322,19,28
211,321,19,31
210,321,21,30
210,321,20,31
211,324,20,27
211,322,18,28
211,320,18,29
210,321,19,30
212,321,17,30
211,321,18,29
212,322,18,30
211,321,18,30
211,321,19,30
210,321,19,28
211,322,18,30
211,322,18,30
211,321,19,28
212,321,16,30
212,321,17,28
211,321,18,25
212,323,16,27
213,322,16,28
212,322,17,29
212,322,19,29
211,322,18,28
210,322,20,27
211,322,18,27
212,322,18,28
212,322,17,30
212,323,17,28
211,322,20,28
211,321,18,28
211,320,18,29
212,321,17,28
211,322,19,25
210,321,19,28
212,321,18,30
211,321,18,29
211,320,17,29
210,321,20,29
212,322,19,29
211,323,19,26
212,322,18,24
212,322,16,24
213,322,15,27
212,323,16,28
212,322,16,28
212,322,17,28
212,323,18,25
212,323,16,27
213,323,16,28
212,320,16,29
211,322,19,28
212,322,17,28
212,322,18,27
212,321,17,29
211,319,17,30
212,322,17,26
211,321,19,29
211,320,19,30
211,321,18,28
211,323,18,26
210,323,21,26
210,321,18,28
210,323,18,27
210,322,20,30
211,324,19,28
212,322,15,26
211,323,16,28
211,322,16,26
211,321,17,28
211,321,18,29
210,323,19,26
211,323,18,29
210,323,19,26
210,321,18,29
208,322,22,27
209,321,21,30
208,320,21,29
210,320,20,29
211,320,18,30
212,321,17,29
211,321,18,30
210,320,20,30
211,320,19,28
211,320,19,32
211,320,19,27
211,321,18,31
211,321,19,30
210,320,18,32
211,321,19,32
211,321,19,29
211,320,19,30
212,320,19,29
211,322,20,31
211,321,17,26
211,322,18,29
212,322,17,27
212,322,18,27
211,322,18,28
211,320,19,31
212,323,19,27
211,320,18,28
211,321,18,29
211,323,18,27
211,321,18,28
211,321,18,27
211,322,18,29
212,322,18,30
210,320,18,28
211,321,18,30
210,321,19,26
211,320,16,29
212,322,17,31
211,323,17,28
211,322,18,27
211,322,18,27
211,321,17,28
211,321,18,28
211,322,17,28
212,322,17,28
212,323,18,28
211,322,19,27
211,322,19,27
212,321,19,28
211,321,21,26
208,321,22,28
210,320,19,29
210,321,18,29
210,320,19,31
211,322,20,29
211,321,19,29
210,321,19,28
210,322,18,27
211,321,18,31
210,322,20,31
210,322,19,32
211,322,20,31
211,322,19,30
210,321,19,29
211,321,18,29
210,321,19,30
211,321,18,29
211,321,16,30
210,320,18,28
211,321,18,27
212,322,17,28
211,321,18,29
211,320,17,28
211,321,17,31
211,322,17,28
210,322,17,27
212,322,17,30
210,320,19,29
210,321,18,32
210,321,18,30
210,321,19,31
210,321,20,29
211,321,19,31
210,322,20,30
210,321,19,33
209,322,21,32
209,320,19,32
211,322,17,30
211,321,18,29
210,323,19,28
211,323,19,29
211,322,19,27
210,323,20,25
211,322,19,28
210,325,19,25
211,325,18,25
211,323,18,29
211,323,19,30
211,321,19,29
211,322,19,29
210,321,21,29
211,321,20,31
210,322,21,28
211,322,20,30
212,323,18,28
212,325,18,26
211,321,17,30
212,322,17,31
210,320,20,34
210,321,19,30
210,321,20,29
211,320,19,30
210,321,19,28
210,321,19,29
210,322,19,28
210,321,18,28
211,322,19,28
211,322,18,29
211,322,18,29
211,320,18,28
211,321,18,28
211,322,19,28
211,323,18,25
211,322,16,26
212,322,15,28
212,323,15,29
212,322,16,31
211,323,17,29
211,321,17,30
211,321,18,29
211,322,18,28
209,322,20,29
209,320,20,28
211,323,19,27
211,322,18,28
212,322,17,27
210,322,19,28
210,322,20,28
210,322,19,28
210,322,18,29
210,321,19,27
212,322,17,29
211,322,18,30
211,320,17,32
211,321,18,28
211,320,18,30
212,321,17,27
212,321,17,30
212,322,17,29
213,323,16,28
212,322,17,27
212,323,19,26
211,323,19,29
210,321,21,30
212,323,18,27
212,321,17,29
212,322,16,28
212,321,17,31
212,321,17,29
211,320,18,31
211,321,17,27
212,321,17,30
210,322,18,28
211,321,18,28
210,322,18,27
210,322,18,28
210,321,19,28
210,321,18,28
211,321,18,30
210,322,18,28
211,321,17,30
211,322,18,30
211,320,18,31
212,322,17,28
210,322,18,27
211,322,18,29
211,322,18,28
211,322,17,27
211,322,17,27
209,322,18,31
209,324,21,27
209,324,21,27
222,300,28,30
220,304,31,32
218,307,35,32
216,309,39,36
214,310,43,40
215,309,45,45
215,316,44,39
221,319,43,36
226,322,39,30
232,321,35,32
242,317,32,36
249,315,32,36
257,312,33,34
264,304,36,38
268,292,39,44
272,284,38,44
280,272,40,45
285,270,38,43
286,263,34,41
289,259,29,36
288,255,28,36
284,253,30,41
274,253,35,43
264,253,41,49
256,256,39,50
242,262,43,42
219,264,51,42
204,263,55,46
184,263,52,52
157,257,56,50
149,254,51,38
134,238,49,44
119,227,48,46
107,218,52,44
102,211,53,42
102,207,48,41
105,205,47,41
110,210,45,33
117,212,48,39
129,219,49,40
147,226,47,40
167,236,44,39
187,241,55,38
202,241,53,40
224,244,49,36
245,239,46,38
258,231,48,42
273,227,40,41
286,220,35,39
293,216,34,37
299,214,31,34
299,214,31,35
299,214,29,38
296,220,31,37
285,225,37,42
277,233,34,45
264,239,40,53
255,247,34,47
220,253,45,47
199,252,52,50
178,252,53,48
160,249,51,44
145,239,48,42
123,230,52,39
113,221,48,44
107,218,49,43
108,220,42,39
106,219,45,43
108,222,46,45
114,232,45,40
129,241,44,40
146,254,42,39
162,262,46,39
184,268,50,41
183,268,59,47
196,265,61,50
209,270,51,49
234,272,48,37
258,264,43,39
266,261,48,40
282,252,39,46
294,247,37,43
303,242,36,41
307,239,34,38
310,236,30,39
310,237,29,41
301,243,36,38
291,245,39,44
276,250,43,46
261,255,51,47
242,259,56,42
214,260,59,45
189,258,55,54
168,259,57,45
145,259,64,34
124,247,61,36
113,238,49,37
104,231,50,35
101,220,50,41
93,219,56,41
92,220,53,44
95,217,58,52
100,232,50,44
117,242,46,45
134,255,50,42
150,264,54,42
163,274,57,47
187,282,50,56
208,291,56,52
234,304,53,45
262,316,49,39
278,319,49,36
301,325,46,31
320,329,47,30
339,329,46,29
354,327,44,29
365,324,41,32
376,323,33,31
376,323,33,31
376,323,33,31
376,323,33,31
376,323,33,31
376,323,33,31
376,323,33,31
376,323,33,31
376,323,33,31
376,323,33,31
376,323,33,31
376,323,33,31
376,323,33,31
376,323,33,31
378,289,26,28
370,298,27,31
351,312,29,29
332,319,34,32
307,329,38,28
281,283,31,30
281,283,31,30
217,335,33,30
177,316,39,33
146,293,43,37
115,253,43,41
86,214,50,48
68,176,49,52
55,143,50,60
53,127,46,59
39,105,48,49
39,105,48,49
22,95,54,42
16,99,64,34
23,112,65,36
53,144,52,40
59,151,47,50
80,191,49,53
94,216,53,61
129,260,57,50
157,293,69,52
191,307,65,48
220,319,59,36
257,328,50,33
257,328,50,33
305,328,52,29
329,324,44,32
348,315,42,36
363,308,34,37
371,300,27,36
371,300,27,36
371,300,27,36
371,300,27,36
371,300,27,36
371,300,27,36
371,300,27,36
371,300,27,36
371,300,27,36
371,300,27,36
371,300,27,36
371,300,27,36
371,300,27,36
363,312,29,36
357,320,31,32
336,333,28,26
302,342,26,30
302,342,26,30
302,342,26,30
302,342,26,30
302,342,26,30
302,342,26,30
302,342,26,30
302,342,26,30
302,342,26,30
302,342,26,30
302,342,26,30
302,342,26,30
302,342,26,30
302,342,26,30
302,342,26,30
302,342,26,30
302,342,26,30
302,342,26,30
302,342,26,30
302,342,26,30
302,342,26,30
302,342,26,30
302,342,26,30
302,342,26,30
302,342,26,30
302,342,26,30
302,342,26,30
278,278,25,29
282,266,31,35
289,268,32,40
293,269,34,43
298,271,35,42
302,272,35,41
305,270,34,45
309,273,33,38
314,276,28,36
316,273,27,41
319,275,27,35
320,274,26,39
323,275,25,38
323,276,26,35
325,274,24,38
328,276,27,36
328,275,26,35
333,277,25,36
333,277,27,32
338,278,27,31
341,276,26,35
344,277,27,33
349,277,30,34
354,278,32,32
356,280,29,33
363,278,25,38
369,279,23,41
371,279,23,41
373,282,24,37
375,286,23,31
368,249,21,25
368,249,21,25
368,249,21,25
368,249,21,25
368,249,21,25
368,249,21,25
368,249,21,25
368,249,21,25
368,249,21,25
368,249,21,25
368,249,21,25
368,249,21,25
368,249,21,25
368,249,21,25
368,249,21,25
368,249,21,25
368,249,21,25
368,249,21,25
368,249,21,25
368,249,21,25
368,249,21,25
368,249,21,25
368,249,21,25
368,249,21,25
368,249,21,25
368,249,21,25
368,249,21,25
368,249,21,25
368,249,21,25
379,300,23,23
377,309,25,26
379,307,20,31
375,304,24,34
368,305,28,37
363,303,30,41
355,301,32,40
347,301,35,39
341,300,35,38
335,299,34,36
329,297,36,40
322,292,31,45
314,292,36,43
303,293,37,42
293,293,39,44
282,292,41,46
270,291,40,43
259,287,43,40
249,281,43,39
233,276,48,43
220,268,45,39
211,260,44,47
201,255,48,47
192,252,49,46
186,248,51,47
186,244,46,50
190,247,41,46
194,243,39,44
199,241,42,47
209,237,41,45
212,233,45,45
225,229,33,51
233,218,34,51
240,219,37,44
247,217,34,43
249,214,35,40
251,212,34,42
250,212,34,46
247,216,36,44
245,218,34,46
238,223,37,41
229,225,40,42
220,228,41,44
211,231,42,48
200,236,49,45
197,238,44,46
188,240,37,49
179,245,40,46
173,242,41,54
175,245,36,49
170,245,42,46
168,243,45,49
170,242,42,49
172,239,44,50
178,237,41,52
189,234,43,49
200,228,48,55
213,226,46,60
225,231,47,58
241,235,49,49
256,233,45,57
262,232,51,62
272,230,50,64
276,227,49,66
284,223,46,60
285,222,44,63
282,220,45,54
274,220,48,59
265,218,46,66
254,222,48,64
244,228,50,54
230,232,43,55
210,230,52,62
199,231,48,65
188,229,49,66
179,227,41,65
167,226,44,56
162,223,44,48
153,222,44,42
154,222,40,36
156,226,42,28
151,224,45,30
157,226,43,36
163,229,44,43
171,229,44,51
184,233,44,56
201,234,52,58
220,232,47,58
248,228,44,66
263,214,52,71
277,209,59,65
297,195,55,68
308,187,62,63
314,175,69,67
320,173,70,56
319,171,73,57
319,170,77,64
322,171,68,73
313,183,67,71
299,195,61,73
285,210,57,66
270,217,51,75
253,220,50,76
225,236,50,67
208,234,49,69
192,235,49,67
178,234,45,63
167,230,43,60
161,229,44,49
156,226,43,46
157,222,39,41
152,226,47,38
157,227,43,40
157,230,49,43
166,230,44,52
174,236,42,52
183,243,45,56
193,243,55,58
204,244,47,63
218,245,47,57
231,247,43,49
249,248,43,42
257,247,41,48
264,243,41,53
269,243,42,57
274,242,39,56
274,244,37,52
276,245,35,51
271,245,37,54
266,246,40,50
261,246,40,48
254,244,41,47
249,243,37,47
240,242,39,43
234,246,41,35
224,244,40,38
217,241,39,40
212,238,39,47
206,240,39,44
202,237,36,41
194,237,39,41
194,235,32,37
191,231,30,37
189,228,30,35
187,225,30,37
188,224,28,34
188,220,26,36
188,220,29,32
189,219,30,33
191,218,32,35
194,216,34,37
201,217,29,38
205,218,31,35
206,219,36,36
210,220,37,37
215,222,31,39
220,220,34,44
226,224,36,41
229,226,36,39
237,228,31,35
239,229,34,32
242,231,33,31
246,230,32,35
248,231,32,35
248,228,28,42
245,228,30,39
240,226,32,42
234,223,32,40
228,223,35,38
221,219,33,44
210,215,39,46
203,208,38,53
198,208,42,47
191,203,41,47
189,202,40,41
180,199,39,36
171,190,37,38
161,182,38,35
158,170,33,42
152,158,32,46
149,152,33,39
149,140,29,40
145,128,32,44
142,120,38,40
152,105,29,42
154,96,30,45
156,87,31,42
159,85,33,39
165,75,27,42
168,65,25,46
170,63,26,47
171,55,28,49
167,53,31,58
172,54,26,55
173,51,27,58
172,51,28,55
173,53,28,55
172,55,28,55
172,55,27,54
171,60,27,54
171,65,28,47
170,65,27,48
171,67,29,47
172,67,30,45
175,67,28,42
178,66,30,41
181,63,28,41
185,62,27,39
189,62,27,34
192,62,27,34
189,60,29,30
193,59,28,29
191,57,29,31
189,58,29,27
187,58,29,29
180,56,33,31
175,57,33,29
167,57,32,27
161,54,32,32
154,53,34,33
144,50,31,37
135,46,33,35
125,42,33,40
118,44,38,35
116,40,37,35
118,43,34,31
120,43,31,33
120,44,33,37
123,48,33,44
130,56,37,40
141,62,36,36
150,72,40,35
161,74,39,37
175,74,38,41
190,80,37,33
190,80,37,33
222,82,31,31
233,79,26,31
242,75,25,33
245,70,26,28
250,67,26,31
248,59,28,33
243,56,31,33
240,54,33,36
235,53,34,35
227,53,30,29
216,52,30,28
200,53,32,28
180,53,36,33
161,47,36,39
142,43,34,33
122,35,35,33
102,28,33,31
81,15,37,34
67,9,36,27
56,4,39,25
48,3,43,25
47,5,38,23
47,5,38,24
48,5,40,30
54,9,44,32
66,27,41,26
83,41,39,30
100,50,39,28
124,62,36,23
148,73,36,28
171,81,29,27
190,86,26,28
213,86,22,29
229,86,23,26
243,88,24,23
249,85,29,24
256,82,24,26
258,79,26,28
256,75,28,31
252,75,28,32
243,75,34,36
238,76,33,42
225,85,36,32
215,93,34,29
201,100,34,28
183,107,33,35
168,112,35,35
151,116,36,33
132,118,31,30
110,114,36,33
95,119,33,27
85,124,40,24
78,129,35,25
71,133,35,28
68,139,36,33
75,144,36,38
82,160,37,35
84,165,38,37
93,174,39,37
96,178,42,37
109,186,40,38
113,190,45,38
136,204,43,36
165,218,43,33
180,224,46,32
204,228,46,34
213,226,47,38
238,229,43,37
252,225,40,46
260,224,43,38
269,219,39,41
273,215,37,44
269,215,41,35
269,216,36,34
265,214,33,41
255,217,35,39
243,220,37,36
225,223,43,39
206,229,40,42
188,233,48,39
165,235,43,44
148,237,44,41
127,232,45,39
113,229,45,34
101,225,41,36
88,220,45,36
86,214,41,39
84,212,42,37
85,215,40,35
87,218,41,37
96,221,42,37
107,226,41,41
122,235,46,38
145,247,43,36
160,251,49,38
180,254,55,37
204,253,54,31
218,248,46,35
240,242,44,29
252,235,42,32
264,227,37,35
272,222,35,33
279,217,33,31
279,216,34,33
279,214,30,32
275,215,32,34
265,217,37,34
253,219,42,39
243,223,39,39
216,226,45,39
197,226,51,41
177,225,51,39
149,219,51,34
119,209,50,30
96,190,44,37
78,172,42,37
59,147,43,43
49,138,40,37
42,116,37,33
39,101,35,29
39,101,35,29
39,101,35,29
47,66,30,32
52,63,33,30
64,59,38,26
74,59,38,25
89,58,42,29
110,58,40,27
133,57,41,30
153,61,42,36
177,62,34,36
198,62,31,35
217,62,34,37
231,59,35,34
241,59,33,38
247,54,35,35
251,48,34,38
253,43,34,41
250,45,35,35
246,48,35,34
242,51,34,39
235,55,32,39
218,62,34,32
208,70,30,29
193,71,27,31
174,71,31,36
153,69,38,37
133,68,36,31
114,61,34,27
97,55,37,29
84,47,37,31
70,44,42,28
61,40,45,24
62,37,47,28
64,38,45,27
74,38,40,29
84,40,40,32
95,49,41,31
111,58,39,28
135,68,36,28
152,76,44,33
173,84,40,40
196,89,35,33
214,91,39,31
231,97,41,31
250,99,33,28
258,100,34,30
268,102,35,30
277,106,35,32
283,113,30,32
284,123,33,34
286,136,34,39
278,144,38,45
268,161,45,41
248,168,46,45
231,181,46,34
202,183,46,38
172,182,52,41
146,179,52,41
103,164,60,50
91,158,49,43
84,154,42,46
59,139,44,47
42,129,41,46
42,129,41,46
4,93,36,39
4,93,36,39
4,93,36,39
12,104,30,31
12,104,30,31
12,104,30,31
12,104,30,31
12,104,30,31
56,166,23,27
56,166,23,27
97,207,27,31
135,230,33,29
178,246,30,29
204,245,27,32
211,243,28,33
236,241,32,31
254,239,32,35
260,233,38,38
265,226,38,38
268,223,37,38
267,220,38,39
265,221,36,39
258,224,41,41
251,228,41,41
239,233,43,37
219,239,44,37
202,238,53,38
172,234,60,46
155,230,52,39
138,216,52,37
120,203,46,34
110,179,42,43
100,152,36,52
88,140,36,43
84,118,38,40
80,100,38,34
77,80,41,34
80,64,39,35
79,47,39,36
81,32,38,41
83,17,41,43
87,12,40,37
91,7,40,41
97,7,37,38
104,2,33,42
108,4,33,42
112,4,36,42
116,8,37,43
119,21,38,41
128,34,33,45
135,50,30,40
138,69,32,40
144,88,34,44
148,104,34,49
151,123,35,54
159,149,28,45
164,170,31,43
163,177,34,46
87,200,34,42
81,183,32,40
81,183,32,40
81,183,32,40
64,144,30,35
64,144,30,35
64,144,30,35
64,144,30,35
64,144,30,35
64,144,30,35
64,144,30,35
64,144,30,35
64,144,30,35
64,144,30,35
64,144,30,35
64,144,30,35
64,144,30,35
64,144,30,35
64,144,30,35
64,144,30,35
64,144,30,35
89,86,35,42
100,109,35,40
117,148,38,37
129,170,38,43
142,189,39,47
154,216,39,48
169,240,38,51
181,258,41,56
193,280,39,57
203,291,36,56
212,306,40,48
217,311,43,45
228,316,40,41
236,313,38,42
247,301,33,45
256,277,35,49
263,260,40,48
269,237,42,52
276,217,38,57
281,195,36,53
285,175,33,51
286,156,30,49
284,142,30,43
282,125,31,42
279,111,28,44
269,100,32,40
260,90,34,42
259,88,33,43
253,83,34,41
248,86,38,38
235,75,38,42
220,69,32,44
200,61,32,44
179,59,32,47
157,59,39,47
131,62,41,52
98,71,46,47
77,76,46,42
54,71,40,44
54,71,40,44
54,71,40,44
54,71,40,44
54,71,40,44
54,71,40,44
54,71,40,44
54,71,40,44
54,71,40,44
54,71,40,44
29,145,46,47
51,158,48,42
71,170,44,39
93,178,47,35
120,183,48,41
142,185,51,43
158,184,47,45
171,186,50,44
188,187,43,46
201,187,39,47
210,188,36,47
219,192,36,39
228,197,33,37
236,199,31,40
240,201,32,42
243,208,38,44
244,213,39,45
243,217,34,48
239,223,35,43
235,226,37,38
230,230,38,36
226,235,36,38
217,238,39,40
206,243,45,42
207,246,36,40
201,246,42,39
197,247,39,37
197,244,35,39
196,242,34,42
198,239,36,41
200,240,32,38
203,234,31,38
203,235,32,38
204,233,31,42
205,233,30,43
205,234,32,42
204,235,30,41
199,235,31,41
195,238,32,37
188,240,34,39
176,238,38,42
167,237,38,40
159,237,32,44
148,235,31,40
133,232,37,37
118,229,44,36
108,226,49,37
102,222,39,42
92,220,42,41
92,221,39,37
91,224,39,33
94,223,38,40
103,223,35,43
110,222,40,47
120,225,43,43
140,238,42,36
74,257,37,36
86,261,35,37
97,263,34,39
110,265,29,33
120,258,29,36
128,255,28,36
136,252,26,33
143,249,21,32
142,243,22,30
142,242,21,26
140,243,22,27
136,245,26,23
130,246,26,25
122,248,28,27
110,254,29,26
99,253,26,29
84,258,28,32
76,259,25,32
134,239,29,28
123,239,37,28
92,228,44,34
70,221,51,39
57,216,50,36
45,211,50,39
47,209,39,36
43,205,40,40
42,206,41,39
50,206,40,41
55,210,42,41
68,216,47,40
82,221,46,41
97,226,42,38
115,230,46,32
139,232,55,29
153,229,54,32
174,221,56,34
189,214,48,41
204,214,44,34
214,205,39,40
219,202,41,33
224,197,37,33
228,197,33,33
226,195,34,37
220,196,36,38
218,197,37,38
211,200,40,39
208,200,41,39
202,200,36,42
189,199,42,47
172,202,50,41
161,206,43,35
149,201,41,31
135,200,47,30
125,194,42,32
118,193,39,28
113,187,36,31
110,183,37,33
109,180,33,35
110,178,29,35
112,177,29,30
119,175,28,27
120,173,31,28
126,173,31,27
133,168,31,30
138,168,32,29
143,164,33,31
148,161,31,36
151,160,34,36
155,160,30,33
157,157,33,33
159,157,32,33
159,157,31,33
160,155,30,37
160,155,28,37
160,154,27,36
157,154,27,33
157,153,26,34
155,151,27,37
152,152,29,35
151,153,30,36
151,157,29,33
150,158,30,34
150,160,29,30
150,162,27,31
150,164,27,30
149,168,29,26
149,170,27,27
148,172,27,26
147,173,29,25
148,173,23,27
147,174,23,24
146,175,25,25
144,175,25,27
144,177,28,24
143,176,27,26
144,180,23,23
141,180,24,23
142,179,27,26
138,181,31,23
142,180,28,26
143,181,28,24
143,180,29,25
144,179,29,24
145,179,29,25
146,178,30,26
146,177,28,25
148,178,26,24
149,175,25,25
147,175,24,22
146,177,28,20
148,176,26,22
149,174,26,26
148,175,27,24
146,175,28,25
145,177,27,22
146,179,25,19
145,178,25,21
147,177,23,22
140,178,28,21
139,179,28,20
137,180,31,19
139,180,27,20
137,178,26,23
139,177,23,27
135,179,25,22
140,179,23,23
139,178,24,27
137,181,25,23
133,179,31,23
137,179,30,25
130,179,35,27
129,179,37,31
127,181,38,29
127,183,39,24
126,182,41,28
124,185,43,26
123,185,42,27
126,185,40,31
121,186,46,31
127,188,40,33
126,188,41,35
125,190,45,35
123,192,46,37
126,196,41,41
129,201,41,36
129,208,38,34
135,208,33,38
132,213,42,36
140,215,33,41
137,218,39,39
137,224,38,39
144,227,36,36
140,232,42,38
136,235,50,38
143,234,45,44
140,239,47,40
143,240,50,38
138,243,53,40
141,244,55,39
136,245,56,39
153,248,43,34
155,252,37,32
156,256,33,35
157,258,33,34
158,259,29,41
159,262,31,40
158,262,32,42
159,265,37,37
158,264,38,41
163,268,31,38
163,265,35,45
166,264,37,47
169,265,33,46
171,266,37,43
175,264,31,47
178,265,31,48
181,264,31,51
181,265,31,46
186,265,30,45
184,265,31,42
185,264,28,47
186,264,27,45
186,264,26,44
185,265,27,42
180,263,31,48
178,264,30,46
176,263,29,50
174,265,29,46
171,266,31,43
169,267,33,40
165,269,36,39
161,268,39,44
160,269,38,42
159,271,36,38
159,270,36,40
158,272,37,38
157,270,37,40
158,271,36,39
161,269,31,40
162,266,31,44
162,266,35,42
162,264,36,45
165,262,37,46
166,261,35,46
168,260,32,47
168,261,33,46
169,259,31,49
168,258,31,47
167,260,32,42
165,260,33,44
163,260,33,44
161,260,33,44
159,260,36,40
155,260,37,41
151,260,38,41
148,263,40,35
148,260,36,38
146,261,33,39
146,263,29,37
146,262,30,39
146,266,29,39
146,266,29,42
147,268,32,42
148,272,33,39
150,272,36,41
151,272,40,42
160,272,39,42
163,272,38,44
169,271,37,45
175,269,38,48
183,268,32,51
186,267,33,46
189,266,34,40
194,264,29,45
193,264,30,43
193,263,31,43
191,261,31,40
188,260,30,42
182,262,36,43
176,261,36,47
168,260,39,52
162,265,42,44
152,268,49,41
144,267,41,45
144,269,35,46
136,270,38,46
130,272,38,42
129,272,36,39
130,274,34,34
130,274,35,34
132,276,36,33
131,276,41,36
140,278,38,36
149,275,36,36
157,275,37,40
167,276,34,37
172,272,35,42
179,271,37,44
189,267,33,48
195,266,32,45
198,264,33,43
199,265,37,43
201,263,34,40
200,263,32,39
199,263,31,42
196,265,33,44
191,267,33,44
184,270,35,46
176,272,36,50
169,273,38,52
160,277,41,47
153,281,42,46
152,283,35,43
144,287,40,36
144,286,34,36
143,288,34,34
145,288,35,36
145,290,37,32
150,290,36,32
159,287,33,36
164,283,34,42
170,277,35,42
176,273,35,43
182,270,34,47
190,266,31,44
190,263,33,43
193,260,33,46
194,259,31,46
193,257,31,46
194,259,29,42
192,258,32,40
192,258,30,40
189,261,30,40
182,264,33,38
176,266,33,41
172,264,36,43
165,268,40,38
163,269,39,40
161,270,38,41
160,273,35,36
159,272,33,39
158,269,32,40
158,266,30,38
159,262,28,41
159,255,32,42
159,250,28,43
160,248,26,41
159,249,27,36
158,249,25,42
156,249,27,44
154,253,28,41
152,258,30,39
152,258,29,42
154,260,34,39
155,261,37,38
157,262,43,41
163,259,39,50
167,257,41,52
174,255,36,53
181,252,35,46
188,249,31,44
190,246,29,44
191,245,30,38
192,244,30,39
191,246,29,40
191,248,31,41
192,248,27,43
190,248,28,41
190,247,26,41
187,248,28,40
185,243,27,45
179,238,30,51
173,238,31,47
170,237,29,40
160,237,33,38
155,237,34,35
147,237,34,36
137,239,35,29
131,237,35,34
125,234,35,34
121,234,37,35
120,229,33,38
120,229,34,36
124,228,34,34
128,223,31,36
134,219,32,35
140,216,33,33
146,211,32,34
153,205,30,31
159,201,33,36
165,198,31,36
168,198,33,39
172,199,33,39
175,199,34,38
172,198,35,44
170,196,35,50
168,194,35,53
161,194,40,54
160,195,33,56
152,196,39,60
143,199,45,55
131,207,49,47
120,207,50,50
108,211,53,48
99,207,55,47
93,206,51,48
89,203,49,50
87,200,50,50
87,206,47,47
93,210,45,50
98,212,45,51
106,218,47,44
115,217,52,48
127,219,60,44
145,217,52,47
163,216,54,57
176,213,60,56
193,205,50,65
209,196,41,58
222,186,51,57
237,180,57,55
255,178,48,54
265,168,50,61
282,164,58,61
298,157,70,64
325,149,70,68
360,139,76,64
388,128,63,81
423,119,69,95
446,98,68,83
467,103,71,66
467,103,71,66
504,122,68,63
504,122,68,63
504,122,68,63
465,208,87,66
453,217,84,74
441,220,73,80
423,228,76,66
401,212,72,73
385,208,67,80
376,204,76,74
366,200,70,77
362,192,68,83
360,199,65,74
358,198,61,74
357,195,59,73
359,191,62,73
357,192,70,77
355,189,70,78
358,193,77,73
360,195,77,71
365,193,80,72
373,195,87,70
384,194,85,72
401,196,89,77
418,197,103,86
425,194,95,82
450,200,81,74
468,196,78,80
468,193,77,80
472,190,81,77
459,185,91,92
452,183,91,90
436,185,79,92
415,197,88,83
389,204,97,80
362,216,98,81
336,218,76,89
320,230,68,88
298,238,75,78
284,243,71,67
273,246,59,61
262,247,60,62
255,251,64,57
258,258,62,65
261,260,69,73
278,269,67,78
289,285,77,72
314,297,65,61
334,309,67,49
368,321,60,49
395,316,59,44
424,333,64,45
444,337,66,32
469,334,63,24
416,317,73,31
493,323,77,28
500,317,74,30
514,311,68,38
514,300,64,46
513,288,56,57
505,283,59,66
494,278,61,69
476,271,58,73
450,266,70,74
423,269,79,78
400,273,74,65
374,270,77,71
340,270,75,72
307,263,83,84
277,271,90,71
248,267,83,74
205,265,88,72
182,265,69,77
159,263,69,85
120,265,75,87
88,265,82,94
68,278,87,84
47,282,87,77
39,288,86,71
39,288,86,71
29,294,81,72
52,276,73,65
49,287,61,64
67,286,47,53
82,298,39,48
122,313,44,41
137,328,38,30
169,337,34,32
203,323,35,35
203,323,35,35
203,323,35,35
203,323,35,35
203,323,35,35
203,323,35,35
203,323,35,35
203,323,35,35
203,323,35,35
203,323,35,35
203,323,35,35
203,323,35,35
203,323,35,35
203,323,35,35
271,326,34,30
271,326,34,30
238,327,35,25
221,320,32,28
239,324,33,24
222,320,33,19
212,320,35,16
209,322,34,17
194,319,33,18
195,321,30,17
196,323,29,16
199,326,28,16
208,333,24,17
182,329,23,13
178,319,21,13
192,319,22,17
204,325,24,16
220,332,27,17
236,337,29,17
236,337,29,17
236,337,29,17
236,337,29,17
236,337,29,17
