385,43,252,313
341,38,283,289
315,55,297,304
342,23,301,333
299,11,320,366
339,14,289,346
338,10,299,376
354,27,235,301
337,44,247,296
355,40,281,302
367,18,239,354
369,12,243,344
362,47,236,313
362,44,259,316
350,35,257,312
362,31,277,313
353,45,270,314
375,24,240,336
366,37,235,327
380,46,241,306
377,63,232,293
392,39,234,322
376,59,243,299
370,81,237,248
391,71,221,275
366,76,238,289
400,68,205,265
397,73,199,262
374,72,230,249
380,83,242,251
390,73,221,268
385,65,226,292
416,74,180,253
399,75,195,253
411,88,186,253
419,79,187,268
411,78,185,277
406,81,191,263
399,84,200,264
393,87,205,257
395,80,199,258
410,76,191,269
402,79,192,246
414,77,184,251
417,70,174,247
408,87,182,207
409,73,172,221
415,72,159,236
417,70,157,216
422,84,149,194
429,84,134,178
431,85,133,164
435,81,125,170
439,91,118,167
441,55,118,190
426,57,142,195
427,68,142,207
429,74,143,171
429,88,149,152
428,92,148,146
435,89,142,144
425,90,163,142
425,91,162,145
427,87,153,154
432,87,145,153
424,80,168,174
432,88,155,161
430,77,168,166
432,86,167,158
432,84,163,160
439,87,144,154
447,78,135,173
440,70,147,185
445,87,131,160
442,74,140,191
443,68,141,199
451,73,137,211
445,81,147,202
435,82,162,220
434,86,169,226
425,76,181,254
426,65,197,268
417,67,199,262
415,57,201,274
410,64,223,272
399,79,228,265
419,85,210,251
423,74,210,265
429,71,191,276
437,83,195,252
433,81,184,243
420,75,218,269
416,68,198,289
408,69,229,282
406,61,220,293
409,40,221,320
374,49,256,317
405,66,218,261
417,59,208,279
410,71,198,275
413,63,209,283
407,41,223,312
403,61,226,260
405,76,226,245
400,73,233,268
399,59,224,288
397,39,220,301
396,41,225,304
422,44,194,311
412,50,190,303
427,44,197,307
413,68,214,279
398,73,219,288
409,60,194,297
410,83,215,267
421,81,190,259
423,73,203,263
417,71,213,283
427,66,198,288
421,53,202,297
403,73,226,279
430,58,209,278
425,59,198,284
420,57,202,281
410,67,229,274
419,81,207,252
427,73,187,267
428,76,196,255
438,88,177,235
450,75,163,245
457,66,146,261
455,75,151,265
453,71,141,260
447,71,150,273
447,65,154,262
437,78,154,259
427,78,161,254
431,77,161,240
435,77,154,219
433,88,148,195
432,86,143,198
440,90,131,165
451,83,116,166
451,90,126,155
455,99,125,136
460,56,111,170
466,54,109,181
457,56,121,181
457,58,125,183
444,63,135,192
448,73,134,190
447,79,140,174
440,72,146,186
442,70,141,182
444,65,132,191
447,67,126,180
440,66,129,187
430,80,142,166
441,88,122,157
429,81,145,171
429,80,138,160
421,73,160,182
434,86,146,164
435,70,143,186
431,84,150,172
444,95,135,138
449,105,128,130
464,109,111,131
466,82,105,146
435,95,125,147
434,104,135,133
451,111,111,119
425,88,123,140
438,94,115,147
444,106,110,129
446,69,100,157
446,89,100,143
435,98,110,135
433,100,127,133
438,102,125,133
437,109,134,120
433,108,159,117
432,101,142,135
448,108,115,117
437,115,130,122
435,84,153,139
441,87,134,148
434,91,139,149
434,93,137,160
445,102,133,158
433,119,148,135
431,98,156,149
439,99,149,153
429,110,166,134
427,60,160,172
439,106,164,163
425,104,199,157
419,109,202,143
420,110,211,143
422,113,207,141
439,113,197,139
421,104,220,156
430,105,203,158
425,97,220,179
425,96,223,201
422,89,207,246
427,79,195,276
432,81,192,277
440,85,188,275
442,93,192,262
444,91,188,254
444,92,185,266
437,89,192,262
439,88,180,262
453,102,167,237
458,84,153,218
449,104,164,197
439,96,179,219
428,95,190,230
430,87,168,247
395,58,200,256
433,84,163,219
424,82,168,245
413,76,174,263
424,76,164,264
411,83,188,251
409,85,190,269
415,73,188,276
407,67,181,285
450,84,139,263
442,62,126,249
429,73,143,228
435,85,128,190
441,101,130,156
433,91,132,175
440,105,126,154
445,95,116,163
436,98,121,156
431,109,140,142
433,114,132,131
427,101,132,150
433,112,127,125
426,105,138,133
426,97,138,150
436,92,121,162
431,102,135,143
431,97,138,139
431,98,134,147
434,105,132,132
431,106,142,125
443,113,128,118
428,112,153,129
424,120,167,120
418,117,158,126
413,116,156,131
427,114,136,135
417,98,150,150
430,95,134,143
431,100,127,134
431,97,121,142
431,105,124,126
427,112,137,123
426,111,134,124
436,109,119,119
446,116,102,105
433,111,112,116
429,113,123,120
433,116,121,128
428,98,118,133
431,111,128,117
428,109,138,114
426,117,150,105
423,112,155,122
416,111,162,118
429,112,155,117
430,110,153,111
419,114,172,105
415,110,169,114
422,109,160,126
417,110,171,127
416,110,184,125
421,110,159,120
424,110,166,131
412,108,190,122
427,112,173,115
417,104,182,122
413,100,174,134
415,100,172,137
416,100,190,140
420,90,159,161
432,80,129,168
439,67,98,191
427,59,125,200
429,56,139,194
434,58,134,193
426,70,138,180
427,80,139,156
437,90,131,140
438,87,122,158
439,93,118,141
436,92,123,158
434,81,113,183
431,86,138,171
435,83,115,175
436,68,106,196
434,75,111,184
434,61,107,199
430,51,116,217
432,59,121,212
432,65,133,187
431,67,137,181
430,64,127,184
435,64,138,191
433,88,148,165
438,91,139,143
441,87,124,150
443,84,109,154
446,63,108,182
443,75,123,168
453,66,111,176
455,67,108,174
444,77,127,171
446,71,125,175
444,69,124,195
445,60,128,212
437,73,138,206
437,83,145,197
434,91,151,174
423,101,164,156
418,100,174,153
414,96,176,156
426,92,156,158
419,99,174,146
417,100,169,156
408,108,183,144
406,112,185,137
414,118,181,126
414,116,188,123
412,110,182,132
418,104,169,145
420,106,174,151
421,106,168,150
422,105,156,149
420,99,160,152
426,98,146,149
433,79,147,183
428,74,151,193
423,73,160,182
419,63,166,210
408,54,186,231
409,52,184,275
407,49,181,280
408,70,190,263
413,68,184,251
425,74,164,251
425,69,170,265
418,76,179,265
433,88,167,253
435,67,160,256
414,88,168,236
416,65,167,241
415,78,178,266
423,72,167,288
414,69,156,293
416,77,164,283
411,85,178,270
409,50,175,269
410,69,170,267
425,85,158,254
426,50,147,268
422,79,150,244
430,100,141,221
430,72,140,199
422,86,154,182
429,98,139,151
439,109,126,141
445,75,117,158
448,76,112,165
448,77,111,169
446,84,115,157
442,94,120,149
447,110,113,127
458,98,100,146
448,88,122,158
442,100,123,144
452,101,112,149
445,114,123,144
456,84,115,160
439,79,133,175
451,73,121,192
446,63,126,198
460,54,114,214
457,64,121,197
481,64,96,195
468,78,115,177
456,78,128,173
443,87,143,150
433,92,157,145
441,94,143,150
448,91,132,155
443,108,143,125
446,108,133,135
446,115,133,119
454,102,125,135
465,104,115,124
472,111,106,115
476,112,114,98
483,117,99,80
475,115,115,91
481,130,98,76
472,124,117,83
488,126,104,90
494,131,93,99
496,123,94,111
498,113,91,109
508,101,75,110
522,112,67,108
464,8,62,117
463,14,71,101
466,15,80,109
478,14,73,102
486,9,81,115
494,9,78,117
509,6,77,128
517,6,78,129
524,6,86,126
531,8,92,125
539,12,89,121
547,14,84,120
556,11,78,136
559,9,82,147
570,21,74,136
453,77,77,143
459,60,60,158
461,42,68,165
450,74,78,170
452,63,83,182
455,54,80,188
446,47,92,207
442,51,107,208
437,50,112,224
419,71,136,206
409,74,150,241
393,72,169,264
386,73,171,274
381,78,186,287
364,78,211,286
367,65,209,300
363,50,217,313
352,68,252,298
356,71,245,278
367,63,224,301
354,57,242,326
357,64,238,268
374,69,223,293
360,51,238,328
356,74,241,308
367,52,207,306
355,54,208,321
344,37,220,336
348,43,226,342
354,50,202,335
368,52,190,326
364,55,195,312
362,65,207,298
363,60,208,286
368,52,197,307
368,48,207,310
367,54,210,306
357,61,223,295
361,58,206,304
366,47,209,313
361,57,220,301
367,48,211,312
379,47,198,312
359,46,234,318
358,39,216,313
372,62,208,307
362,51,227,325
370,43,209,310
377,43,195,314
373,44,209,308
376,53,206,304
373,41,199,311
370,49,211,301
370,46,201,317
360,53,218,308
370,43,209,292
355,52,226,292
347,64,229,293
327,62,242,298
339,57,213,316
345,57,197,291
345,56,182,301
348,59,191,307
338,66,193,298
338,69,199,288
337,72,189,279
343,71,167,283
338,59,167,298
335,64,172,287
338,76,157,270
334,78,162,281
331,70,162,279
316,71,179,283
324,78,168,279
320,79,171,279
322,86,167,266
319,90,163,266
309,85,182,267
308,75,163,287
314,83,157,273
313,92,155,261
312,92,154,259
314,93,155,247
319,96,141,248
317,89,141,252
319,86,145,255
314,89,157,242
316,91,151,242
312,88,160,237
312,87,155,247
309,87,157,258
306,83,162,258
317,76,147,273
324,75,144,269
328,67,143,271
342,67,127,285
335,69,131,274
342,73,128,285
345,64,121,264
344,68,124,270
345,55,132,285
345,46,140,280
355,44,134,303
356,27,140,325
359,35,147,323
361,41,154,323
370,33,140,330
371,17,142,362
360,44,153,318
364,18,143,337
380,37,134,334
374,19,151,330
350,6,186,374
385,18,136,337
411,5,106,357
405,5,99,366
415,8,108,350
413,0,119,375
409,-4,107,365
422,4,107,353
406,2,120,355
420,0,119,331
400,13,141,328
381,10,179,346
370,26,182,327
336,22,220,339
352,32,217,309
365,34,213,308
327,54,243,319
330,69,253,284
336,68,233,291
340,90,225,253
345,94,218,249
346,89,200,258
361,86,198,248
365,95,184,237
382,73,155,252
398,84,148,247
400,73,133,253
398,69,135,244
401,73,143,221
404,77,141,208
411,82,132,174
412,95,129,147
426,109,110,118
422,116,131,105
419,116,133,100
414,118,139,92
413,120,141,106
423,113,131,101
419,115,139,97
417,117,146,91
420,116,145,86
420,113,146,86
432,111,129,90
436,115,133,86
436,124,117,72
453,118,107,72
442,120,118,67
437,117,118,68
447,116,109,74
443,117,123,71
430,117,140,75
435,123,144,76
439,124,138,81
440,122,140,84
442,121,137,88
438,129,145,80
439,133,142,81
432,137,156,82
438,110,151,103
446,105,136,119
435,112,148,121
438,111,143,136
444,96,131,160
445,95,133,170
454,83,119,188
455,83,120,198
456,97,113,180
463,82,110,159
459,73,115,182
457,76,118,192
458,74,114,199
452,73,125,221
444,77,134,238
445,68,129,280
444,72,131,263
439,73,153,280
434,58,147,264
433,69,150,293
427,64,155,289
420,64,167,284
413,62,170,286
406,90,187,254
393,96,197,253
399,77,193,276
400,71,188,280
388,79,200,271
380,66,207,297
375,69,217,290
379,77,209,284
378,67,220,308
395,52,193,311
397,51,191,310
409,76,179,289
403,72,202,297
375,58,198,310
384,70,197,287
405,79,176,275
381,70,219,284
395,58,227,305
413,32,201,332
419,38,190,316
418,5,193,350
415,17,194,337
417,27,197,302
448,13,214,325
456,-21,174,368
465,-6,163,372
457,3,172,350
439,-5,202,362
418,4,223,364
392,10,255,355
409,18,221,350
396,17,228,344
394,15,222,351
399,26,218,339
395,5,217,365
394,4,224,368
408,2,210,360
402,15,212,343
425,14,193,348
454,37,159,310
456,12,139,323
438,9,166,365
417,8,192,352
393,16,222,338
385,18,241,340
387,4,228,338
402,2,211,353
374,20,255,322
371,26,268,327
368,6,277,344
317,13,316,353
345,39,300,297
375,47,309,296
295,30,346,299
321,3,324,334
325,55,313,276
285,45,357,292
325,72,305,244
304,53,307,260
285,30,328,317
305,8,323,313
254,13,371,339
237,11,401,351
171,20,454,339
204,2,464,341
151,3,471,398
257,-22,417,383
199,2,449,364
289,12,390,352
213,-9,409,398
297,-14,379,369
218,-7,435,390
212,-1,433,338
144,31,432,306
287,41,390,295
238,34,405,327
219,-11,402,372
236,26,388,340
226,-20,412,371
172,24,488,317
102,26,539,334
164,5,555,379
81,14,587,358
125,-8,580,365
49,21,626,343
41,-21,640,400
21,10,637,367
41,23,640,353
37,20,668,338
46,15,667,342
122,18,585,364
58,6,619,353
73,30,614,349
157,-24,530,425
83,-1,560,391
90,31,589,317
44,48,613,307
82,18,595,353
-14,1,689,386
-26,12,704,384
0,31,702,365
15,-11,682,414
2,7,649,384
40,15,641,355
-7,38,688,337
27,20,699,380
-61,46,775,352
-9,41,721,367
-37,-12,738,393
8,18,686,354
37,10,680,355
-26,40,726,329
-31,-20,769,384
-34,4,756,365
-9,10,738,370
-31,27,711,350
-24,18,681,344
-13,34,715,310
-35,27,712,330
-38,44,743,336
-56,9,733,374
-49,-22,721,409
-47,12,713,369
8,8,681,378
-48,51,722,320
20,15,672,353
-25,10,739,367
-22,-17,735,415
-33,18,721,384
-67,-13,795,427
-75,18,803,394
-55,-8,768,425
-41,13,811,389
-66,-15,783,412
-60,8,764,396
-59,38,743,369
-56,-24,767,442
-56,16,763,367
-63,36,744,361
-60,-24,743,419
-50,0,742,389
-62,7,742,382
-72,0,790,398
-85,-6,822,397
-39,3,737,390
-67,19,750,367
-86,-5,807,385
-48,8,759,380
-44,-16,702,425
-13,7,737,374
-57,-35,785,434
-40,10,724,382
-36,10,710,391
-73,32,764,356
-58,8,769,394
-49,-13,765,407
-53,-5,737,422
-21,2,755,400
-52,-28,755,430
-41,36,761,366
-52,-19,738,394
-40,26,701,367
-62,44,779,350
-73,8,786,385
-60,-28,777,433
-28,-6,715,405
0,17,658,366
-20,27,700,348
-25,41,716,345
-19,41,752,349
-61,11,777,382
-54,5,799,386
-69,44,792,345
-90,-14,785,402
-46,-2,742,395
-60,19,754,364
-60,-21,765,414
-56,30,753,360
-28,50,721,348
-78,-13,765,382
-73,1,794,381
-53,18,782,360
-64,9,778,377
-17,28,746,352
-52,-26,748,411
-50,31,771,350
-30,46,721,331
-20,29,709,357
-45,20,740,361
-30,52,718,349
-16,10,715,386
-34,18,756,385
-22,23,736,389
-48,-2,737,399
-39,13,742,373
-40,52,747,345
-63,0,758,371
-38,11,758,368
-23,49,726,321
-71,2,758,403
-64,-2,796,395
-90,37,818,355
-49,24,776,374
-34,37,739,369
-68,-33,795,417
-70,5,773,385
-14,-1,700,391
-40,24,707,360
-31,11,743,368
-39,5,740,383
-80,32,734,366
-18,-11,707,411
-44,43,708,329
0,2,700,375
-29,23,751,347
-102,-18,838,394
-36,21,782,382
-50,-35,763,409
-41,14,734,384
-38,42,722,356
-16,17,711,373
-43,39,718,358
-15,4,700,383
-50,25,755,357
-85,-15,779,389
-61,13,767,382
-21,6,755,378
-2,-15,696,402
-13,13,717,383
-40,-70,718,448
-42,-16,739,401
-76,20,748,371
-51,42,797,340
-52,8,786,395
-61,22,780,368
-57,23,763,381
-27,37,773,362
-17,-61,693,433
-67,4,748,352
-45,16,728,361
8,22,685,354
-7,21,712,363
-15,-7,698,389
-17,7,702,374
-56,2,751,382
-44,8,737,408
-65,-1,803,405
-78,19,783,392
-9,2,720,402
-29,22,735,374
-56,-7,763,412
-61,26,760,379
-24,40,710,364
-46,8,732,382
-53,37,748,372
-73,20,780,383
-51,19,797,394
-47,9,763,394
-36,42,777,362
-27,35,754,371
-71,-13,775,414
-48,5,748,390
-63,-75,758,468
-61,-22,754,413
-26,0,721,378
-13,20,686,358
-44,40,717,325
-33,13,728,376
-49,14,738,379
-63,-12,750,415
-43,-17,718,411
-33,5,740,400
-75,35,791,352
-95,26,828,353
-67,16,812,358
-41,0,755,397
-57,11,766,402
-78,-31,761,425
-78,-4,764,387
-36,38,737,340
-45,30,737,358
-69,17,768,376
-16,16,710,386
-65,-6,782,399
-3,32,702,365
-49,7,750,384
-50,0,742,392
-54,25,749,372
-48,15,758,382
-39,19,728,384
-39,25,734,373
-1,41,716,371
-45,-14,726,380
-34,12,725,368
-33,-2,760,394
-43,-14,768,394
-55,7,743,387
-57,1,806,398
-60,17,781,381
-46,13,764,370
-60,29,740,349
-49,-14,777,405
-61,19,741,390
6,5,708,378
-20,39,708,352
7,43,699,339
20,29,671,373
6,43,716,345
-35,35,758,344
0,31,720,359
7,8,702,405
-49,-9,754,390
-24,8,707,362
-26,2,732,378
-33,15,727,369
7,37,697,347
-27,1,737,392
-8,10,733,373
17,1,687,392
17,29,683,361
-16,37,711,349
-30,14,753,373
-6,22,712,377
-48,-5,746,399
-37,10,709,376
-21,22,732,357
-42,14,763,376
-32,-28,738,415
-37,21,744,381
-27,0,721,399
-50,-2,691,398
-5,13,678,368
-14,41,712,332
-12,33,712,343
-7,44,700,340
-13,-32,677,432
-39,22,761,351
-25,27,737,352
-53,21,767,365
-50,13,766,380
-44,-9,754,408
-61,16,753,373
-49,-26,751,408
-59,-4,808,395
-44,18,755,368
-54,18,766,371
-39,-27,754,431
-35,29,720,369
-27,17,717,385
-74,-36,742,423
-64,-9,752,420
-83,12,750,387
-53,22,740,368
-41,4,773,393
-46,20,748,379
-76,-54,756,465
-65,-27,743,438
-68,23,728,400
-21,30,695,360
-48,31,742,359
-54,42,754,334
-35,13,722,371
-51,7,763,364
-47,17,758,339
-55,22,723,347
-58,27,747,344
-33,10,694,383
-24,2,698,400
-52,17,781,370
-37,4,705,377
-47,30,694,344
-55,-11,701,408
-41,-3,704,397
-29,-57,704,430
-8,-10,695,397
-10,-15,699,396
-36,25,703,366
-12,16,681,364
11,10,667,375
14,35,673,352
-14,-5,675,386
-21,6,719,393
-12,9,684,372
-54,23,744,355
-8,35,680,328
-15,-4,719,374
-66,3,772,390
-32,-7,714,413
-17,13,702,379
-43,3,734,371
-24,14,698,367
-32,43,697,328
-1,46,682,344
-33,-16,738,405
-54,15,748,378
-22,19,725,381
-7,29,687,369
-6,-10,691,389
-18,12,712,369
-19,-18,697,401
-48,-3,714,404
-28,4,735,379
-7,9,692,372
-11,8,691,373
7,4,687,378
-18,0,693,398
-4,0,684,397
-53,-27,735,407
-11,16,709,342
22,0,650,377
15,0,655,370
-8,-4,697,385
-55,4,755,387
-58,-2,765,394
-27,-21,715,397
-27,11,690,365
-29,-6,713,387
-30,9,723,372
-24,19,705,355
-21,12,742,369
5,25,687,335
-29,-10,729,384
-30,-6,723,402
-12,17,692,367
-10,30,697,356
-63,-19,743,411
-29,19,746,352
-54,-15,765,392
-27,15,714,359
-10,14,703,363
18,2,641,369
9,21,656,341
-19,-21,708,388
-32,14,691,366
-17,6,706,373
-49,-43,731,424
-33,-12,719,393
-34,23,741,345
-2,-8,684,372
-37,15,722,349
-25,3,762,358
-26,5,717,367
10,6,685,375
-44,15,736,378
21,-34,696,443
-3,8,714,391
-35,0,751,374
-6,14,700,355
-4,-43,693,446
0,-7,691,413
-20,-45,712,418
-58,-11,724,394
-51,5,712,368
-48,-8,762,407
-61,8,762,385
-31,-18,711,413
-33,0,705,379
-68,4,754,384
-28,14,746,380
-39,-26,741,417
-50,2,719,384
-31,4,712,365
-45,17,698,361
-28,25,693,358
-16,-53,658,427
