0,10,245,327
25,59,233,310
55,49,210,295
65,42,217,327
50,69,232,280
76,59,202,297
39,102,229,259
40,44,239,292
55,51,234,323
42,84,274,267
58,45,251,305
65,52,250,292
87,35,226,322
64,42,244,328
75,36,253,315
93,48,237,297
36,78,292,253
75,46,271,282
-15,65,350,292
34,97,278,250
94,52,235,244
82,60,225,288
125,20,192,287
110,31,203,327
160,28,152,334
152,-11,155,348
138,29,184,317
84,17,221,350
120,25,191,345
167,33,154,324
102,45,181,314
102,80,191,291
143,28,165,327
126,39,188,321
170,38,143,305
113,20,187,341
89,53,226,305
111,61,201,300
155,12,164,317
127,16,193,357
148,11,171,326
154,48,166,274
146,70,171,254
143,57,163,274
144,54,170,297
116,67,203,305
149,30,175,285
177,34,144,315
166,17,161,307
165,42,162,300
165,19,161,331
155,31,167,337
143,44,182,324
186,15,141,336
173,27,152,338
167,26,161,337
163,49,167,320
179,31,152,323
163,23,164,336
148,35,180,344
177,21,156,346
157,28,179,339
157,29,188,333
116,11,228,343
98,49,237,328
109,0,238,378
90,59,263,335
125,29,234,310
132,20,210,346
169,57,180,301
150,65,192,294
107,74,227,279
54,98,271,251
116,69,247,296
64,71,283,296
30,103,313,271
127,56,268,296
92,109,272,268
67,44,295,316
35,71,304,309
89,93,325,255
44,102,327,268
45,33,319,310
40,123,333,263
38,73,318,293
111,71,308,299
132,18,260,339
118,40,310,333
58,48,360,309
36,76,404,286
14,68,389,262
-10,99,395,251
42,64,403,287
57,68,385,277
44,70,347,255
13,112,354,265
25,40,369,316
0,56,442,326
-1,58,532,317
-12,41,592,305
-43,54,680,299
-27,60,677,309
-37,54,690,313
-13,29,682,338
-96,8,745,329
-84,34,753,319
-67,15,764,346
-87,14,777,338
-39,18,709,320
-49,24,726,316
-53,29,723,324
-72,32,732,318
-73,24,790,331
-47,17,730,340
-24,21,700,333
-38,28,713,322
-74,31,732,317
-112,31,783,323
-76,4,701,368
-34,-2,716,367
-47,23,696,343
-36,21,715,341
-65,19,724,328
-29,21,680,331
-69,38,713,315
-65,40,732,312
-63,26,720,321
-48,17,743,347
-39,2,739,364
-45,22,699,340
-39,27,748,342
-88,-1,751,359
-42,2,720,379
-69,-10,762,370
-69,7,746,346
-68,30,738,337
-20,33,716,327
-32,17,688,329
-70,35,715,327
-23,11,663,352
4,23,671,346
-47,34,744,323
-81,29,733,336
-37,18,724,337
-73,30,734,315
-35,14,721,359
-51,6,770,356
-39,17,711,326
-27,13,708,357
-12,9,697,339
-26,13,738,343
-67,34,748,329
-26,24,710,342
-28,33,703,333
-8,30,704,339
1,25,703,337
-60,8,737,360
-53,15,735,341
-27,8,715,368
-33,21,694,350
-65,40,729,333
-67,14,737,353
-26,17,694,340
-97,13,778,342
-44,5,733,350
-45,27,773,371
-10,38,704,349
-53,21,732,329
-45,52,726,335
-20,39,694,350
-54,29,732,352
-48,35,666,339
-30,78,676,296
-66,30,703,361
-80,28,741,337
-32,29,685,343
-36,26,649,316
-7,35,668,354
-64,-18,728,392
-68,15,788,351
-68,-4,742,363
-54,11,730,348
-45,57,722,306
-50,36,703,339
-51,9,703,346
-67,13,736,358
-42,1,714,359
-83,34,785,329
-85,41,782,342
-61,49,735,320
-54,34,719,324
-17,30,681,327
0,19,656,338
-12,14,675,320
-72,50,712,301
-75,53,744,305
-51,37,718,299
-93,24,732,328
-43,-3,672,353
-32,13,669,333
-45,25,701,327
-47,21,703,330
-59,-2,727,361
-28,26,692,349
-89,35,700,326
-81,21,735,336
-58,-11,725,387
-64,25,721,346
-68,41,717,326
-65,34,704,322
-59,39,719,326
-38,40,702,313
-66,18,719,339
-54,-7,709,381
-5,8,714,354
-42,18,695,354
-56,40,693,322
-13,37,692,313
-1,33,666,324
-46,68,698,290
0,29,659,330
11,32,648,325
-32,45,653,322
-41,22,692,325
-34,24,711,331
-11,32,650,316
-45,40,660,319
-73,58,706,293
-76,55,725,300
-64,48,720,309
-72,21,696,335
-52,23,663,334
-38,42,671,325
-16,30,633,330
-5,7,666,340
-37,28,652,347
-42,23,697,336
-53,14,697,341
-31,30,648,319
-15,58,688,298
-62,35,687,314
-38,27,712,321
-91,45,734,307
-49,7,720,321
-44,22,678,327
-62,19,686,322
-59,42,678,323
-34,50,676,309
-93,33,766,334
-41,21,694,338
-25,21,650,333
-37,17,693,320
-45,19,693,334
-45,22,684,319
-47,59,679,284
-42,36,683,314
-62,42,741,321
-60,32,724,327
-56,17,715,344
-72,19,749,338
-122,44,750,314
-103,28,775,316
-74,15,752,344
-92,-1,755,350
-59,17,736,353
-60,14,724,359
-42,34,697,341
-87,39,734,327
-45,13,725,345
-58,9,704,366
-56,21,722,341
-45,34,710,320
-77,55,709,309
-81,8,697,344
-77,4,771,351
-88,16,710,335
-94,13,787,313
-63,25,739,308
-39,18,759,326
-60,23,755,335
-56,15,755,356
-33,-1,684,375
-66,0,734,373
-30,11,736,345
-78,24,736,320
-40,9,678,340
-71,6,753,347
-31,20,674,350
-13,29,655,311
-62,23,697,312
-93,40,763,309
-55,22,706,336
-88,28,718,322
-68,27,743,331
-59,14,700,331
-96,24,756,311
-65,19,713,318
-49,4,672,338
-37,13,664,341
-19,29,662,327
-55,45,714,295
-40,25,732,310
-116,4,812,333
-69,23,782,319
-51,14,743,348
-25,-5,659,373
-40,24,685,342
-55,18,666,313
-57,23,704,313
-15,17,671,322
-43,10,685,334
-25,23,694,324
-36,-21,679,358
-53,25,638,324
-49,14,704,330
-72,26,720,317
-57,26,760,305
-31,-1,685,336
-46,21,688,326
-28,17,666,325
-61,23,729,306
-34,29,717,329
-71,12,722,336
-49,4,731,350
-62,22,714,341
-31,14,678,355
-27,11,657,364
-60,30,711,317
-49,14,726,321
-50,14,677,349
-29,7,691,352
-59,11,688,332
-24,20,619,310
-31,25,626,322
-14,1,656,352
-4,14,646,319
-30,17,633,314
-64,24,737,311
-73,16,726,312
-72,28,732,309
-53,22,694,336
-31,9,695,346
-51,23,682,331
-46,22,730,317
-85,20,742,322
-30,39,696,339
-72,40,737,317
-33,-8,763,338
-68,-2,724,338
-48,11,720,354
-17,22,696,325
-25,0,716,339
-22,11,686,350
-15,0,677,354
57,12,654,343
1,3,660,363
-55,14,727,342
-61,18,747,322
-27,22,708,341
-4,12,677,331
-30,24,725,310
-60,19,756,321
-32,7,727,339
-33,-6,760,346
-61,9,749,352
-52,1,743,344
-67,16,738,331
-39,20,712,333
-43,29,716,314
-49,37,728,287
-51,21,755,323
-29,18,732,333
-10,9,682,330
-41,4,717,361
-48,-9,728,367
