194,144,84,92
197,138,83,95
193,140,91,97
199,141,83,94
196,143,88,89
202,142,81,92
200,143,83,96
201,139,80,97
198,141,85,98
200,142,83,102
198,150,87,98
201,147,82,96
196,148,88,103
195,156,92,101
198,155,90,102
201,158,87,101
205,158,87,103
209,162,86,104
215,159,84,107
223,158,79,103
228,163,81,100
234,170,80,96
243,175,76,93
249,183,73,90
256,187,71,88
262,191,73,83
268,191,71,86
275,189,73,86
279,183,73,90
283,179,71,90
287,175,76,90
288,170,76,92
287,166,76,93
284,164,76,95
283,162,78,97
279,164,78,99
275,164,77,99
269,169,78,96
263,172,78,95
255,177,79,91
243,175,79,95
232,169,83,101
223,165,81,105
213,161,78,106
189,158,94,111
176,151,98,113
162,152,104,117
146,143,112,123
134,146,114,120
127,139,115,119
120,144,124,121
127,146,118,117
130,148,119,116
133,153,125,113
149,161,111,116
164,168,108,109
185,180,101,111
204,188,96,103
229,196,87,104
254,207,74,97
270,219,75,92
295,226,58,80
319,166,45,77
319,166,45,77
377,229,49,85
387,223,50,86
394,213,60,84
408,203,71,85
410,202,77,97
410,202,77,97
410,202,77,97
410,202,77,97
465,144,59,80
459,135,68,83
456,128,77,84
457,122,81,83
460,119,80,81
464,119,78,82
461,114,83,83
463,116,79,87
458,118,84,85
454,114,87,91
453,120,79,84
441,117,84,87
432,109,84,87
422,105,79,89
411,101,79,94
398,97,76,93
383,93,81,96
372,94,75,96
357,94,79,98
342,100,82,94
326,97,80,99
311,97,87,102
297,101,86,100
287,108,83,103
272,112,82,102
268,113,83,102
258,116,85,106
257,122,82,101
249,129,84,106
237,136,88,106
234,138,88,111
228,140,93,111
228,135,91,106
229,130,92,107
236,119,86,110
243,111,86,108
245,103,91,108
255,93,87,110
262,90,91,107
268,82,89,112
274,78,96,107
281,74,98,109
284,66,100,112
286,56,103,113
285,49,109,115
282,41,110,118
278,44,116,115
276,37,108,114
271,37,107,112
262,39,108,113
261,45,90,112
250,50,94,112
241,60,92,108
229,68,94,105
222,77,93,107
213,78,94,110
206,82,91,106
192,79,93,112
183,77,98,112
173,70,103,113
166,73,104,118
166,75,97,111
161,67,100,109
161,74,102,114
164,70,100,115
173,76,92,109
181,74,87,110
188,73,90,105
196,72,91,106
204,68,88,106
219,67,77,102
224,62,86,103
235,52,85,105
244,51,84,104
251,50,85,102
258,45,88,99
268,43,87,97
270,42,88,99
274,43,94,96
275,43,92,96
278,43,92,97
273,45,87,95
273,42,88,100
267,46,86,96
261,48,83,96
252,47,83,94
240,54,84,89
232,60,81,90
222,63,77,89
200,57,84,91
191,58,81,92
175,50,85,96
156,44,94,101
140,40,96,106
121,28,101,116
105,16,107,120
88,5,121,119
77,6,131,107
72,0,140,106
71,0,142,97
81,2,140,88
89,2,133,83
104,1,119,81
120,3,108,86
132,2,108,97
151,3,102,112
161,5,115,122
168,1,118,139
183,5,111,146
195,14,111,152
210,24,111,150
220,39,115,132
237,44,103,126
246,45,105,126
260,49,88,116
274,49,88,117
282,50,90,110
286,50,90,109
289,53,91,100
298,51,84,101
302,55,82,96
305,58,86,95
308,60,80,95
307,59,82,95
308,64,81,96
306,66,85,96
302,73,84,97
299,76,88,92
297,86,78,88
290,89,77,85
282,91,78,85
277,101,77,87
271,99,75,86
262,102,71,85
252,106,71,82
242,110,73,81
233,110,67,80
223,110,70,79
213,111,77,83
207,112,73,83
194,110,77,86
185,107,80,89
180,109,83,86
175,111,88,92
173,106,92,93
175,110,93,97
177,104,88,94
179,106,88,96
182,104,91,100
189,106,95,101
205,103,92,105
222,101,88,103
231,103,88,102
250,106,80,100
267,100,82,101
283,98,81,104
302,101,83,102
317,104,88,101
330,106,89,104
351,112,88,101
364,115,92,100
372,120,101,98
375,117,108,107
381,118,113,107
387,125,103,100
376,125,106,98
372,127,102,101
365,135,100,99
353,147,94,92
336,159,93,91
318,166,84,94
299,183,86,93
273,196,82,87
248,211,71,81
222,227,71,86
194,236,76,88
155,249,79,81
124,254,78,81
95,252,79,80
87,251,60,74
87,251,60,74
-30,234,55,75
-30,234,55,75
-30,234,55,75
-30,234,55,75
-30,234,55,75
-30,234,55,75
-30,234,55,75
-30,234,55,75
-30,234,55,75
-30,234,55,75
-30,234,55,75
-14,236,46,66
-6,238,37,60
-6,238,37,60
-6,238,37,60
-2,225,36,56
-2,225,36,56
97,250,34,60
121,249,43,62
142,259,55,71
187,252,57,82
225,246,62,83
262,232,54,87
297,218,65,85
317,203,77,77
356,178,77,76
377,150,90,81
396,117,92,92
411,95,94,93
421,75,97,89
426,58,101,86
436,51,96,75
439,39,100,79
445,29,98,84
445,33,99,75
449,29,100,80
439,30,97,83
441,39,98,82
429,47,99,88
420,60,102,89
405,76,102,95
387,92,100,103
366,118,96,93
339,144,91,89
309,163,78,96
282,182,72,90
245,194,69,82
216,202,70,81
175,204,79,77
139,200,73,78
98,185,86,78
78,166,80,89
72,149,65,87
73,138,49,68
63,131,47,60
65,113,41,54
65,113,41,54
65,113,41,54
65,113,41,54
65,113,41,54
65,113,41,54
65,113,41,54
65,113,41,54
65,113,41,54
65,113,41,54
65,113,41,54
47,146,41,45
66,157,34,38
69,173,34,35
75,195,39,41
88,222,37,48
120,229,42,61
151,222,47,71
200,207,42,75
232,191,46,79
256,165,61,87
267,137,76,81
296,102,77,81
330,42,87,84
348,2,89,94
357,-19,94,88
357,-19,94,88
357,-19,94,88
357,-19,94,88
357,-19,94,88
357,-19,94,88
357,-19,94,88
357,-19,94,88
357,-19,94,88
357,-19,94,88
357,-19,94,88
357,-19,94,88
357,-19,94,88
357,-19,94,88
357,-19,94,88
357,-19,94,88
357,-19,94,88
357,-19,94,88
357,-19,94,88
252,-43,80,80
250,-15,64,67
227,-11,65,54
214,-1,64,48
211,2,54,48
200,5,46,55
200,5,46,55
200,5,46,55
200,5,46,55
200,5,46,55
200,5,46,55
200,5,46,55
200,5,46,55
200,5,46,55
200,5,46,55
200,5,46,55
200,5,46,55
200,5,46,55
200,5,46,55
200,5,46,55
200,5,46,55
200,5,46,55
200,5,46,55
200,5,46,55
200,5,46,55
200,5,46,55
200,5,46,55
200,5,46,55
200,5,46,55
200,5,46,55
200,5,46,55
200,5,46,55
200,5,46,55
200,5,46,55
200,5,46,55
200,5,46,55
200,5,46,55
200,5,46,55
200,5,46,55
200,5,46,55
200,5,46,55
200,5,46,55
200,5,46,55
200,5,46,55
200,5,46,55
200,5,46,55
200,5,46,55
200,5,46,55
130,-2,54,42
148,2,52,30
157,2,49,25
179,2,46,22
187,1,45,20
193,0,45,21
193,0,45,21
193,0,45,21
191,5,39,27
200,0,32,31
200,0,32,31
200,0,32,31
199,0,27,31
202,0,24,32
204,0,21,31
204,0,21,31
208,0,18,30
211,1,14,29
211,1,14,29
211,1,13,30
211,0,14,30
211,0,14,30
211,1,13,29
211,1,14,30
211,0,13,26
206,4,15,29
205,2,18,31
210,1,15,30
211,1,16,32
211,1,14,36
209,0,16,35
206,0,18,32
202,0,22,31
202,1,23,30
197,1,28,28
194,0,30,33
211,59,32,40
209,68,39,44
195,55,46,49
191,52,59,57
189,34,75,67
180,29,91,76
178,24,98,90
182,4,98,117
186,0,106,125
187,0,108,128
193,1,101,138
200,7,100,144
203,23,103,139
210,36,104,141
214,54,101,134
224,67,99,131
230,82,88,117
237,94,82,115
241,105,88,108
245,112,79,104
242,120,80,94
250,124,75,89
253,127,72,81
251,127,75,82
251,122,75,84
253,124,72,77
256,125,65,75
255,122,66,77
254,117,68,81
254,117,62,76
255,114,63,78
252,115,62,76
255,113,64,80
250,116,61,78
253,118,62,76
249,120,64,79
248,123,64,82
247,127,62,83
244,132,65,80
240,138,70,81
239,140,69,86
236,146,72,84
232,146,76,88
228,141,80,95
225,132,84,100
219,122,92,102
217,107,93,111
213,92,98,117
212,69,103,127
208,46,111,136
205,13,119,154
205,3,121,137
201,-1,120,129
206,1,120,109
205,1,119,94
212,0,116,92
212,0,108,88
216,0,114,93
217,3,107,96
216,1,114,112
217,1,121,131
216,5,119,147
218,27,115,149
221,51,108,145
230,78,97,138
230,99,90,124
231,119,87,115
232,132,86,106
236,139,75,97
236,147,76,84
236,140,70,77
234,134,68,77
232,122,66,78
230,115,65,74
230,107,62,73
229,99,62,74
228,90,60,76
226,85,60,73
225,82,60,74
224,81,57,72
221,81,60,76
219,83,58,77
217,88,62,74
215,91,61,76
213,95,64,80
213,104,67,78
211,111,72,79
212,118,74,80
210,122,79,84
209,124,80,87
211,123,79,90
212,115,83,100
211,103,92,108
209,87,102,114
212,69,104,119
211,45,114,129
218,13,118,144
220,-2,124,138
221,0,132,120
231,0,132,92
235,3,134,72
252,0,125,59
255,1,127,46
267,1,117,36
276,3,105,34
279,3,99,37
278,2,98,44
271,3,105,53
267,1,102,65
263,1,98,76
254,1,100,84
247,2,99,90
243,1,99,101
239,1,96,106
232,2,99,107
232,5,88,107
234,11,85,101
232,11,82,101
225,17,85,95
228,21,74,90
227,21,73,90
224,19,73,83
226,22,67,82
223,17,68,83
221,18,68,79
223,18,66,79
219,19,68,75
222,18,61,74
220,18,64,77
219,20,62,74
221,24,64,74
220,27,59,71
224,28,60,73
225,31,55,70
222,35,59,69
227,40,56,68
224,41,61,69
226,43,62,70
229,47,60,69
230,50,59,69
234,50,59,73
234,54,60,71
233,58,63,69
235,62,61,66
237,68,60,67
236,68,63,70
237,74,67,70
240,74,64,73
241,77,63,72
241,79,63,70
241,84,65,71
243,89,66,75
245,95,69,74
245,97,71,78
246,99,73,81
246,104,75,81
248,105,74,84
248,105,79,84
249,106,79,91
248,103,86,101
250,99,87,104
249,98,81,112
252,92,87,116
249,91,90,115
250,91,96,123
248,87,94,121
248,87,93,127
249,95,100,126
248,93,92,128
249,103,100,129
247,104,90,129
247,112,92,124
246,123,86,117
244,127,81,117
245,137,87,115
240,141,79,109
242,148,81,99
242,155,74,92
239,158,75,89
237,158,73,81
236,157,73,84
232,155,70,78
231,151,70,78
229,146,69,79
227,143,67,79
226,137,66,79
223,135,66,79
223,137,60,82
220,137,59,80
219,140,60,79
217,142,61,81
214,148,64,81
213,155,61,84
214,161,64,84
211,169,62,86
207,174,69,89
204,181,72,91
203,185,74,92
205,188,75,92
204,185,76,97
202,177,79,98
202,168,84,101
198,157,90,105
199,132,98,116
197,110,103,121
202,86,103,126
203,65,108,129
207,44,111,134
206,18,111,147
206,10,115,135
211,1,118,134
217,0,122,132
220,4,117,130
222,-1,120,137
225,4,128,140
231,17,118,141
230,30,122,144
241,53,110,141
238,75,107,139
240,100,102,127
241,123,94,114
243,136,88,110
245,150,79,106
242,153,76,98
237,158,78,85
236,152,73,80
233,142,73,80
231,124,69,85
229,111,65,89
224,100,64,83
221,90,64,78
219,82,61,72
214,75,63,72
213,68,63,76
210,64,63,77
208,63,59,77
204,67,61,74
200,68,65,74
199,72,65,76
197,79,65,78
192,88,69,79
192,100,70,78
185,108,76,85
182,118,78,84
185,132,77,88
183,142,79,89
185,144,85,93
185,142,92,99
185,133,99,105
191,113,100,115
193,90,109,123
197,65,115,128
204,32,124,136
210,2,131,136
211,1,135,110
220,0,143,85
254,-1,125,62
252,0,131,40
274,-8,125,34
297,-9,117,27
300,-8,115,22
307,-7,102,27
308,1,102,27
306,7,102,38
292,22,116,47
275,16,111,63
278,9,108,87
251,24,133,112
252,6,122,139
245,12,119,156
236,14,119,158
232,46,117,145
227,73,109,130
220,98,106,118
206,114,98,111
200,129,92,106
189,145,86,96
180,155,85,95
168,163,81,93
157,169,82,93
144,179,83,90
131,184,80,93
120,192,83,87
108,198,78,83
99,201,77,82
89,201,71,79
75,196,72,78
61,190,70,79
49,184,69,76
50,173,61,80
49,166,54,76
48,157,43,71
49,148,37,68
45,139,34,64
45,138,30,54
44,138,26,47
43,138,26,45
42,136,26,50
41,135,29,54
41,137,35,53
41,135,42,61
44,142,46,60
45,153,57,68
45,150,68,83
55,153,82,92
78,162,87,92
109,174,79,84
144,182,69,83
182,176,68,79
218,165,69,84
241,152,79,89
274,135,78,91
310,116,81,84
346,86,86,88
370,63,93,91
390,43,100,95
405,21,105,97
423,8,103,92
433,1,96,78
446,2,99,67
450,1,104,59
454,4,102,55
456,2,101,54
452,4,100,55
451,3,95,61
444,3,99,73
432,12,101,78
420,25,100,84
401,40,105,92
383,61,104,95
365,86,88,90
328,115,78,84
295,133,64,89
262,142,65,87
226,149,62,84
184,148,63,76
141,141,61,82
106,133,77,79
66,111,91,88
48,97,86,85
49,75,67,82
49,67,51,70
49,51,39,61
50,43,33,56
51,34,26,54
51,37,21,46
52,35,20,42
53,34,20,43
52,30,21,50
54,32,25,55
56,42,26,54
58,48,31,57
61,66,38,58
70,82,44,61
67,107,60,75
83,127,69,79
104,147,78,84
140,169,70,84
180,184,67,79
221,197,76,80
263,194,71,79
308,185,76,83
339,173,81,81
383,144,85,90
408,120,96,96
428,90,102,101
444,65,103,97
459,45,98,84
466,27,100,76
473,10,102,77
477,3,104,67
477,5,101,61
481,5,103,56
480,1,101,60
479,3,99,60
470,5,98,65
468,11,98,71
456,18,104,83
445,34,102,89
430,56,104,94
414,74,99,103
393,100,92,100
362,122,97,99
313,150,77,95
278,166,80,81
236,168,66,80
202,162,69,84
143,149,76,80
100,131,87,84
88,126,81,80
62,114,97,83
56,100,84,88
43,76,71,79
47,57,53,74
47,57,53,74
47,57,53,74
47,57,53,74
47,57,53,74
47,57,53,74
47,57,53,74
47,57,53,74
47,57,53,74
47,57,53,74
47,57,53,74
47,57,53,74
47,57,53,74
47,57,53,74
47,57,53,74
47,57,53,74
47,57,53,74
52,112,45,79
57,121,58,81
65,128,74,75
109,125,69,82
135,111,72,86
172,90,84,89
213,58,86,103
242,20,90,107
261,0,93,92
289,-21,106,69
289,-21,106,69
289,-21,106,69
179,-5,93,56
179,-5,93,56
179,-5,93,56
179,-5,93,56
179,-5,93,56
179,-5,93,56
179,-5,93,56
179,-5,93,56
179,-5,93,56
179,-5,93,56
179,-5,93,56
179,-5,93,56
179,-5,93,56
179,-5,93,56
179,-5,93,56
179,-5,93,56
275,-3,88,42
274,3,71,36
264,8,65,44
254,19,58,48
241,28,49,53
214,39,53,53
200,49,44,50
188,53,37,45
188,53,37,45
188,53,37,45
188,53,37,45
188,53,37,45
188,53,37,45
188,53,37,45
199,63,33,42
202,0,23,37
202,0,23,30
208,0,18,30
210,0,14,29
210,1,14,30
209,1,15,29
211,1,13,28
211,1,13,29
210,1,14,29
211,1,13,29
211,1,13,30
211,0,14,30
210,1,14,29
211,1,13,27
211,1,13,28
210,0,14,30
210,1,14,29
210,1,14,29
211,0,13,31
211,0,13,30
211,0,14,30
211,0,13,30
212,0,12,30
211,1,13,29
210,0,15,30
210,1,15,29
210,1,14,28
211,1,14,29
212,1,12,27
210,1,14,29
205,0,19,27
202,-4,24,26
202,-4,24,26
202,-4,24,26
202,-4,24,26
202,-4,24,26
204,4,19,26
203,3,21,30
206,0,19,31
209,1,16,29
211,0,14,30
211,0,14,29
211,0,13,29
211,1,14,30
210,1,15,31
211,0,13,30
211,1,13,30
211,1,14,29
210,1,14,29
210,0,14,30
210,0,13,29
210,0,14,29
210,1,14,29
211,0,14,30
211,0,14,33
210,0,14,30
211,0,14,30
211,0,12,29
211,0,14,30
210,0,13,30
211,0,13,29
210,0,14,29
211,0,13,30
210,1,14,30
211,0,13,29
211,0,13,29
211,0,12,28
211,1,13,28
211,0,13,27
211,1,13,27
210,0,14,26
210,2,13,30
211,0,13,31
210,1,14,30
211,1,13,29
211,0,13,30
210,1,14,30
210,1,14,29
211,0,13,29
210,0,14,30
211,0,14,30
210,0,14,28
211,1,13,27
211,0,13,28
210,0,13,29
211,1,14,27
211,1,13,27
210,1,13,30
211,0,14,30
211,0,14,31
211,0,13,31
211,1,13,29
211,0,14,30
211,0,13,30
211,1,13,29
211,1,13,29
211,1,13,29
212,1,12,29
211,1,13,27
211,1,13,27
210,1,15,28
211,1,14,30
211,0,13,29
208,0,16,29
210,1,15,27
211,2,13,25
211,1,13,27
209,0,17,28
196,36,15,33
183,59,17,35
180,58,21,34
170,55,27,38
