238,189,56,94
235,189,60,97
229,187,70,100
232,185,67,110
227,174,79,127
228,179,81,139
221,174,85,129
229,184,74,124
232,181,67,124
223,176,76,141
225,179,81,134
211,182,93,116
222,183,77,125
221,178,76,130
221,180,77,134
214,181,81,135
207,178,88,143
190,172,106,150
198,171,111,154
180,172,119,147
189,174,114,157
171,167,140,163
168,176,152,136
171,190,131,117
161,190,148,141
157,177,159,151
150,176,140,139
159,184,151,142
156,180,163,144
144,188,179,152
138,192,192,133
93,190,235,140
155,158,189,184
121,169,205,160
94,181,230,147
125,172,217,163
109,181,231,149
92,163,239,170
98,149,233,185
135,160,196,170
117,147,200,182
123,164,186,147
142,161,177,168
161,170,151,137
166,174,144,135
177,183,117,130
190,177,113,125
180,170,128,140
188,168,118,136
195,166,113,151
196,170,102,132
199,169,110,146
200,165,107,156
176,171,132,138
183,176,115,138
175,173,122,149
182,188,132,131
177,176,129,146
197,171,103,154
194,169,112,142
188,179,120,144
157,174,150,157
183,174,127,152
193,161,117,171
200,171,105,166
195,174,110,153
184,170,126,163
147,171,145,154
174,169,142,164
180,174,133,163
174,184,140,138
193,179,116,146
198,173,117,159
210,173,93,162
205,176,101,154
211,181,97,152
206,179,106,150
209,174,97,150
206,178,102,149
212,176,95,153
217,173,91,149
222,175,81,142
220,166,81,144
221,166,95,141
197,167,109,150
225,161,100,172
194,168,109,167
169,173,126,150
165,190,126,121
186,190,124,109
177,188,111,103
183,180,123,109
185,183,113,115
196,178,106,110
205,180,105,103
208,181,99,94
212,175,115,98
207,181,107,79
208,181,115,80
200,194,104,87
203,179,95,88
206,182,88,85
209,180,88,85
208,176,70,88
206,179,58,82
207,179,54,77
202,187,57,69
198,183,55,70
192,184,59,70
187,185,64,75
179,195,76,68
181,200,62,70
168,194,68,80
173,192,54,88
168,192,54,81
161,191,58,77
158,185,56,82
162,182,51,86
160,182,53,82
157,176,58,89
157,176,56,88
156,177,48,86
158,180,47,86
156,177,49,90
166,179,38,83
164,179,39,81
165,182,39,77
172,185,35,72
173,177,35,78
180,182,29,81
183,180,28,87
188,183,29,87
195,186,25,82
200,188,25,74
201,187,27,71
203,187,28,68
207,183,25,70
207,185,28,65
207,187,33,62
209,178,35,67
209,182,43,63
213,181,53,68
218,183,57,71
219,180,56,75
223,179,50,81
217,180,57,73
222,181,49,72
221,181,50,74
229,185,43,72
217,174,49,72
221,179,46,73
204,169,55,73
200,173,70,72
187,159,60,78
186,150,61,80
186,155,56,73
181,163,55,60
179,153,48,60
176,148,40,65
168,142,40,64
161,139,45,62
150,140,52,57
143,141,54,51
136,141,49,53
123,144,55,45
122,149,47,39
116,149,49,42
116,147,43,43
111,144,45,50
113,148,40,48
111,154,43,44
114,151,38,50
118,149,34,55
122,155,33,50
128,162,37,46
138,163,34,48
147,165,37,49
158,167,37,54
168,169,39,54
180,174,41,54
189,173,42,61
206,180,37,52
217,184,43,49
227,177,47,60
236,175,50,66
246,171,51,71
259,172,54,63
275,164,54,63
281,166,59,61
293,164,60,64
307,171,55,58
313,173,53,48
321,170,51,52
330,170,50,51
335,173,51,44
332,169,56,46
334,162,58,52
330,164,65,47
330,158,63,50
326,159,65,44
320,156,66,51
314,160,67,46
307,159,67,46
300,166,65,47
283,173,73,36
271,168,76,42
254,171,78,43
238,179,76,40
213,179,81,49
197,179,76,58
177,179,67,57
147,173,67,58
119,165,71,69
97,160,70,78
72,151,77,83
55,142,78,85
38,137,78,79
27,128,74,82
23,120,69,80
19,113,67,78
15,107,69,78
14,104,68,72
21,100,57,82
21,100,62,80
22,109,57,68
23,108,60,81
27,121,62,67
31,128,67,74
40,136,65,74
50,142,73,77
55,162,67,69
76,160,63,84
96,183,58,73
116,190,52,72
145,194,40,66
159,200,39,71
187,205,29,75
210,211,34,65
229,196,39,67
234,192,46,73
239,197,51,62
275,187,42,59
279,172,42,68
275,170,50,59
290,172,43,50
302,167,37,54
302,166,40,58
311,162,43,64
310,163,43,64
313,158,38,70
308,163,42,70
303,164,46,70
307,172,43,64
294,171,42,67
294,170,40,69
285,170,47,73
285,170,47,73
279,188,40,67
265,187,51,68
243,207,62,56
235,205,66,59
221,202,62,61
215,201,58,63
209,209,51,62
195,201,48,65
174,190,54,68
162,191,52,63
147,190,64,54
140,180,65,52
135,172,58,56
124,161,64,56
112,154,70,59
105,151,65,56
104,157,69,48
102,147,71,56
101,147,74,56
100,147,76,56
103,150,74,49
108,150,69,57
110,159,65,49
121,152,63,58
127,161,66,57
146,163,51,56
151,168,53,61
160,176,57,59
169,175,53,65
183,174,58,72
198,188,66,68
208,188,65,60
217,188,55,55
230,181,52,61
244,176,53,75
255,173,58,64
261,164,59,54
274,170,52,49
279,170,45,47
284,162,41,54
288,160,38,59
285,158,42,58
289,165,37,50
290,167,36,49
286,167,38,53
280,168,42,56
276,177,42,48
267,192,43,39
254,194,41,44
236,190,42,54
224,203,45,51
224,206,49,50
188,227,42,43
165,222,34,51
153,230,37,46
121,231,37,49
108,228,43,48
98,217,38,51
73,217,45,52
66,203,44,54
43,200,55,56
34,190,56,63
26,185,54,59
28,178,46,53
19,175,52,49
12,175,57,44
19,165,53,47
22,163,46,44
27,163,46,39
31,158,48,45
35,160,49,42
44,158,45,45
59,160,38,36
72,162,36,33
74,171,35,36
85,170,39,43
97,169,38,48
113,173,32,46
126,179,30,46
137,185,34,48
151,186,29,45
151,186,29,45
151,186,29,45
151,186,29,45
151,186,29,45
151,186,29,45
151,186,29,45
151,186,29,45
151,186,29,45
151,186,29,45
151,186,29,45
151,186,29,45
151,186,29,45
151,186,29,45
151,186,29,45
151,186,29,45
151,186,29,45
151,186,29,45
151,186,29,45
151,186,29,45
151,186,29,45
151,186,29,45
151,186,29,45
151,186,29,45
151,186,29,45
151,186,29,45
151,186,29,45
151,186,29,45
151,186,29,45
151,186,29,45
151,186,29,45
151,186,29,45
151,186,29,45
151,186,29,45
151,186,29,45
151,186,29,45
151,186,29,45
151,186,29,45
151,186,29,45
151,186,29,45
151,186,29,45
151,186,29,45
151,186,29,45
228,186,32,47
218,184,29,54
196,187,31,59
179,185,40,62
163,185,39,62
149,187,37,62
133,184,39,68
121,185,39,65
108,184,42,64
99,187,37,56
91,190,35,45
87,185,34,45
84,182,35,48
81,175,35,46
82,172,33,48
83,172,32,44
86,169,29,44
87,169,29,43
97,163,35,36
100,161,36,39
107,159,31,43
114,156,29,46
119,163,33,45
127,162,30,50
135,170,33,47
144,174,31,43
155,177,27,48
155,177,27,48
155,177,27,48
155,177,27,48
155,177,27,48
155,177,27,48
155,177,27,48
155,177,27,48
155,177,27,48
155,177,27,48
155,177,27,48
155,177,27,48
155,177,27,48
155,177,27,48
155,177,27,48
155,177,27,48
155,177,27,48
155,177,27,48
155,177,27,48
155,177,27,48
155,177,27,48
155,177,27,48
155,177,27,48
155,177,27,48
155,177,27,48
155,177,27,48
155,177,27,48
155,177,27,48
155,177,27,48
155,177,27,48
155,177,27,48
155,177,27,48
155,177,27,48
155,177,27,48
155,177,27,48
155,177,27,48
155,177,27,48
226,176,34,52
232,180,35,51
203,180,41,57
175,178,51,63
160,178,50,66
145,180,48,68
126,182,50,70
108,187,55,63
98,188,55,51
88,191,55,43
84,185,49,45
78,184,50,43
73,177,54,47
75,170,54,47
73,168,56,48
78,160,55,47
77,162,60,43
81,157,58,49
86,160,55,41
92,158,55,42
101,159,50,43
111,160,45,43
114,159,51,48
127,162,47,49
121,159,53,57
134,164,52,55
134,164,52,55
134,164,52,55
134,164,52,55
134,164,52,55
134,164,52,55
134,164,52,55
134,164,52,55
134,164,52,55
237,79,56,58
237,79,56,58
237,79,56,58
237,79,56,58
237,79,56,58
237,79,56,58
237,79,56,58
237,79,56,58
330,209,47,50
337,216,48,55
341,209,50,57
349,203,47,61
349,196,53,57
355,198,53,46
363,186,45,50
363,180,48,55
367,170,44,59
365,168,48,57
361,162,50,59
363,155,48,62
355,159,55,52
359,158,46,52
351,159,53,46
349,155,50,55
344,156,49,50
335,151,48,59
320,147,54,59
307,143,58,62
298,147,51,55
281,162,49,47
269,173,45,41
244,179,40,32
225,186,44,36
198,184,43,42
177,180,46,50
163,187,46,54
144,182,55,64
131,183,48,66
113,186,49,65
106,185,42,57
95,184,44,54
86,181,46,54
83,176,43,51
77,174,43,52
77,178,40,44
77,172,40,44
79,177,37,36
84,171,34,43
88,172,35,39
91,170,39,37
103,165,34,31
102,174,35,32
112,174,34,35
123,172,31,39
132,172,31,44
142,177,29,40
150,182,23,41
158,187,20,37
158,187,20,37
158,187,20,37
158,187,20,37
158,187,20,37
158,187,20,37
158,187,20,37
158,187,20,37
158,187,20,37
158,187,20,37
158,187,20,37
158,187,20,37
158,187,20,37
158,187,20,37
158,187,20,37
158,187,20,37
158,187,20,37
158,187,20,37
158,187,20,37
158,187,20,37
158,187,20,37
158,187,20,37
158,187,20,37
158,187,20,37
158,187,20,37
158,187,20,37
158,187,20,37
158,187,20,37
158,187,20,37
158,187,20,37
158,187,20,37
158,187,20,37
158,187,20,37
158,187,20,37
158,187,20,37
158,187,20,37
158,187,20,37
158,187,20,37
158,187,20,37
158,187,20,37
158,187,20,37
215,233,19,40
196,235,14,40
169,231,16,40
145,230,21,40
129,222,28,41
115,216,30,40
103,206,33,43
91,199,35,47
90,188,32,41
78,189,40,38
77,176,36,43
73,173,39,43
67,172,42,43
64,171,45,39
69,175,36,34
70,173,35,40
72,173,40,40
72,178,45,38
81,171,45,45
87,174,42,51
102,169,37,55
103,188,46,50
111,193,55,51
111,193,55,51
137,215,60,45
158,213,50,54
180,221,50,54
191,223,61,50
208,215,68,57
223,207,68,62
237,201,65,61
237,201,65,61
286,182,61,68
318,180,54,62
336,169,49,58
348,161,49,55
358,145,56,63
367,138,61,61
378,125,57,67
381,121,63,60
377,110,70,65
383,102,67,64
373,100,80,63
379,102,74,58
382,102,69,63
382,100,66,62
388,103,55,64
386,102,53,68
375,104,63,73
369,112,62,71
358,121,65,68
341,134,70,66
331,144,67,64
320,158,64,58
303,166,64,58
287,178,66,56
273,189,57,48
246,206,64,44
231,205,58,50
218,211,55,42
198,198,63,50
182,205,57,43
158,207,59,37
147,202,58,36
136,188,57,49
126,185,54,48
117,180,50,47
111,164,53,50
105,153,51,56
107,152,45,57
108,146,40,54
105,146,41,52
105,144,39,55
109,142,34,56
106,144,35,49
108,151,31,43
113,148,31,46
117,150,30,46
117,150,37,49
121,151,41,50
131,152,40,53
143,150,33,61
154,155,24,55
161,158,28,58
173,160,28,52
179,175,30,48
189,169,28,54
200,177,33,47
211,183,33,41
220,176,35,40
223,162,31,40
235,179,28,34
245,182,25,30
252,177,24,33
258,171,25,35
261,164,27,36
268,171,22,33
271,145,22,31
277,165,21,36
279,168,25,33
281,163,26,36
284,167,21,34
284,157,23,40
287,161,21,39
287,162,20,40
286,167,21,36
285,164,22,40
285,166,21,38
283,165,22,41
283,167,25,36
283,170,25,34
286,164,23,36
287,167,24,35
291,165,27,38
293,167,29,37
302,154,23,42
307,146,24,47
312,144,25,50
317,141,27,52
325,135,23,57
330,140,29,57
335,142,31,61
342,139,28,63
349,142,25,64
355,148,25,61
358,151,30,61
363,155,30,65
364,162,35,64
367,176,35,59
371,183,34,54
371,195,38,51
370,200,38,51
369,202,39,56
367,210,40,53
367,217,34,52
363,220,37,53
362,224,33,49
352,227,38,43
343,231,39,36
334,236,45,33
327,236,44,32
322,233,42,36
322,233,42,36
322,233,42,36
322,233,42,36
322,233,42,36
322,233,42,36
322,233,42,36
322,233,42,36
322,233,42,36
322,233,42,36
322,233,42,36
322,233,42,36
322,233,42,36
322,233,42,36
322,233,42,36
322,233,42,36
322,233,42,36
322,233,42,36
322,233,42,36
322,233,42,36
322,233,42,36
322,233,42,36
322,233,42,36
322,233,42,36
322,233,42,36
322,233,42,36
322,233,42,36
322,233,42,36
322,233,42,36
322,233,42,36
322,233,42,36
322,233,42,36
322,233,42,36
322,233,42,36
322,233,42,36
322,233,42,36
322,233,42,36
322,233,42,36
322,233,42,36
322,233,42,36
322,233,42,36
322,233,42,36
322,233,42,36
322,233,42,36
322,233,42,36
322,233,42,36
322,233,42,36
322,233,42,36
322,233,42,36
322,233,42,36
322,233,42,36
322,233,42,36
322,233,42,36
322,233,42,36
322,233,42,36
322,233,42,36
322,233,42,36
322,233,42,36
322,233,42,36
322,233,42,36
322,233,42,36
322,233,42,36
322,233,42,36
322,233,42,36
322,233,42,36
234,203,41,40
224,210,50,35
233,201,51,43
251,203,41,44
266,203,35,46
275,208,37,38
281,201,47,34
299,201,51,39
299,201,56,38
307,199,58,43
314,193,47,52
326,189,41,63
332,182,44,66
333,182,48,66
338,185,45,69
345,186,42,68
354,186,34,69
353,185,34,69
351,183,41,69
354,189,48,62
354,192,54,57
348,194,65,53
352,200,55,51
354,204,45,51
351,198,44,62
350,197,43,65
344,197,46,61
340,199,48,59
333,200,49,59
332,207,42,52
322,213,44,50
316,211,43,50
319,218,36,45
320,219,33,46
320,222,26,43
320,222,26,43
320,222,26,43
320,222,26,43
320,222,26,43
320,222,26,43
320,222,26,43
320,222,26,43
320,222,26,43
320,222,26,43
320,222,26,43
320,222,26,43
320,222,26,43
320,222,26,43
320,222,26,43
320,222,26,43
320,222,26,43
320,222,26,43
246,208,26,44
246,208,26,44
246,208,26,44
246,208,26,44
246,208,26,44
246,208,26,44
246,208,26,44
246,208,26,44
246,208,26,44
246,208,26,44
246,208,26,44
246,208,26,44
246,208,26,44
246,208,26,44
246,208,26,44
246,208,26,44
246,208,26,44
246,208,26,44
246,208,26,44
246,208,26,44
246,208,26,44
246,208,26,44
188,220,22,38
188,220,22,38
238,214,29,33
238,214,29,33
269,207,35,31
270,217,31,29
300,201,33,29
313,206,36,32
311,204,42,36
327,192,36,43
332,196,37,47
343,191,38,54
353,189,43,53
360,179,48,55
367,175,55,58
374,175,61,59
374,174,68,57
374,173,76,56
377,174,74,58
376,175,73,54
381,179,61,51
385,183,50,53
387,184,43,60
382,186,45,63
374,188,48,66
368,192,50,62
363,193,47,66
358,201,46,60
349,206,49,53
346,210,40,52
341,215,33,47
332,224,31,50
332,224,31,50
332,224,31,50
332,224,31,50
332,224,31,50
332,224,31,50
332,224,31,50
332,224,31,50
332,224,31,50
332,224,31,50
332,224,31,50
332,224,31,50
332,224,31,50
332,224,31,50
332,224,31,50
332,224,31,50
332,224,31,50
332,224,31,50
332,224,31,50
332,224,31,50
332,224,31,50
332,224,31,50
332,224,31,50
332,224,31,50
332,224,31,50
332,224,31,50
332,224,31,50
332,224,31,50
332,224,31,50
332,224,31,50
332,224,31,50
332,224,31,50
332,224,31,50
332,224,31,50
332,224,31,50
332,224,31,50
332,224,31,50
332,224,31,50
332,224,31,50
332,224,31,50
332,224,31,50
332,224,31,50
332,224,31,50
332,224,31,50
332,224,31,50
332,224,31,50
332,224,31,50
332,224,31,50
332,224,31,50
332,224,31,50
332,224,31,50
332,224,31,50
243,196,31,49
243,191,33,54
251,188,43,58
260,185,52,62
272,183,62,65
287,184,60,71
290,192,64,58
304,197,61,61
317,199,54,68
327,203,44,69
338,202,45,74
337,201,53,80
349,211,52,75
353,216,50,76
355,218,57,79
356,225,58,75
363,225,52,80
366,230,50,79
370,232,49,79
372,232,49,85
375,234,46,82
382,237,40,80
379,238,42,78
368,238,51,77
366,238,52,77
372,240,43,76
374,238,45,72
372,239,47,69
371,237,50,75
369,242,60,72
369,245,56,70
361,242,57,76
363,248,50,64
358,244,58,69
357,240,42,71
355,229,34,79
355,232,37,80
350,225,40,83
345,224,37,77
343,220,40,78
334,220,47,76
330,216,50,74
323,214,47,77
321,214,51,72
318,212,47,67
313,207,48,69
306,210,50,59
306,203,49,67
302,202,42,65
301,204,44,65
298,201,43,66
295,207,36,57
287,211,37,49
283,212,32,52
275,207,32,49
265,203,34,44
262,192,40,47
258,185,40,54
244,180,44,56
237,182,49,54
230,177,52,61
233,172,45,73
227,165,48,76
221,165,53,67
222,169,45,67
213,166,45,66
216,166,37,61
217,171,29,58
216,166,29,62
213,159,33,69
211,163,29,63
213,165,29,65
206,163,38,65
205,173,43,67
193,168,53,67
199,179,44,58
196,172,44,69
198,173,41,73
198,173,41,73
198,173,41,73
198,173,41,73
121,185,41,71
119,205,46,59
121,205,55,60
122,200,63,69
125,192,80,81
120,186,93,93
126,174,91,103
116,161,106,114
126,162,110,119
109,162,122,132
117,171,118,129
122,181,113,119
103,186,130,114
96,199,148,99
88,204,153,101
100,185,136,101
88,205,141,85
111,180,127,92
95,201,127,77
147,123,128,74
95,196,133,78
95,197,137,88
91,205,136,83
97,207,136,80
93,209,156,79
97,202,155,92
112,196,148,104
112,191,150,108
104,184,168,116
106,175,157,134
125,169,130,149
117,161,134,157
134,155,133,169
139,153,120,154
143,170,114,121
142,182,140,102
132,201,144,86
132,192,134,100
131,200,153,93
138,200,136,90
127,208,139,82
137,198,150,91
117,188,161,101
122,188,163,108
122,181,154,108
124,179,142,108
120,167,159,117
124,180,148,109
114,172,153,109
109,175,171,116
107,172,179,112
106,170,172,124
95,163,177,118
98,183,192,101
100,169,174,111
102,169,191,119
98,179,198,103
100,167,190,113
102,182,182,103
102,167,185,117
117,170,180,113
122,181,158,100
131,171,157,109
136,185,151,91
132,198,159,75
139,204,143,69
130,221,151,53
124,213,160,60
128,200,156,77
134,190,152,90
140,193,141,85
138,199,161,76
130,194,184,86
121,176,194,100
134,166,187,114
126,142,193,137
139,147,187,133
128,157,215,126
141,165,238,119
115,161,271,132
136,144,252,153
110,148,284,157
103,132,265,172
113,132,215,175
135,134,205,189
127,121,182,189
156,120,148,187
141,115,155,191
157,121,129,181
145,125,147,174
156,143,142,153
140,141,171,159
129,157,200,149
145,160,176,144
130,162,192,142
126,158,190,152
136,160,176,151
134,165,188,144
129,163,180,138
128,162,176,130
125,159,182,126
108,156,184,125
100,166,185,112
94,177,214,93
81,173,226,104
61,168,247,115
95,163,230,121
106,156,206,130
108,150,198,133
126,168,171,114
129,172,164,111
124,177,163,102
124,169,150,110
124,163,166,124
123,161,150,127
117,174,176,109
120,167,181,112
105,149,199,133
75,146,224,139
79,148,227,144
80,138,218,162
113,137,181,169
117,139,172,152
130,149,164,139
122,135,171,151
132,149,156,139
125,179,161,118
120,185,169,109
119,171,206,120
118,162,202,136
112,151,210,149
98,142,230,146
122,141,210,143
119,166,211,121
113,170,205,122
123,180,183,117
127,179,162,119
128,178,163,118
141,168,139,135
125,151,142,144
130,147,152,155
132,158,159,137
124,142,164,148
138,165,146,123
131,149,152,137
148,138,142,162
143,162,147,140
159,160,131,136
150,149,135,140
132,136,156,157
126,139,185,162
138,164,190,137
111,151,199,150
118,174,193,134
131,169,185,133
117,156,199,142
111,175,193,124
111,162,190,141
101,160,189,138
95,175,195,121
81,168,217,132
64,161,251,133
60,146,252,151
75,173,239,119
57,157,255,137
59,159,258,140
49,131,263,174
103,126,228,189
82,130,245,175
68,117,257,181
66,141,258,163
85,138,232,168
58,152,263,147
78,156,234,145
76,140,233,162
84,136,228,169
100,151,212,159
94,144,198,154
113,151,174,149
132,159,148,138
120,191,172,130
124,172,166,143
138,171,153,137
139,176,164,145
127,180,187,124
139,181,182,132
121,168,212,137
117,154,201,146
128,162,170,137
125,151,154,144
135,179,143,122
132,180,137,111
130,188,155,90
134,194,149,86
129,190,156,93
129,196,147,87
127,193,161,93
123,179,151,109
121,192,170,95
128,197,149,90
128,189,148,84
128,195,170,80
120,202,162,74
119,186,169,88
114,206,158,73
123,192,151,86
131,205,142,71
130,194,142,80
131,204,141,72
145,192,125,85
141,187,119,94
140,192,138,92
144,210,157,71
128,213,151,78
127,207,152,79
131,203,153,93
138,198,139,88
127,190,153,98
123,183,165,103
99,168,179,116
89,171,204,114
69,154,234,133
93,162,223,127
80,153,232,120
55,151,259,136
53,137,266,162
77,154,242,151
99,133,209,167
118,133,175,165
132,166,160,136
113,158,178,153
131,142,152,174
111,124,182,190
127,139,165,167
136,155,157,143
117,149,183,160
103,154,195,154
89,147,204,157
102,144,189,155
124,147,158,164
136,164,132,147
140,185,137,128
128,189,134,105
143,202,125,91
149,197,148,96
140,197,167,99
126,203,182,102
125,187,189,110
127,180,163,127
132,178,155,117
133,192,146,109
127,187,139,104
128,183,141,105
124,181,144,114
133,179,144,123
125,189,149,116
114,180,155,118
129,180,140,126
130,185,135,109
132,197,145,95
122,190,146,99
126,195,149,98
127,197,144,103
138,202,120,95
138,197,132,101
135,204,139,103
132,206,152,102
134,211,174,115
124,194,184,122
123,180,205,158
135,166,192,156
133,177,179,159
152,181,153,144
132,207,168,139
127,179,188,124
113,166,204,138
91,177,234,122
67,174,254,125
62,155,269,153
39,155,295,156
16,151,317,163
68,164,281,150
30,150,317,164
7,111,348,201
60,101,334,215
52,163,317,155
25,152,342,167
46,132,318,187
68,118,302,201
69,89,284,231
86,52,285,281
105,53,251,303
134,61,207,288
146,50,187,286
141,56,198,286
127,99,210,248
147,43,180,284
158,41,163,288
159,43,165,310
145,30,172,317
160,43,169,299
164,80,158,265
171,51,151,288
158,38,180,300
151,48,192,308
147,43,194,323
160,56,192,310
161,12,190,336
171,37,202,331
152,35,188,310
173,1,181,347
153,71,199,283
160,50,198,296
170,24,186,309
193,32,163,289
141,88,205,269
158,47,195,297
182,33,178,310
198,40,174,305
194,34,175,307
204,20,174,318
182,15,175,340
182,24,180,322
189,36,166,302
204,27,150,301
208,25,147,311
209,9,146,327
200,0,154,338
154,15,186,344
179,12,160,348
186,6,153,349
197,4,147,351
192,7,157,355
186,8,147,340
194,7,141,347
194,1,151,351
184,4,162,359
185,-10,159,369
190,8,162,335
184,17,161,338
173,10,173,343
157,9,188,337
169,42,170,313
167,16,173,336
158,12,177,339
153,-3,182,364
161,30,179,327
148,13,187,346
142,10,187,351
141,13,195,335
149,26,188,337
159,30,177,330
158,19,174,333
156,17,176,330
166,15,166,337
154,0,179,359
162,-4,158,361
171,13,154,347
183,7,143,348
180,5,130,351
175,10,142,354
173,38,149,318
169,21,159,334
175,21,150,332
178,42,146,303
180,34,145,310
187,25,126,321
176,30,142,317
177,38,141,321
180,14,139,351
179,35,147,330
164,15,160,343
174,26,149,337
186,46,136,310
188,28,125,315
184,14,130,325
182,13,138,332
170,8,148,336
168,25,156,334
160,22,167,331
166,27,158,324
171,39,155,314
165,20,146,346
166,24,143,325
154,24,162,319
163,41,157,317
150,48,168,314
146,21,170,328
157,27,161,345
161,28,147,335
167,18,147,345
130,15,188,336
133,15,185,323
150,38,165,317
163,16,154,339
151,21,169,324
157,38,165,315
158,29,157,329
152,39,165,325
157,14,156,338
145,30,175,324
129,9,200,340
145,26,170,320
151,27,160,319
149,17,163,331
155,45,164,313
157,45,159,315
153,34,162,321
148,22,172,324
142,29,174,324
130,14,182,334
147,27,176,322
148,22,169,329
161,28,155,327
136,14,181,349
153,20,156,324
154,25,162,334
160,46,154,313
134,21,184,332
145,33,173,315
163,42,151,308
169,27,153,321
163,20,158,328
166,24,159,342
159,29,167,350
162,30,164,331
161,36,163,321
164,36,164,328
179,16,148,337
171,19,157,322
168,25,163,345
183,35,148,318
185,24,143,326
177,5,151,353
182,26,152,330
188,52,145,308
182,50,146,296
185,37,146,295
194,48,141,291
198,24,140,313
193,34,141,288
195,21,140,310
194,19,142,316
193,28,146,303
190,21,152,320
188,14,161,338
192,20,159,318
191,22,162,320
188,14,160,321
194,26,159,322
198,45,160,307
176,9,182,355
167,22,189,343
174,44,196,322
179,18,172,336
183,36,176,320
172,37,182,316
170,30,179,330
181,23,164,328
175,25,168,331
179,27,161,315
167,19,165,319
173,33,159,338
179,29,154,331
180,12,149,356
178,15,150,353
171,25,161,334
164,20,167,351
161,35,169,309
163,30,165,323
168,23,161,330
162,25,165,320
158,29,167,312
141,20,189,321
155,23,166,337
168,23,156,327
162,9,165,346
165,25,166,340
146,20,178,331
159,22,167,330
160,11,163,344
162,29,170,331
158,26,178,332
165,32,166,327
150,28,189,340
149,26,197,333
161,38,181,322
149,26,192,331
153,23,195,329
165,20,181,341
171,37,173,320
172,35,177,308
169,29,175,319
177,47,168,286
184,40,153,292
179,28,149,315
166,18,165,319
174,42,159,312
168,31,170,297
180,49,159,295
176,41,162,303
176,48,167,283
186,46,152,286
188,46,150,308
188,45,148,288
182,58,156,290
188,33,150,314
184,40,156,315
186,34,152,306
181,40,160,316
179,37,158,311
192,55,150,287
172,59,169,285
156,57,183,278
154,33,188,305
158,45,188,310
160,35,189,315
147,48,198,299
140,20,215,332
155,36,189,310
168,36,181,321
137,43,217,313
151,39,210,334
172,41,189,322
160,29,196,333
167,30,187,327
171,37,186,314
177,38,179,303
161,47,190,309
153,39,197,315
145,28,208,325
151,43,208,328
147,48,205,289
162,39,187,303
179,41,167,315
180,55,167,300
167,48,176,308
184,59,151,311
183,42,151,321
190,44,145,291
191,36,150,289
190,45,148,309
177,26,162,325
188,39,162,309
188,43,164,298
198,32,155,305
192,22,163,331
199,35,174,324
180,31,179,315
177,43,177,320
174,32,174,325
178,28,175,320
180,35,167,319
182,42,161,285
154,46,182,307
168,46,165,317
175,49,158,308
164,43,160,295
175,45,151,292
178,42,148,300
164,50,162,284
166,47,158,295
162,23,162,316
163,42,167,305
168,57,164,293
173,39,159,292
165,43,166,299
164,55,168,303
168,42,162,314
167,53,164,298
183,49,144,297
179,56,145,294
172,30,151,330
157,43,175,307
168,49,158,303
172,32,161,325
178,49,155,303
164,28,161,320
170,35,164,318
175,38,149,323
172,25,150,323
176,33,146,305
176,41,152,305
164,35,172,308
161,36,162,332
155,19,167,336
161,44,155,310
165,45,157,316
165,47,160,294
171,51,155,287
185,49,148,288
193,56,138,298
197,61,147,280
205,70,142,279
211,67,154,270
214,86,111,255
215,61,114,276
218,44,117,291
222,42,130,302
211,51,141,293
217,46,149,302
223,42,152,296
224,52,110,300
218,44,129,299
221,54,126,295
217,57,146,280
213,46,161,292
217,69,169,266
190,66,138,294
203,57,138,285
211,60,137,294
214,52,147,296
216,68,137,262
229,58,133,281
219,40,158,300
233,52,153,280
188,67,151,279
210,69,135,268
221,52,151,284
231,63,197,268
163,85,249,262
176,60,288,304
176,71,311,282
198,44,247,282
216,95,198,246
214,57,214,253
193,58,234,277
184,60,236,297
191,36,194,325
181,45,229,324
182,66,171,278
189,36,203,310
186,64,173,288
196,61,205,287
190,60,174,290
204,45,204,305
220,65,176,271
217,41,154,293
204,42,176,270
218,42,162,272
211,29,162,283
221,28,147,259
220,48,123,273
220,26,140,312
213,3,149,327
219,13,147,317
229,19,142,290
216,30,140,306
228,24,141,296
230,28,150,275
227,38,159,240
240,48,158,199
228,97,158,195
236,74,153,229
240,60,148,247
227,55,155,263
228,38,147,285
231,43,121,307
208,30,165,324
206,42,164,318
205,48,172,316
205,49,168,307
194,42,191,316
186,58,169,291
190,77,188,286
189,59,197,280
160,84,219,266
144,98,203,231
191,63,177,269
197,54,182,303
200,52,152,293
195,54,168,303
192,30,171,323
190,27,162,317
197,39,166,307
167,83,194,276
191,54,171,302
190,34,179,316
196,38,173,316
190,48,190,326
198,35,181,331
174,59,200,320
186,63,190,284
177,80,186,283
200,50,161,307
200,46,164,287
210,41,149,288
216,49,142,267
216,38,136,263
222,53,131,239
220,50,129,221
230,53,118,197
235,50,110,172
234,53,109,192
230,45,114,200
230,57,99,218
233,47,103,232
229,60,111,249
221,45,126,262
216,39,136,267
222,37,126,306
224,33,127,304
213,38,143,312
216,39,142,309
215,40,142,303
211,40,155,312
201,44,168,310
198,54,145,297
204,41,153,314
201,44,183,309
188,31,145,328
203,45,151,322
201,53,177,293
204,50,152,303
201,65,189,278
184,69,183,280
189,45,177,305
197,51,167,303
208,48,170,290
200,45,198,292
173,40,192,318
180,64,187,300
187,55,170,276
195,68,166,279
191,34,184,308
203,40,153,305
195,62,165,290
202,37,160,300
214,49,154,288
202,25,170,327
201,44,168,312
196,32,161,312
205,40,154,315
197,24,148,344
192,43,166,331
187,20,170,338
189,48,169,310
189,27,165,330
195,37,156,321
199,41,151,331
197,35,147,326
192,32,154,324
195,44,141,288
195,40,139,298
201,36,137,296
198,31,142,313
187,27,146,326
188,29,150,317
159,43,175,308
164,51,172,313
166,54,169,295
172,50,158,284
180,46,150,286
184,49,146,281
184,44,148,303
185,29,153,315
198,37,144,320
184,42,166,308
185,54,161,306
192,46,155,304
192,46,147,303
198,31,140,311
205,35,141,324
211,44,143,309
208,24,149,319
208,29,150,335
195,30,167,326
199,43,174,315
191,36,187,308
173,40,193,301
181,49,210,303
162,61,186,277
200,44,149,312
212,31,153,318
203,35,194,326
190,60,167,290
195,30,161,330
182,35,193,315
191,57,189,295
202,60,168,288
196,71,198,281
190,39,143,296
209,40,132,291
215,37,139,294
208,40,153,297
211,26,153,324
220,36,135,308
218,53,105,295
205,39,127,303
210,49,128,290
207,29,136,301
210,42,136,309
209,35,141,314
211,42,139,305
205,36,143,328
201,44,151,308
203,35,145,314
209,59,128,281
216,43,130,283
209,38,127,284
189,37,131,299
167,41,155,311
155,34,171,328
146,17,179,331
140,-14,188,363
145,0,186,363
117,-13,222,375
136,-2,192,366
140,20,193,347
135,10,214,348
121,8,224,367
125,26,214,331
140,32,198,329
122,37,226,308
115,23,226,320
140,40,201,287
159,38,176,285
169,38,174,321
160,38,182,324
159,48,183,312
135,42,201,319
142,30,200,315
160,43,176,312
145,61,192,303
128,32,207,329
154,39,185,316
150,54,197,305
168,58,176,295
163,64,182,299
120,57,222,295
132,63,217,299
139,56,202,255
158,52,184,295
174,48,158,318
164,42,172,318
178,58,158,296
168,48,165,298
170,49,165,302
175,51,157,299
161,41,170,303
174,52,154,305
159,42,163,322
171,53,158,314
156,42,174,313
167,49,167,311
169,48,161,310
145,64,185,286
166,50,163,316
158,30,168,323
137,27,191,328
170,29,161,323
158,39,176,321
157,31,173,320
163,42,170,308
125,18,203,337
138,30,205,315
158,30,175,324
147,21,190,307
165,24,166,323
167,40,164,318
145,9,198,338
138,9,202,358
130,7,207,360
110,0,227,344
147,16,185,343
152,8,180,354
115,-2,219,373
139,13,205,361
144,5,195,351
159,17,173,339
147,-4,186,356
165,11,170,344
169,26,164,329
170,32,172,320
182,27,152,316
186,33,145,311
186,49,144,311
181,34,147,312
183,48,144,309
159,54,169,292
174,40,165,316
178,47,157,311
147,56,185,284
162,48,168,315
173,59,163,290
178,61,149,280
177,69,151,274
164,49,162,299
144,55,186,301
169,63,161,293
134,51,196,304
153,55,184,304
142,45,199,318
141,49,197,311
136,52,197,320
148,42,183,305
160,29,171,328
167,55,162,301
176,66,157,295
161,63,165,290
177,56,159,286
172,65,162,286
152,60,178,292
169,58,168,297
173,71,160,283
180,70,151,277
198,52,129,300
178,61,156,286
176,62,155,286
180,79,150,266
185,71,148,272
184,65,152,278
187,71,150,280
192,50,139,287
200,66,137,270
189,44,147,305
178,63,155,284
175,74,162,268
171,52,168,288
185,50,146,300
190,70,139,276
175,63,159,282
173,53,152,296
168,48,164,299
172,57,165,284
153,42,186,303
159,42,177,304
162,59,176,301
162,41,179,315
119,42,216,310
149,51,187,310
160,67,180,289
160,60,176,302
159,59,177,294
158,43,174,311
146,22,191,333
149,25,194,342
154,46,192,324
146,32,199,333
122,56,223,309
132,40,216,294
131,37,223,318
149,39,199,329
127,37,215,326
155,54,183,288
160,63,177,294
166,52,175,312
140,38,198,330
128,44,214,312
150,45,194,323
162,38,177,323
146,33,201,325
146,26,200,327
150,14,204,341
156,22,191,339
161,30,187,315
145,39,205,308
150,30,196,317
162,36,186,332
166,32,184,331
175,42,178,301
187,38,180,302
192,20,174,320
192,31,176,303
200,31,163,310
206,41,170,301
217,34,156,287
227,38,148,300
235,37,138,286
238,35,139,308
254,37,125,296
210,39,159,298
238,36,147,296
241,30,140,310
187,45,180,289
222,40,152,300
247,29,130,300
246,24,127,280
180,79,178,276
204,50,159,303
240,28,126,294
242,15,140,292
250,24,93,265
246,32,105,279
228,21,129,294
235,26,131,273
206,29,127,283
209,39,127,302
207,25,144,293
203,40,146,293
202,36,164,305
175,33,184,312
178,35,189,303
172,38,188,303
126,30,225,309
159,45,184,306
156,23,184,312
154,5,177,337
161,22,181,338
163,10,180,343
171,23,166,327
177,18,157,340
176,29,156,321
164,16,165,344
170,26,162,332
153,9,183,351
156,-2,185,356
167,14,180,353
172,20,163,342
177,24,165,329
178,17,166,342
174,16,176,354
176,27,168,334
180,34,165,315
187,29,152,318
190,26,150,339
185,14,153,355
186,14,157,352
178,27,175,338
172,28,164,319
176,27,162,321
181,34,165,322
177,22,168,325
184,24,159,303
182,29,154,324
176,24,159,315
161,20,174,316
161,32,169,321
171,19,156,335
167,31,164,312
173,27,166,336
147,4,190,344
163,26,174,324
149,15,183,330
166,16,171,342
162,29,176,322
161,16,183,342
165,34,189,321
177,39,179,315
164,30,166,326
176,39,168,316
174,39,163,307
180,62,178,285
159,45,186,299
177,43,168,304
166,12,161,336
173,31,157,309
166,25,157,303
146,11,178,324
157,20,167,323
162,24,164,321
166,31,159,313
146,13,169,329
163,30,153,308
163,17,153,329
158,30,172,307
163,25,164,313
161,10,166,341
164,27,166,312
168,37,166,300
172,34,159,308
175,43,157,301
177,21,154,320
174,12,152,333
180,26,154,328
188,28,145,324
186,25,141,323
181,17,147,333
180,21,149,330
171,13,162,317
168,17,164,318
150,29,183,312
165,14,162,325
173,8,156,353
175,2,149,347
178,23,155,321
175,20,156,321
169,26,165,328
177,36,153,319
179,22,153,334
179,24,150,317
176,15,152,340
176,16,159,326
181,28,160,304
187,22,153,301
184,21,151,292
190,30,143,309
189,39,151,310
186,21,148,317
186,21,148,336
181,25,152,345
164,28,172,326
168,26,168,326
165,31,173,343
149,28,181,329
156,38,176,309
138,22,202,342
150,20,186,347
150,33,187,332
158,27,187,321
169,31,171,319
180,36,151,296
183,25,149,323
184,35,150,307
182,30,150,321
178,22,158,312
179,17,156,331
178,19,150,327
176,16,155,331
177,17,157,316
179,31,155,321
182,24,155,322
168,6,172,339
177,18,163,319
168,16,175,325
164,14,178,333
170,17,173,325
173,15,176,341
168,12,173,336
178,28,158,316
175,10,156,330
181,33,151,312
172,27,155,310
177,13,154,327
183,23,151,303
181,20,154,307
184,18,150,306
177,11,156,324
175,16,161,313
182,26,154,309
175,10,164,314
170,16,156,302
178,26,151,315
168,23,158,311
167,33,142,297
165,37,143,310
155,21,164,339
147,29,176,320
156,17,171,320
164,17,164,329
156,24,174,310
161,16,165,313
172,21,158,319
170,24,160,341
168,23,160,331
168,35,163,322
169,22,163,326
142,12,190,322
164,24,175,319
139,19,187,315
168,35,157,299
171,22,154,336
161,21,163,316
160,22,168,316
170,32,160,289
165,19,166,304
161,20,173,304
163,25,165,310
170,20,160,322
172,28,158,324
169,40,158,296
170,30,157,321
151,22,173,320
162,24,167,328
160,29,169,302
168,28,157,320
167,17,160,338
171,20,157,337
169,26,167,318
163,22,169,317
172,33,162,298
168,30,164,317
153,35,182,307
164,34,172,300
154,36,177,311
164,36,167,302
162,40,163,311
165,43,149,300
162,26,141,309
140,32,167,295
130,25,179,298
142,33,173,298
147,24,177,300
154,23,181,327
163,30,159,310
168,41,157,307
164,34,158,312
178,46,149,314
175,24,117,320
159,21,152,341
168,30,152,329
168,19,157,351
164,34,172,335
165,33,172,323
153,22,175,317
152,29,185,321
156,34,184,310
138,39,193,311
154,44,171,297
163,36,165,301
170,32,155,317
167,36,153,311
168,31,148,314
172,27,148,317
170,35,151,320
164,30,156,310
163,32,162,321
172,47,157,314
172,34,156,321
167,38,165,324
164,37,174,317
157,35,173,305
170,37,158,306
170,35,159,306
167,30,162,310
175,39,152,293
176,46,147,283
164,33,161,296
177,45,149,292
147,45,168,301
158,48,157,300
128,45,183,300
148,44,170,288
155,49,160,288
140,33,186,316
149,32,178,325
155,24,172,340
150,28,184,308
155,37,179,299
158,42,176,305
140,42,185,311
116,45,212,300
145,39,202,303
131,39,209,311
103,40,239,302
139,49,203,270
161,47,174,298
167,57,166,283
154,59,174,293
133,53,203,288
149,55,184,289
166,53,169,299
159,48,171,304
147,31,186,331
138,36,192,322
148,43,188,309
147,45,190,297
141,31,188,313
152,31,181,318
149,30,185,327
157,43,174,298
161,39,180,316
157,45,184,307
142,48,195,289
144,51,199,293
163,56,179,295
174,53,164,301
171,55,159,301
173,41,156,292
166,51,160,305
162,49,172,288
171,48,168,291
178,46,159,296
180,45,160,309
153,30,202,314
160,21,189,318
159,27,183,313
141,40,199,301
160,46,187,300
154,38,194,311
158,29,189,313
144,38,196,314
144,24,195,319
158,35,190,313
141,29,196,311
131,29,197,317
156,38,183,311
132,11,209,340
155,27,178,319
123,16,216,336
134,38,207,310
138,51,195,310
110,28,230,327
144,26,188,330
147,22,178,324
120,18,208,336
134,43,196,326
121,20,204,330
104,13,223,345
111,18,192,348
107,18,189,339
104,3,179,351
88,10,167,323
111,12,188,354
108,7,134,334
100,8,116,320
88,0,137,303
85,7,115,317
181,93,128,282
182,125,107,245
89,8,92,209
78,4,104,219
82,13,104,212
72,16,121,184
54,13,136,219
58,17,125,195
65,19,112,195
58,20,109,224
60,23,102,212
56,15,91,225
45,10,107,241
49,19,107,226
47,19,110,226
40,3,115,242
49,3,114,254
40,0,123,251
42,8,122,242
35,4,117,263
29,4,125,262
26,14,135,224
27,9,127,233
17,-3,130,250
26,-2,124,275
29,-1,127,250
28,1,122,268
29,3,120,245
19,-1,129,240
28,10,131,222
50,10,118,225
27,12,124,238
49,27,131,210
68,28,109,236
93,28,92,242
103,23,93,240
106,19,96,208
106,32,91,191
111,25,82,199
122,14,78,205
111,10,92,224
104,34,102,198
113,47,91,183
116,37,88,189
110,23,94,194
105,34,103,193
100,20,104,221
101,22,106,218
97,15,116,229
65,6,148,230
40,12,164,261
34,5,185,269
18,-10,201,313
50,5,248,339
73,26,213,354
24,-20,234,372
34,-3,246,368
50,37,210,327
59,47,220,323
60,88,240,267
36,37,230,315
43,47,266,302
43,83,309,283
10,22,286,326
16,42,337,334
12,21,298,347
38,10,289,362
52,32,295,361
29,11,291,358
41,-10,219,377
47,17,240,361
-4,-1,292,344
27,-20,255,369
30,-17,218,386
36,-14,231,379
27,0,263,376
12,0,318,375
-13,-36,321,420
35,9,257,376
52,22,254,347
56,9,240,365
23,0,282,360
27,-21,277,380
34,-17,269,388
55,-29,244,420
13,-46,273,426
38,-22,255,409
41,-37,238,370
62,-22,208,375
62,-15,200,373
42,-28,232,378
59,-10,234,376
36,-26,248,403
48,-37,249,414
49,-20,250,387
52,-12,257,388
63,-16,228,406
65,16,228,367
54,-8,249,385
43,18,305,362
39,-24,296,419
41,-27,298,408
16,-51,307,435
24,-51,283,444
49,-19,267,406
25,-45,303,439
54,11,257,376
35,-22,271,409
41,-27,259,409
36,-40,272,418
24,-18,273,397
55,-14,233,385
53,-9,238,385
69,6,214,366
51,-12,236,377
47,-7,259,374
69,28,249,354
39,1,262,351
52,-23,269,399
33,-24,295,395
50,-47,270,433
22,-14,301,391
32,-32,263,411
49,-6,248,384
25,-19,274,387
45,5,290,364
22,-15,280,366
53,36,257,342
50,29,257,332
24,-4,293,350
60,46,258,308
60,37,262,327
47,10,271,351
49,-16,283,399
76,-5,251,389
13,-13,289,369
0,-29,322,403
31,-9,302,407
44,-4,286,382
26,-6,291,378
57,-30,231,421
52,-43,229,435
55,-32,240,407
27,11,260,360
8,-3,294,353
20,-19,303,392
