79,69,132,200
86,80,130,259
89,78,129,265
106,65,113,280
105,63,117,272
102,65,124,271
104,66,125,267
92,65,144,265
114,73,119,258
117,69,117,257
121,74,116,250
121,74,117,249
122,65,121,255
135,63,107,255
131,74,116,242
136,65,111,245
138,62,114,252
135,69,126,237
142,65,121,244
145,61,122,241
150,58,119,247
148,57,130,242
150,65,134,231
147,61,143,233
159,66,130,225
165,65,126,227
171,66,118,220
172,64,122,222
170,58,129,227
171,56,132,232
181,42,122,243
176,43,134,238
190,41,117,240
182,43,130,236
188,47,123,226
194,46,114,228
197,44,112,229
195,34,119,241
196,60,119,205
198,59,115,207
198,53,116,213
198,47,119,218
201,57,118,205
207,49,110,210
208,59,106,196
213,56,100,195
214,50,101,202
210,56,108,193
214,53,104,199
212,50,110,197
212,49,109,197
215,56,106,187
213,51,108,188
216,47,104,193
214,55,108,181
222,52,97,184
226,47,94,187
223,48,97,189
222,45,100,184
217,48,104,180
215,45,108,181
223,54,97,169
220,50,99,175
222,52,96,165
218,57,100,159
224,49,92,168
220,51,97,168
223,51,95,161
219,56,98,159
218,56,102,154
219,59,99,148
222,51,95,160
222,61,95,144
218,51,102,163
221,62,98,147
218,53,102,158
219,45,98,166
220,51,97,151
217,51,100,149
215,57,102,142
218,48,99,161
219,55,97,146
220,59,98,141
216,49,103,155
219,46,96,153
220,49,96,148
218,62,99,129
220,54,99,142
219,55,96,135
221,58,97,131
220,58,100,133
218,47,102,147
218,52,100,133
220,56,98,133
222,48,99,141
221,53,99,133
220,59,101,127
222,44,99,144
222,44,97,141
225,48,96,136
227,40,93,145
235,41,86,142
231,45,91,136
230,40,93,140
231,47,93,133
235,38,89,141
237,36,85,147
238,37,84,143
238,40,86,139
239,36,83,141
240,36,84,138
239,38,83,140
240,38,84,134
236,38,89,132
235,37,91,136
239,40,87,131
240,36,85,133
239,37,88,132
243,39,82,127
247,38,78,127
242,37,84,129
245,36,83,124
246,37,80,127
245,35,84,127
247,37,80,125
248,37,77,121
249,37,76,119
250,35,77,126
247,36,81,116
248,38,80,122
249,35,81,123
250,34,81,126
251,34,77,123
250,37,81,115
250,35,80,123
252,36,78,118
248,36,81,113
253,34,77,121
252,35,78,115
252,34,79,121
255,37,76,115
253,35,79,116
253,35,80,119
255,37,76,114
253,36,78,112
255,38,76,113
254,37,76,109
254,36,77,112
254,38,77,114
255,37,75,108
253,36,78,107
255,36,76,112
253,33,80,112
256,38,73,104
255,39,75,105
256,38,74,107
255,37,74,104
255,35,76,109
256,34,73,112
256,35,73,105
257,36,70,103
257,36,71,105
255,34,74,106
254,37,76,105
256,34,72,104
254,34,73,104
255,37,75,100
255,36,71,104
255,37,73,99
254,36,72,102
254,37,72,99
253,36,73,98
253,33,70,105
252,36,71,99
251,36,73,99
252,38,74,96
250,36,73,97
249,33,73,100
252,36,68,100
250,35,68,96
250,34,69,99
247,36,73,96
247,39,70,91
246,35,71,93
245,36,72,92
245,37,68,91
246,31,67,98
248,33,63,96
246,31,66,96
246,29,63,101
246,31,63,96
246,33,61,96
247,32,59,96
245,32,60,98
246,22,56,107
241,28,63,97
241,27,61,101
241,26,60,98
241,19,60,104
242,26,60,98
240,27,60,96
241,32,60,89
238,25,62,99
239,24,61,98
239,21,61,101
236,29,66,92
238,26,61,98
238,28,63,95
237,26,63,98
238,24,62,99
237,28,62,95
236,28,65,95
235,32,65,90
237,25,64,99
236,29,65,97
238,29,60,95
237,26,61,98
236,28,64,94
236,29,63,92
236,27,63,96
236,27,63,95
236,29,63,91
236,28,62,90
237,29,59,90
237,29,60,91
236,29,61,89
239,31,55,88
238,28,55,90
239,26,52,93
237,27,55,93
239,24,52,97
240,21,50,98
241,24,49,96
240,20,49,99
240,25,50,93
241,21,50,98
241,21,49,96
239,16,53,103
237,17,55,102
238,18,54,100
241,24,49,93
240,16,50,102
240,21,51,96
239,17,51,100
240,21,51,96
241,19,49,96
241,21,47,95
241,21,47,95
241,21,48,96
241,20,48,96
242,21,45,94
241,14,48,103
240,21,55,96
240,12,53,104
240,10,59,107
238,11,65,104
237,16,73,100
234,8,82,110
228,30,90,89
232,31,87,83
231,37,84,77
234,35,81,81
234,34,81,83
236,17,79,97
235,17,74,100
232,7,77,113
232,13,75,107
230,10,66,106
229,6,75,120
225,13,88,111
231,19,71,102
225,30,85,95
218,25,92,96
226,16,84,106
230,12,76,121
228,9,73,120
228,6,75,121
229,9,75,117
231,12,67,110
227,21,78,102
226,29,80,93
225,31,83,87
226,32,84,89
230,34,81,83
227,40,85,75
224,40,92,74
231,28,81,85
226,28,91,89
227,28,91,85
231,26,85,89
234,25,83,90
237,27,81,86
232,30,89,84
235,31,86,85
236,24,86,91
237,26,79,90
242,19,73,94
243,23,75,91
243,15,73,98
244,20,71,95
249,12,62,103
251,15,61,100
252,6,58,109
254,6,56,108
259,3,52,112
262,5,50,110
263,7,50,110
263,8,51,109
264,11,50,103
262,17,53,99
264,17,53,98
266,16,52,97
266,16,53,97
266,19,57,94
264,18,61,95
265,18,64,95
265,14,59,101
265,15,65,98
263,13,65,100
266,15,64,97
265,13,67,103
264,21,63,93
267,20,63,92
266,12,65,103
267,8,68,108
266,5,68,111
270,5,57,112
269,5,57,111
268,6,63,108
268,7,60,107
268,9,58,107
266,14,67,100
268,13,56,104
267,12,58,103
268,13,53,101
267,16,54,100
262,21,69,97
263,23,65,94
264,21,61,95
264,19,65,97
263,19,62,97
265,16,64,102
266,19,58,97
265,24,62,91
263,22,61,94
264,24,64,91
263,23,61,93
263,21,61,96
264,23,59,93
264,25,61,91
265,24,59,92
263,26,63,90
261,29,63,88
264,27,59,90
263,26,62,93
260,28,66,91
261,27,66,93
261,24,66,98
261,22,62,101
261,25,64,97
262,24,64,100
263,27,60,96
258,28,68,95
258,28,68,95
258,28,67,97
258,26,63,100
259,28,60,97
256,30,65,95
256,29,67,98
258,28,62,100
252,30,68,97
254,29,67,98
253,29,69,99
254,30,63,98
253,28,65,101
252,29,65,101
251,29,67,102
251,29,66,102
250,29,68,102
251,29,65,105
249,32,65,99
249,31,64,96
248,30,64,99
250,28,60,103
248,28,62,104
248,30,61,100
247,32,64,98
249,25,59,107
249,22,59,111
248,22,60,114
249,21,60,114
248,20,60,116
248,21,59,116
248,21,60,117
247,18,62,121
246,23,63,115
246,28,63,111
246,25,62,114
247,19,61,123
247,17,62,127
247,19,63,125
247,20,62,123
246,29,65,115
246,22,65,122
242,28,72,118
241,35,73,110
241,36,75,111
239,37,78,109
242,37,73,112
244,37,72,111
241,38,76,111
241,37,77,112
239,38,80,111
242,38,77,113
241,38,79,111
241,38,80,112
245,36,73,115
242,37,81,114
240,42,81,109
238,42,84,108
238,41,84,112
240,39,84,114
241,38,79,117
240,40,82,113
240,39,82,115
241,39,80,114
242,40,82,114
242,38,78,115
242,39,81,114
243,37,78,117
246,37,74,117
241,39,81,114
240,37,83,117
237,36,87,118
236,39,88,116
241,36,81,114
241,36,82,115
242,36,80,117
241,35,83,116
241,35,82,117
244,37,76,114
241,36,83,115
243,30,81,124
242,37,80,116
243,36,79,117
241,36,82,117
242,37,80,117
240,38,83,114
240,39,85,114
238,35,88,118
238,33,89,120
242,32,84,122
239,33,90,119
238,32,92,122
240,30,87,123
239,34,91,119
242,32,84,120
243,31,82,121
243,31,82,120
247,29,77,123
245,29,80,123
247,33,79,118
246,28,82,126
245,32,79,121
243,33,83,119
244,30,81,124
242,32,87,122
241,37,86,118
241,32,88,123
243,35,81,118
240,36,88,116
238,35,88,117
239,33,86,118
240,34,85,119
241,35,83,118
241,34,84,120
242,32,82,123
239,43,87,110
242,39,81,115
245,37,79,116
242,39,82,115
243,41,81,112
244,40,79,112
242,38,83,116
244,37,77,116
243,39,80,114
244,38,77,115
244,38,77,115
245,37,80,118
246,37,79,117
245,37,80,117
246,35,77,118
244,36,80,119
243,41,83,117
245,37,88,120
246,37,79,119
244,37,85,120
241,46,93,111
245,37,87,120
244,35,86,123
244,38,91,120
245,39,90,115
245,32,87,125
246,31,83,125
245,38,88,118
246,35,91,123
243,41,89,117
244,37,91,120
244,44,94,116
239,43,99,113
241,45,94,111
241,41,92,115
242,42,91,113
242,40,90,116
243,41,91,114
244,36,88,120
243,35,87,121
242,35,91,122
241,36,93,123
241,36,91,123
241,41,94,119
245,35,85,123
242,34,94,126
245,36,90,124
244,34,95,126
246,39,93,122
248,33,91,127
248,36,92,124
249,34,95,130
251,33,86,126
251,34,92,127
252,34,82,126
247,38,94,121
248,36,98,125
244,40,107,120
250,35,99,126
249,46,104,115
248,50,107,114
250,53,105,110
255,75,101,92
250,46,106,116
259,41,82,119
251,41,96,121
250,38,100,127
249,43,95,118
249,46,97,116
249,43,100,116
251,44,95,116
249,42,95,118
250,41,91,119
253,42,82,118
254,33,83,128
247,43,93,115
249,41,88,115
249,38,89,120
248,39,88,118
247,37,89,121
246,37,90,123
245,39,89,122
245,38,88,120
244,41,91,119
246,39,86,119
242,39,93,121
246,36,81,123
241,45,93,112
241,41,90,114
242,42,91,118
235,42,101,120
240,41,87,118
240,40,91,118
240,40,94,120
240,41,91,117
241,38,94,122
240,38,87,121
232,42,104,121
239,39,91,121
240,40,87,118
237,44,97,115
231,40,106,120
231,41,101,117
236,37,98,121
233,40,98,121
237,37,88,119
233,38,98,123
228,41,100,120
226,41,106,115
232,43,97,114
231,44,100,116
232,41,100,117
226,49,108,112
232,45,99,113
237,42,84,115
225,49,106,112
226,47,106,111
224,41,105,118
231,43,90,113
237,42,84,117
231,42,92,116
231,42,90,114
230,47,92,114
232,44,93,114
220,50,106,109
221,45,108,114
225,58,104,101
218,45,113,110
216,35,115,119
212,21,120,136
202,18,134,140
216,24,114,133
207,15,128,147
217,20,115,143
214,24,119,137
204,22,137,143
204,22,133,137
205,22,133,138
214,38,126,123
228,31,106,127
228,48,112,115
231,56,110,103
232,55,106,104
239,63,100,94
240,77,98,81
236,61,102,97
237,58,100,99
234,57,105,99
235,58,105,97
237,59,100,98
233,73,107,83
230,57,112,101
233,60,106,99
234,58,102,100
237,37,83,123
243,29,76,130
241,37,80,121
249,24,69,136
241,35,79,125
242,38,81,120
242,45,87,115
244,45,83,112
244,44,86,117
247,39,85,119
248,35,82,125
251,27,80,135
253,30,80,131
254,29,78,131
257,31,76,129
257,27,78,133
259,27,76,133
260,28,77,133
263,29,74,130
263,26,77,135
265,24,77,137
266,24,77,137
268,22,74,141
269,25,77,135
271,26,77,136
271,33,80,127
273,34,80,127
273,37,81,122
273,35,84,125
274,34,86,127
272,34,94,127
276,31,91,133
277,29,93,135
280,25,80,138
277,26,103,137
277,28,94,138
280,24,101,140
277,29,98,135
276,29,102,135
279,30,101,135
275,33,106,132
281,36,102,127
282,34,104,129
288,32,97,128
278,34,110,127
285,35,105,129
273,36,118,124
277,27,117,132
272,27,116,133
276,29,115,133
277,27,113,135
272,26,117,135
279,29,113,132
278,29,112,133
276,39,118,119
280,39,110,121
279,34,106,125
279,33,97,128
272,31,121,132
281,32,109,125
284,44,92,113
282,36,112,125
286,51,97,107
285,66,91,90
284,68,89,84
283,68,97,84
282,69,96,83
278,49,105,107
280,45,104,109
282,49,98,106
282,62,97,92
280,63,100,88
275,65,112,85
273,66,111,86
275,71,108,78
273,72,102,80
273,70,99,82
273,81,94,70
272,94,94,53
274,97,90,49
274,90,93,58
272,93,92,55
273,85,93,66
272,92,92,56
268,92,96,55
270,83,97,67
266,87,99,61
267,90,95,56
265,81,100,69
265,73,97,81
261,79,100,71
263,79,94,73
260,79,98,71
256,81,100,67
256,79,99,70
256,78,100,74
255,77,99,74
254,75,97,76
252,75,96,77
250,76,96,77
251,77,93,77
250,65,89,90
251,51,87,103
253,43,82,115
249,39,84,123
253,37,74,125
251,38,76,122
250,36,77,126
249,33,74,129
249,38,72,123
248,40,71,120
249,36,69,125
248,40,71,124
245,40,73,122
243,42,76,122
243,42,76,123
242,42,77,123
241,47,77,119
241,43,78,124
239,42,83,126
239,43,79,128
238,46,81,125
238,45,82,128
235,46,89,124
233,47,91,126
239,45,83,128
237,45,87,130
235,46,91,131
237,50,91,127
235,47,95,129
240,42,89,137
238,54,92,129
238,47,93,134
242,50,90,130
241,49,93,132
244,45,92,137
244,51,94,131
243,55,96,128
244,49,97,134
248,50,92,136
249,46,93,144
247,45,97,144
251,54,93,132
250,45,96,144
253,44,91,146
252,46,93,143
252,47,96,143
253,55,94,134
255,52,93,138
259,53,87,137
251,47,98,148
257,49,91,141
256,53,94,137
255,58,94,133
257,49,91,142
257,49,94,143
258,51,94,141
255,57,97,131
256,51,94,140
256,52,98,140
257,55,95,136
256,57,96,133
255,50,98,142
259,54,92,138
255,56,99,134
257,55,95,136
258,56,94,135
259,59,91,133
257,57,95,134
258,51,94,143
260,49,92,145
260,54,93,136
258,52,94,142
263,46,89,148
260,51,93,142
261,50,93,143
263,50,91,143
264,51,92,143
265,52,90,144
265,49,92,148
268,52,87,145
267,54,93,144
274,54,82,144
272,55,88,142
272,54,89,144
275,57,87,143
278,55,82,145
278,53,86,148
279,52,85,152
282,57,85,145
283,58,85,142
283,60,87,142
286,59,84,144
286,60,86,144
286,61,87,142
287,57,88,149
288,60,84,148
287,63,88,145
284,57,93,149
286,56,92,155
287,62,90,149
288,64,91,146
285,64,94,151
288,66,88,151
286,64,91,155
282,68,100,152
283,61,99,163
283,61,95,166
283,65,92,158
283,67,92,161
282,66,98,157
280,68,96,162
280,68,96,163
281,69,94,163
280,69,94,166
277,71,97,166
277,61,97,176
277,67,96,176
277,72,94,169
269,61,112,178
271,55,102,189
265,61,117,181
262,52,119,192
266,54,112,195
265,51,113,199
265,68,109,180
262,72,110,180
264,64,107,188
263,64,107,183
265,57,107,198
266,58,99,200
261,60,107,200
263,48,104,215
260,46,107,220
259,44,108,225
261,41,106,230
258,39,108,238
259,42,103,237
258,39,106,241
257,43,108,236
256,41,108,241
253,43,113,240
254,46,112,242
253,50,111,235
251,47,115,240
251,45,115,245
249,44,118,249
249,43,118,249
253,42,116,255
252,45,117,253
252,43,117,258
248,42,122,264
251,43,120,265
250,48,118,257
249,51,118,261
249,56,123,252
246,55,126,259
251,51,121,257
249,61,119,254
244,67,128,252
246,62,128,263
247,72,129,256
244,61,129,266
249,57,122,269
254,64,127,267
244,66,134,276
