197,172,61,61
195,170,63,68
188,168,68,67
190,169,66,66
195,168,60,68
191,172,65,64
192,174,61,60
187,171,67,69
192,173,58,61
191,175,60,56
190,175,58,58
193,174,54,59
191,176,56,54
186,177,62,55
185,177,61,56
187,174,58,71
181,176,60,70
187,181,48,67
191,178,40,70
190,180,38,70
190,180,38,70
187,193,39,67
181,194,40,68
181,194,40,68
179,200,37,74
174,200,50,73
178,210,46,67
182,208,42,65
183,205,42,61
188,208,47,58
188,209,43,56
191,207,43,57
192,206,41,58
190,202,47,55
191,203,43,46
191,203,43,46
191,203,43,46
191,203,43,46
191,203,43,46
191,203,43,46
191,203,43,46
191,203,43,46
191,203,43,46
191,203,43,46
191,203,43,46
191,203,43,46
191,203,43,46
191,203,43,46
191,203,43,46
191,203,43,46
219,230,47,51
219,230,47,51
218,266,50,44
218,266,50,44
218,266,50,44
218,266,50,44
218,266,50,44
218,266,50,44
218,266,50,44
218,266,50,44
218,266,50,44
218,266,50,44
218,266,50,44
218,266,50,44
218,266,50,44
218,266,50,44
218,266,50,44
218,266,50,44
218,266,50,44
218,266,50,44
218,266,50,44
218,266,50,44
218,266,50,44
218,266,50,44
218,266,50,44
218,266,50,44
218,266,50,44
218,266,50,44
230,225,61,44
243,194,71,40
258,162,69,30
263,131,65,29
268,106,59,25
273,78,56,27
279,53,49,29
289,31,41,32
297,12,40,33
301,3,33,28
301,3,33,28
301,3,33,28
301,3,33,28
301,3,33,28
301,3,33,28
301,3,33,28
301,3,33,28
301,3,33,28
301,3,33,28
301,3,33,28
301,3,33,28
301,3,33,28
301,3,33,28
301,3,33,28
301,3,33,28
301,3,33,28
301,3,33,28
370,-1,28,25
376,6,32,24
378,18,33,24
386,34,30,26
393,51,27,29
391,58,31,33
389,65,36,32
392,85,33,26
392,85,33,26
379,113,31,24
382,132,26,25
381,150,28,27
388,159,33,32
385,181,36,36
381,211,39,35
381,247,41,37
385,278,39,37
379,305,36,40
379,305,36,40
379,305,36,40
379,305,36,40
379,305,36,40
379,305,36,40
379,305,36,40
379,305,36,40
379,305,36,40
379,305,36,40
379,305,36,40
379,305,36,40
379,305,36,40
379,305,36,40
379,305,36,40
379,305,36,40
379,305,36,40
379,305,36,40
379,305,36,40
379,305,36,40
379,305,36,40
379,305,36,40
379,305,36,40
324,297,38,33
324,297,38,33
324,297,38,33
324,297,38,33
298,278,35,26
298,278,35,26
298,278,35,26
298,278,35,26
298,278,35,26
298,278,35,26
298,278,35,26
298,278,35,26
324,286,29,24
323,287,28,23
326,284,26,23
326,284,26,23
330,291,26,23
328,293,26,26
322,291,28,28
322,291,28,28
314,293,31,22
314,294,26,22
314,294,26,22
314,294,26,22
314,294,26,22
314,294,26,22
314,294,26,22
314,294,26,22
314,294,26,22
314,294,26,22
281,243,28,25
276,236,25,25
268,225,24,28
259,219,24,24
259,219,24,24
252,206,25,20
243,198,25,19
208,167,25,24
231,178,20,25
228,170,19,24
202,174,23,22
217,163,22,18
216,162,23,21
210,162,26,21
207,162,28,23
198,163,31,27
195,162,34,29
191,165,34,33
193,161,34,36
193,161,34,36
193,161,34,36
184,161,42,31
176,163,45,33
172,158,48,41
183,219,38,34
179,274,45,34
173,261,49,34
177,250,48,39
171,235,53,42
175,227,53,48
178,211,53,46
185,203,48,39
191,195,46,34
192,188,47,32
197,185,47,26
201,180,44,31
203,180,44,28
195,183,53,31
198,184,47,39
201,187,46,46
205,190,44,49
195,200,51,51
199,213,44,47
198,227,42,43
198,227,42,43
194,252,36,37
205,254,32,43
194,261,34,48
193,268,34,52
192,277,31,45
191,276,34,50
191,275,31,49
198,269,35,46
195,268,34,41
206,256,34,35
210,240,43,30
210,224,46,35
214,209,41,43
209,189,43,48
212,173,39,49
208,153,47,57
198,136,46,59
203,126,38,52
191,115,44,45
192,108,46,39
188,100,47,38
185,95,46,38
181,91,46,37
174,85,50,41
171,86,48,41
166,85,51,40
164,88,48,38
158,94,47,34
150,100,49,36
153,108,40,47
140,119,48,45
136,121,50,45
131,122,57,45
133,125,55,45
123,117,51,46
126,112,51,52
124,106,50,50
121,104,59,50
114,92,63,50
116,88,61,50
117,85,57,47
116,77,56,52
119,78,55,45
119,78,56,42
119,78,59,40
126,80,53,39
124,81,58,38
132,87,58,45
136,91,58,44
142,103,62,53
147,109,55,48
151,121,57,51
152,128,60,48
156,133,56,42
159,146,55,40
163,150,55,34
163,150,55,34
102,117,52,41
102,117,52,41
102,117,52,41
102,117,52,41
114,118,61,47
114,118,61,47
114,118,61,47
114,118,61,47
114,118,61,47
114,118,61,47
114,118,61,47
114,118,61,47
114,118,61,47
235,229,47,38
241,216,44,35
251,194,40,38
248,179,44,40
256,160,38,39
252,145,41,42
250,134,46,42
253,118,42,45
256,111,38,39
259,103,35,39
260,98,37,43
258,95,40,41
262,91,35,46
262,90,35,47
262,93,33,45
263,95,36,48
266,102,30,39
265,111,34,34
262,118,39,33
260,131,45,31
259,143,49,30
258,161,47,29
262,183,45,36
257,195,50,33
258,213,46,41
257,226,47,46
257,239,42,44
257,253,34,39
260,257,27,37
253,263,29,37
249,263,29,40
245,265,30,36
245,265,30,36
245,265,30,36
245,265,30,36
245,265,30,36
245,265,30,36
245,265,30,36
245,265,30,36
245,265,30,36
245,265,30,36
245,265,30,36
245,265,30,36
245,265,30,36
245,265,30,36
245,265,30,36
245,265,30,36
245,265,30,36
245,265,30,36
245,265,30,36
245,265,30,36
245,265,30,36
245,265,30,36
245,265,30,36
245,265,30,36
245,265,30,36
245,265,30,36
245,265,30,36
245,265,30,36
245,265,30,36
245,265,30,36
245,265,30,36
245,265,30,36
245,265,30,36
245,265,30,36
245,265,30,36
245,265,30,36
245,265,30,36
245,265,30,36
256,210,30,29
256,218,31,26
251,223,33,30
248,229,38,32
245,239,38,24
243,241,37,25
238,246,40,23
234,250,41,25
223,247,47,28
220,240,44,31
217,234,48,36
220,221,40,40
216,207,41,48
215,195,42,55
212,181,41,59
210,171,42,50
203,162,48,39
205,152,43,35
194,142,48,41
190,136,55,42
189,134,60,50
195,134,47,49
182,136,52,45
184,140,53,38
185,144,48,43
185,151,44,48
186,156,42,50
179,161,47,43
180,164,42,45
178,166,43,46
179,164,40,52
180,163,36,55
181,166,36,51
183,165,34,52
169,169,37,52
172,163,28,64
182,163,35,56
186,166,36,52
187,166,32,50
175,171,36,56
189,168,37,48
175,175,38,51
181,173,44,51
179,179,51,47
185,183,48,43
181,189,57,46
182,197,63,39
188,202,62,37
191,206,55,36
186,211,59,39
191,216,53,35
200,224,56,35
200,227,48,36
204,231,44,37
207,233,41,40
206,238,43,40
201,238,44,40
206,238,37,42
210,243,33,40
211,246,33,41
213,245,31,44
213,248,31,40
215,248,28,39
217,248,29,40
219,251,24,37
222,250,25,35
222,251,27,33
223,243,28,35
225,243,31,33
224,243,39,31
213,230,40,35
215,231,44,35
215,221,40,36
216,220,43,34
214,213,40,34
212,210,43,40
213,203,36,43
214,204,33,45
220,204,35,46
221,205,27,43
220,205,26,45
224,209,25,41
224,212,26,38
224,216,27,37
221,222,30,35
220,230,30,30
211,240,37,31
218,249,30,31
210,252,35,31
214,261,29,35
215,254,27,43
215,264,25,40
215,266,23,37
207,258,29,37
209,259,30,34
209,254,28,30
204,240,29,31
204,230,31,33
206,224,26,29
206,212,25,28
205,201,26,26
206,188,24,21
214,170,19,18
213,149,22,18
220,121,19,18
225,96,21,16
236,76,21,19
236,76,21,19
236,76,21,19
236,76,21,19
236,76,21,19
236,76,21,19
236,76,21,19
236,76,21,19
236,76,21,19
236,76,21,19
236,76,21,19
236,76,21,19
236,76,21,19
233,114,23,22
233,114,23,22
233,114,23,22
233,114,23,22
233,114,23,22
185,150,23,23
177,156,28,27
177,156,28,27
177,156,28,27
177,156,28,27
186,195,24,25
186,195,24,25
186,195,24,25
186,195,24,25
186,195,24,25
186,195,24,25
186,195,24,25
186,195,24,25
186,195,24,25
186,195,24,25
186,195,24,25
186,195,24,25
186,195,24,25
186,195,24,25
186,195,24,25
186,195,24,25
186,195,24,25
186,195,24,25
186,195,24,25
186,195,24,25
186,195,24,25
186,195,24,25
186,195,24,25
186,195,24,25
186,195,24,25
186,195,24,25
186,195,24,25
140,151,26,26
140,151,27,23
135,153,31,20
138,154,29,18
138,154,29,18
139,154,28,21
141,153,27,22
144,150,28,24
143,148,29,27
143,145,30,33
147,141,29,37
144,140,36,40
142,140,42,44
142,140,42,44
147,138,45,50
152,140,46,45
