399,110,40,60
397,108,39,61
397,109,38,59
397,111,38,60
396,111,37,59
395,111,37,58
393,112,37,58
392,111,38,56
389,112,38,57
386,109,37,57
383,109,37,59
380,108,37,61
377,109,37,59
373,110,37,56
369,109,37,58
366,107,36,57
363,106,36,59
359,106,37,58
357,104,34,58
353,103,36,59
352,100,35,59
350,100,34,58
347,99,35,58
345,96,35,57
343,95,35,59
344,95,35,58
343,92,35,59
344,89,34,61
344,92,35,59
346,90,34,59
346,93,35,59
348,91,35,60
348,91,36,60
351,87,34,58
353,87,35,58
355,84,37,60
358,83,37,59
363,81,35,59
366,83,35,61
367,80,36,59
371,79,38,60
375,79,35,63
378,76,37,63
381,75,38,64
384,74,39,63
386,71,38,62
390,68,39,62
392,64,39,63
396,60,41,65
398,53,40,66
402,49,37,66
405,45,39,67
407,43,41,67
405,38,40,65
407,37,41,69
406,35,41,69
406,34,40,70
403,34,42,69
401,36,40,70
399,35,40,71
395,38,40,71
390,41,40,70
383,41,40,70
378,43,40,68
371,44,40,70
364,46,41,68
357,50,41,67
351,55,40,65
346,61,38,64
338,68,40,61
333,74,39,59
328,79,38,59
323,83,38,58
318,87,37,55
313,90,37,54
308,92,37,51
306,94,35,53
303,95,34,55
301,96,34,53
299,96,34,51
297,96,35,50
295,98,35,51
296,97,34,51
296,100,34,51
296,98,33,52
297,100,33,50
298,103,34,53
298,103,36,50
300,105,36,51
303,108,37,50
306,107,38,50
311,107,36,50
317,107,35,51
320,106,37,54
327,106,34,54
333,107,34,53
339,106,33,55
343,104,34,57
348,105,35,58
353,109,35,55
357,109,35,57
361,109,36,59
365,112,34,57
367,112,34,55
370,113,33,55
370,111,33,55
369,114,37,56
371,117,35,57
369,117,33,56
367,119,35,56
364,123,35,54
359,126,36,55
356,126,36,55
352,128,36,53
347,130,36,56
341,132,37,54
335,134,36,51
331,135,36,52
328,135,34,53
324,134,34,56
318,134,34,52
312,132,35,50
308,129,37,51
303,127,38,51
299,125,40,51
298,126,39,50
295,126,39,48
295,124,38,49
294,124,38,50
290,123,39,49
289,124,39,51
287,123,39,52
286,128,40,50
285,126,39,52
285,131,38,50
286,133,38,51
286,136,37,51
286,139,38,51
286,143,38,53
286,147,39,54
287,150,38,60
289,154,39,56
291,158,37,53
292,160,38,53
294,163,38,50
295,165,39,47
296,167,36,45
297,168,38,43
297,169,39,43
298,171,39,43
298,172,38,41
298,174,38,39
298,176,36,38
297,179,36,35
296,181,33,34
296,184,32,32
296,186,31,35
295,188,30,34
293,189,30,31
293,189,30,31
291,189,30,34
290,191,31,30
290,191,31,30
290,191,31,30
290,191,31,30
290,191,31,30
290,191,31,30
290,191,31,30
290,191,31,30
290,191,31,30
290,191,31,30
290,191,31,30
290,191,31,30
290,191,31,30
290,191,31,30
290,191,31,30
290,191,31,30
290,191,31,30
290,191,31,30
290,191,31,30
290,191,31,30
290,191,31,30
290,191,31,30
290,191,31,30
290,191,31,30
290,191,31,30
290,191,31,30
290,191,31,30
290,191,31,30
290,191,31,30
290,191,31,30
290,191,31,30
290,191,31,30
290,191,31,30
290,191,31,30
290,191,31,30
290,191,31,30
290,191,31,30
290,191,31,30
290,191,31,30
290,191,31,30
290,191,31,30
290,191,31,30
290,191,31,30
290,191,31,30
290,191,31,30
290,191,31,30
290,191,31,30
290,191,31,30
290,191,31,30
290,191,31,30
290,191,31,30
290,191,31,30
290,191,31,30
290,191,31,30
290,191,31,30
290,191,31,30
290,191,31,30
290,191,31,30
290,191,31,30
290,191,31,30
290,191,31,30
290,191,31,30
290,191,31,30
290,191,31,30
290,191,31,30
290,191,31,30
290,191,31,30
290,191,31,30
290,191,31,30
290,191,31,30
290,191,31,30
290,191,31,30
290,191,31,30
290,191,31,30
290,191,31,30
290,191,31,30
290,191,31,30
290,191,31,30
290,191,31,30
290,191,31,30
290,191,31,30
290,191,31,30
290,191,31,30
290,191,31,30
290,191,31,30
290,191,31,30
290,191,31,30
290,191,31,30
290,191,31,30
290,191,31,30
290,191,31,30
290,191,31,30
290,191,31,30
290,191,31,30
290,191,31,30
290,191,31,30
290,191,31,30
290,191,31,30
290,191,31,30
290,191,31,30
290,191,31,30
290,191,31,30
290,191,31,30
290,191,31,30
290,191,31,30
290,191,31,30
290,191,31,30
290,191,31,30
290,191,31,30
290,191,31,30
290,191,31,30
290,191,31,30
290,191,31,30
290,191,31,30
290,191,31,30
290,191,31,30
290,191,31,30
290,191,31,30
290,191,31,30
290,191,31,30
290,191,31,30
290,191,31,30
290,191,31,30
290,191,31,30
290,191,31,30
290,191,31,30
290,191,31,30
290,191,31,30
290,191,31,30
290,191,31,30
290,191,31,30
290,191,31,30
290,191,31,30
290,191,31,30
290,191,31,30
290,191,31,30
290,191,31,30
290,191,31,30
290,191,31,30
290,191,31,30
290,191,31,30
290,191,31,30
290,191,31,30
290,191,31,30
290,191,31,30
290,191,31,30
290,191,31,30
290,191,31,30
277,186,33,26
278,183,33,28
280,180,33,31
283,176,32,35
285,171,32,39
286,168,32,43
288,166,31,45
288,165,33,48
286,163,36,52
286,161,38,52
285,159,41,53
286,158,42,54
288,156,40,54
288,153,37,57
291,150,32,56
291,148,33,53
291,144,34,54
291,142,34,52
295,139,31,54
294,138,34,53
296,136,35,54
296,135,37,53
300,134,37,53
302,133,37,54
310,134,32,53
314,135,31,52
319,137,31,52
323,138,31,51
330,138,31,50
336,137,32,51
343,139,32,49
349,140,36,50
353,140,38,53
360,142,39,54
368,144,39,53
375,144,39,54
382,145,39,53
389,146,38,52
395,146,37,53
399,148,39,53
401,149,41,54
402,148,45,53
403,149,44,53
402,148,47,51
400,148,44,51
398,146,43,52
390,143,46,54
387,145,42,52
381,143,40,52
372,144,41,53
364,147,40,53
353,146,38,52
344,147,38,52
332,148,40,49
325,151,39,48
315,149,36,51
302,148,37,48
294,147,32,48
287,144,31,48
285,143,32,47
278,143,36,45
275,141,36,49
269,138,36,47
265,136,35,45
262,133,34,47
260,130,31,48
259,131,31,49
261,132,29,47
262,133,31,48
264,131,31,49
267,131,34,48
272,133,33,46
279,132,34,49
287,133,32,48
295,130,31,48
303,129,38,51
316,128,37,52
327,128,37,53
337,128,39,54
345,130,42,56
359,132,40,57
372,132,42,58
383,132,42,59
396,132,40,60
404,132,45,61
413,131,49,63
420,131,54,61
427,129,56,61
432,128,58,59
438,128,56,59
443,127,54,58
447,128,53,60
448,129,49,60
447,132,50,60
445,135,48,60
440,137,49,61
433,141,52,60
427,146,51,58
419,152,53,56
411,156,51,55
403,161,47,52
395,164,43,50
389,166,38,51
379,166,36,49
370,168,35,49
360,168,33,46
349,166,34,45
336,165,37,45
331,161,33,47
324,158,31,44
318,154,28,42
308,148,27,43
299,140,27,43
292,137,27,42
285,131,28,44
277,127,28,44
270,123,26,43
262,119,28,45
253,116,29,45
246,113,31,46
241,108,28,45
233,106,32,47
227,102,31,49
221,100,34,48
216,95,37,52
213,93,38,52
213,91,37,55
211,89,38,53
214,87,38,55
219,83,37,59
226,81,39,62
231,78,41,62
239,75,42,66
251,73,43,65
266,73,46,64
279,71,48,61
295,70,47,65
308,71,52,64
327,72,50,65
338,76,53,65
351,80,56,65
365,86,55,64
373,94,57,61
384,99,50,61
388,108,51,60
394,113,49,60
395,122,48,57
398,128,44,55
395,135,45,54
392,139,44,52
387,142,44,50
382,142,41,48
376,144,40,46
368,142,38,44
362,142,36,43
354,141,36,43
346,139,33,43
339,137,30,39
330,135,28,39
323,132,28,39
315,129,26,40
304,125,28,42
297,124,24,40
289,121,26,41
279,118,28,40
273,117,27,43
265,114,29,43
258,115,30,43
251,112,31,44
249,109,28,47
242,107,32,47
241,104,32,49
239,102,34,52
239,96,35,54
241,96,38,54
246,93,40,57
252,89,41,59
260,87,46,60
274,82,47,62
289,79,48,62
303,76,49,60
305,76,49,60
319,75,50,61
322,74,53,64
335,74,57,64
351,75,59,65
369,77,56,63
384,79,56,66
396,84,57,65
407,90,56,62
412,96,55,62
418,102,55,61
420,109,54,60
418,116,53,55
417,120,51,57
414,128,50,52
408,130,48,53
402,133,44,50
392,136,44,47
382,136,44,47
373,137,41,45
364,139,38,42
352,136,39,43
341,135,39,42
333,133,35,43
326,132,29,43
313,131,28,41
300,128,31,42
293,126,27,41
282,123,29,43
271,121,31,45
263,119,29,45
255,118,29,44
249,115,30,46
242,114,30,47
235,113,33,45
232,110,34,48
230,107,36,49
229,105,38,50
231,104,39,52
234,100,43,54
242,98,40,56
252,97,41,58
263,95,39,59
277,95,37,58
291,95,36,57
306,96,44,58
323,95,47,61
340,95,48,62
354,98,52,62
371,100,50,61
387,99,51,63
398,103,53,60
409,103,51,60
418,106,51,61
423,109,53,57
427,112,53,59
428,115,52,56
429,116,47,54
428,116,46,54
423,117,45,52
419,120,41,49
413,121,39,47
403,121,43,47
396,122,41,47
386,121,40,46
379,118,35,46
371,117,35,45
362,116,32,44
352,113,33,45
345,112,30,45
336,111,29,43
328,109,26,44
321,107,26,44
311,105,26,44
303,104,27,44
294,104,29,44
288,103,30,45
284,103,28,45
278,103,29,47
273,102,31,46
271,102,28,49
269,100,29,47
268,99,28,49
266,97,28,50
266,96,29,52
265,95,31,52
265,93,34,55
267,94,33,57
270,94,34,57
273,92,35,58
275,93,35,59
278,90,38,61
282,89,37,65
286,88,40,64
288,88,43,64
292,88,45,64
295,87,48,66
301,86,45,68
305,85,45,69
311,82,43,70
313,83,47,68
317,79,45,70
320,78,46,72
320,79,49,68
321,82,49,70
323,81,49,70
320,83,51,72
323,87,47,71
321,92,47,67
321,94,45,69
320,98,44,67
320,102,40,69
319,99,39,66
315,102,43,67
314,102,42,64
311,103,45,64
308,104,45,65
306,106,45,65
305,106,45,63
305,107,40,64
304,108,39,62
305,108,37,61
302,106,39,64
303,110,37,65
301,110,38,61
301,110,38,65
299,108,41,67
297,108,43,67
298,108,43,65
296,108,45,67
299,114,42,64
298,114,41,65
299,115,42,66
300,119,41,68
300,121,41,67
300,124,41,67
301,126,43,69
300,129,46,69
301,130,49,71
300,134,50,72
301,134,49,71
302,136,49,76
304,139,45,71
306,140,43,70
308,141,42,72
308,143,42,71
308,144,42,70
306,144,44,69
302,145,45,70
302,148,44,70
299,149,46,68
295,150,49,68
291,150,53,67
288,154,54,67
282,154,56,67
280,154,50,69
279,153,51,68
280,153,49,67
282,151,47,67
284,150,44,69
287,150,42,65
290,150,41,66
292,149,40,66
293,148,41,66
294,148,42,68
297,147,42,67
301,148,42,64
306,147,39,68
309,147,40,66
312,148,39,69
314,149,37,65
316,150,36,64
315,148,38,64
317,150,34,64
315,151,37,62
315,152,36,58
315,152,39,61
315,152,36,60
318,152,36,63
318,152,37,62
320,152,37,65
323,151,36,64
323,152,38,64
326,153,37,62
328,153,39,63
331,151,39,63
333,153,43,63
337,152,42,65
340,150,43,65
343,149,45,66
349,149,45,68
355,144,42,69
358,144,43,66
363,143,44,70
367,137,43,70
369,138,45,70
370,136,51,70
373,132,51,71
376,134,50,74
374,130,53,72
377,131,52,73
377,129,52,72
376,128,54,74
376,125,52,72
375,127,52,76
373,126,53,72
371,130,52,72
369,129,50,68
365,127,50,69
361,126,52,69
357,128,52,66
353,126,52,68
350,127,51,65
347,127,47,69
344,132,46,64
341,130,42,65
337,135,44,66
333,138,44,66
330,135,41,65
327,136,40,62
323,137,43,62
320,135,41,62
318,138,40,63
316,137,37,62
315,137,36,62
312,137,35,63
310,138,35,62
308,140,35,62
306,141,36,62
306,143,35,63
305,146,36,60
305,147,36,61
303,150,38,62
303,153,39,60
304,153,38,60
300,154,42,60
298,154,45,60
298,155,46,60
295,156,49,59
294,156,48,56
294,157,45,57
295,159,40,54
296,156,39,57
296,155,38,57
297,153,37,58
297,152,36,58
297,153,36,58
296,149,37,59
296,148,39,62
297,146,38,62
297,147,39,62
298,147,39,63
299,146,40,61
299,149,41,59
300,150,43,60
303,149,42,61
304,150,44,62
306,150,46,60
309,150,45,63
312,152,46,61
315,153,45,62
317,152,46,62
319,151,47,64
322,151,48,60
324,152,47,63
327,150,46,61
330,149,43,64
331,145,44,67
333,146,42,66
335,144,39,64
336,147,41,64
336,146,41,64
338,146,41,66
339,146,39,65
340,148,38,63
340,149,37,65
338,147,39,64
335,150,43,63
336,147,44,67
335,148,43,63
333,149,42,62
331,151,43,63
332,150,40,64
330,152,38,62
331,152,37,63
329,153,36,62
329,153,37,62
327,153,36,62
326,152,37,62
324,152,38,65
325,153,36,63
325,153,33,59
326,155,31,56
323,155,33,60
321,156,34,58
319,157,35,57
317,156,34,57
315,155,34,58
313,156,35,58
311,155,38,58
310,154,38,58
307,153,41,59
306,153,44,57
305,152,46,61
305,151,48,60
308,151,45,60
309,151,45,60
311,152,42,61
309,151,44,62
309,152,45,61
309,153,43,61
309,153,45,59
311,153,41,60
310,153,39,62
308,152,40,61
308,152,39,62
309,152,38,60
308,152,38,60
307,152,38,61
308,152,39,61
308,152,38,62
307,152,39,61
308,154,38,58
308,152,39,61
309,152,39,59
310,154,38,60
310,152,39,62
311,153,37,62
310,152,39,62
311,154,37,60
310,153,38,60
310,152,38,60
310,153,37,61
311,152,38,61
310,153,38,60
311,152,37,61
311,152,38,61
310,153,38,60
312,152,36,61
310,153,38,61
309,153,40,61
311,152,37,62
310,153,39,61
311,152,38,61
311,153,37,62
311,152,38,60
310,151,38,60
310,153,38,60
310,152,37,61
310,152,38,60
311,152,38,60
311,153,36,61
311,153,38,60
312,152,37,61
311,153,37,61
311,152,38,61
311,153,37,62
310,152,39,61
310,153,38,60
310,153,39,59
310,153,38,61
310,152,39,61
311,154,37,60
310,152,38,59
311,152,37,59
310,153,37,59
310,153,39,60
309,152,39,61
310,153,37,61
311,152,37,60
310,152,38,61
309,153,39,61
310,152,38,62
310,153,38,61
310,151,38,61
310,152,37,64
311,153,38,62
309,152,38,62
310,153,39,61
311,153,38,60
311,152,38,61
310,153,38,61
311,153,38,61
309,153,39,62
309,149,42,62
309,148,44,63
307,145,47,64
308,143,47,61
307,140,48,57
305,139,50,54
308,134,42,59
312,131,37,55
313,127,35,53
314,124,34,53
313,119,36,55
312,121,36,56
311,120,38,51
310,118,41,54
309,117,41,51
309,121,42,50
311,120,39,49
313,119,36,51
313,122,33,48
314,122,32,49
316,122,28,48
316,124,28,48
316,124,28,48
314,128,31,47
313,127,32,48
312,128,33,46
311,127,35,47
311,130,34,47
312,131,32,46
312,131,30,45
312,133,28,44
312,134,27,46
311,134,27,46
309,136,28,45
308,139,27,46
306,140,29,47
302,141,34,48
302,143,32,47
299,142,34,46
300,144,31,48
299,143,30,49
298,142,29,48
297,140,29,47
296,138,29,48
295,134,28,48
293,133,30,47
291,131,32,48
291,128,31,47
290,125,30,47
289,124,29,45
288,123,30,47
288,124,30,48
288,121,28,47
287,123,28,47
287,123,28,46
287,121,28,46
286,123,30,47
285,122,32,46
286,122,31,45
290,119,28,45
292,118,28,44
295,116,28,46
300,114,26,47
304,113,29,44
307,112,32,41
314,109,32,42
323,108,32,42
330,105,34,42
337,103,36,43
350,102,33,43
362,102,32,45
373,101,31,43
387,104,32,45
395,106,37,44
412,109,35,43
429,113,36,44
444,115,36,45
461,119,39,46
480,123,38,44
501,126,38,45
524,127,37,45
543,127,39,46
563,130,39,46
583,131,44,46
598,130,40,48
611,132,32,44
611,132,32,44
611,132,32,44
611,132,32,44
611,132,32,44
611,132,32,44
611,132,32,44
611,132,32,44
611,132,32,44
611,132,32,44
611,132,32,44
611,132,32,44
611,132,32,44
611,132,32,44
611,132,32,44
611,132,32,44
611,132,32,44
611,132,32,44
611,132,32,44
611,132,32,44
611,132,32,44
608,195,31,41
596,199,38,40
583,200,38,40
569,197,37,41
557,196,33,37
545,194,29,36
532,190,29,35
520,186,29,35
509,182,28,33
498,178,29,33
488,175,27,32
480,170,27,34
472,166,26,34
464,164,28,32
459,162,27,31
453,158,29,33
449,157,27,31
445,158,26,30
443,157,24,29
442,157,22,30
442,158,20,30
442,159,20,32
442,160,21,32
444,162,22,32
445,164,25,31
449,164,27,31
455,163,26,32
462,162,26,33
470,161,26,35
476,159,29,37
482,159,32,34
488,159,33,34
494,157,34,35
499,154,34,34
504,150,33,35
505,146,33,36
504,143,34,35
503,140,33,34
499,139,36,31
493,137,38,31
487,137,38,28
480,138,40,29
473,140,39,29
464,142,39,31
455,145,37,32
446,146,34,34
437,148,30,33
425,150,27,32
414,148,26,33
401,147,27,32
388,146,27,32
376,144,27,30
364,140,29,30
356,133,25,34
344,126,27,35
336,122,28,33
328,117,30,33
324,110,28,34
318,105,31,33
314,102,31,32
313,98,30,33
314,94,27,33
317,92,26,32
320,90,26,33
325,91,25,34
330,92,26,36
333,94,30,37
339,98,32,37
347,102,34,40
357,109,33,36
368,114,31,39
381,121,30,38
391,128,30,37
404,134,30,36
416,139,29,37
426,142,28,36
435,145,30,36
445,149,29,36
452,150,30,35
460,152,29,34
464,153,28,33
467,154,28,33
469,155,28,32
468,156,29,31
468,158,28,31
467,160,26,30
464,162,26,31
461,165,24,31
456,169,25,31
450,173,24,30
443,175,24,32
434,178,25,31
424,181,26,32
415,185,26,33
405,188,26,32
403,190,24,32
342,183,22,31
342,188,25,27
348,196,23,22
348,196,23,22
348,196,23,22
348,196,23,22
348,196,23,22
348,196,23,22
348,196,23,22
348,196,23,22
397,245,18,21
398,254,20,28
400,253,22,33
404,256,22,34
408,257,23,38
411,261,25,38
414,263,25,37
415,266,26,36
417,271,25,33
419,275,25,31
420,278,23,31
420,282,22,27
419,286,20,22
419,289,19,19
419,289,19,19
419,289,19,19
419,289,19,19
419,289,19,19
419,289,19,19
419,289,19,19
419,289,19,19
419,289,19,19
419,289,19,19
419,289,19,19
419,289,19,19
419,289,19,19
419,289,19,19
419,289,19,19
419,289,19,19
419,289,19,19
419,289,19,19
419,289,19,19
419,289,19,19
419,289,19,19
419,289,19,19
398,273,19,19
402,273,22,21
405,274,26,23
412,274,28,28
422,275,28,31
430,276,30,38
440,274,31,44
449,274,33,47
459,274,36,46
471,272,37,48
483,270,34,45
494,265,33,47
505,259,34,47
513,252,35,49
520,241,39,54
526,233,38,50
530,224,40,50
534,216,44,49
538,206,46,48
541,200,45,47
543,194,45,48
545,191,44,48
546,187,40,47
545,184,39,47
543,181,39,48
540,179,38,45
535,175,39,47
529,172,40,48
523,172,40,47
516,169,40,49
509,169,39,47
501,166,38,47
493,163,38,47
488,161,34,48
479,159,33,46
470,155,33,48
462,152,34,49
452,150,36,49
444,148,35,50
437,146,34,50
429,144,34,51
422,143,35,52
417,141,33,54
410,141,37,51
405,139,37,52
401,136,39,50
396,136,41,51
396,134,39,51
394,136,38,51
394,133,36,52
393,134,37,51
392,136,38,53
393,135,39,56
392,137,42,57
393,141,44,57
394,146,45,56
396,148,45,60
399,154,44,58
401,156,45,58
404,158,44,58
408,164,42,55
411,165,45,58
414,164,45,57
418,166,48,61
420,169,50,61
423,175,53,62
429,177,50,59
433,179,51,63
441,182,48,60
445,179,48,61
453,177,46,60
456,176,50,61
465,173,47,60
470,171,49,60
476,166,48,61
482,162,49,64
488,160,48,63
496,158,44,64
502,153,42,66
507,151,42,68
509,150,46,68
511,149,46,70
512,150,46,70
512,150,50,70
516,148,47,69
517,151,49,72
518,152,49,76
517,152,53,77
516,151,49,78
513,152,52,78
505,152,57,75
499,146,59,76
491,140,62,77
484,132,60,77
474,123,60,79
465,115,56,79
455,107,54,75
442,103,53,74
428,100,54,73
418,99,50,69
404,101,51,69
390,104,51,62
378,104,52,62
367,102,48,63
358,103,48,63
350,103,43,61
343,106,37,58
338,110,34,54
332,112,33,54
327,113,33,53
325,116,31,50
324,119,27,48
321,124,27,46
320,127,25,44
320,130,26,42
322,132,23,43
324,133,24,43
328,134,23,41
329,136,28,41
333,137,28,41
340,138,26,41
346,141,25,41
352,142,24,42
358,145,27,42
364,146,28,44
372,151,29,43
381,153,28,44
388,158,29,43
398,163,29,43
406,166,30,47
414,169,31,48
421,172,33,48
428,173,35,51
434,177,37,52
441,181,39,53
447,185,40,54
452,191,40,55
458,194,37,59
462,197,37,61
466,206,36,59
464,210,39,61
463,216,38,61
461,224,38,62
456,230,41,62
452,239,41,62
446,248,42,63
440,254,40,64
432,261,45,61
427,267,43,54
422,274,44,43
420,282,36,35
420,282,36,35
420,282,36,35
420,282,36,35
420,282,36,35
420,282,36,35
420,282,36,35
420,282,36,35
420,282,36,35
420,282,36,35
420,282,36,35
420,282,36,35
420,282,36,35
420,282,36,35
420,282,36,35
420,282,36,35
420,282,36,35
420,282,36,35
420,282,36,35
420,282,36,35
420,282,36,35
420,282,36,35
420,282,36,35
410,284,32,30
414,285,27,25
415,279,28,30
416,275,27,32
416,268,27,38
415,262,25,36
413,257,25,36
411,251,23,35
407,245,22,37
402,241,23,36
400,237,21,35
400,234,16,36
399,230,12,37
399,230,12,37
399,230,12,37
399,230,12,37
399,230,12,37
368,203,14,31
359,196,18,31
354,201,20,25
347,198,21,21
342,195,22,20
336,187,26,26
333,184,25,28
328,175,28,36
328,166,25,42
327,157,24,43
327,150,23,46
325,142,23,42
323,133,24,42
323,131,24,42
322,126,25,41
322,127,24,41
321,121,25,42
321,118,25,42
320,116,25,43
319,118,26,43
319,122,25,42
320,126,25,42
321,129,25,42
322,133,25,43
324,136,24,43
325,137,24,44
327,140,24,43
328,143,24,44
330,146,25,45
332,149,26,45
333,152,28,45
336,155,27,45
338,159,28,45
339,163,28,46
343,167,26,45
345,169,26,45
348,173,25,42
347,174,27,42
350,176,26,40
349,178,27,41
351,178,26,41
352,179,25,41
351,180,27,39
352,180,26,39
350,182,27,37
350,183,26,37
349,184,25,35
348,184,26,34
346,186,26,31
345,187,25,30
344,188,24,27
340,190,27,24
339,192,27,22
338,193,26,20
336,195,26,20
335,196,25,18
331,198,26,17
328,199,26,14
324,200,28,15
324,200,28,15
324,200,28,15
324,200,28,15
324,200,28,15
324,200,28,15
324,200,28,15
324,200,28,15
324,200,28,15
324,200,28,15
324,200,28,15
324,200,28,15
324,200,28,15
324,200,28,15
324,200,28,15
324,200,28,15
324,200,28,15
324,200,28,15
324,200,28,15
324,200,28,15
324,200,28,15
324,200,28,15
324,200,28,15
324,200,28,15
324,200,28,15
324,200,28,15
324,200,28,15
324,200,28,15
324,200,28,15
324,200,28,15
324,200,28,15
324,200,28,15
324,200,28,15
324,200,28,15
324,200,28,15
324,200,28,15
324,200,28,15
324,200,28,15
324,200,28,15
324,200,28,15
324,200,28,15
324,200,28,15
324,200,28,15
324,200,28,15
324,200,28,15
324,200,28,15
324,200,28,15
324,200,28,15
324,200,28,15
324,200,28,15
324,200,28,15
324,200,28,15
324,200,28,15
324,200,28,15
324,200,28,15
324,200,28,15
324,200,28,15
324,200,28,15
324,200,28,15
324,200,28,15
324,200,28,15
324,200,28,15
324,200,28,15
324,200,28,15
324,200,28,15
324,200,28,15
324,200,28,15
324,200,28,15
324,200,28,15
306,195,26,16
308,192,26,18
309,191,26,19
311,189,25,21
313,188,25,22
314,189,28,22
319,189,28,22
320,189,27,22
321,188,26,23
322,188,25,22
324,185,26,26
327,183,25,28
328,184,27,28
329,183,28,31
332,182,27,31
332,180,28,33
334,179,29,34
334,179,32,36
335,177,33,39
339,178,29,38
342,179,26,36
342,178,27,38
345,176,26,40
345,175,27,41
346,175,25,42
349,173,23,43
346,173,25,46
345,173,26,41
343,171,29,43
342,170,30,44
343,170,29,44
342,170,27,43
342,170,27,43
342,170,28,44
339,168,31,45
338,167,33,45
337,166,33,46
337,166,31,46
337,164,30,50
337,163,29,48
339,160,27,51
339,160,27,49
337,160,30,49
336,161,32,48
335,160,34,46
336,159,36,47
337,158,35,46
338,158,34,48
339,158,34,46
343,154,30,48
344,147,28,47
346,141,27,47
347,139,28,46
347,139,28,45
347,136,29,48
347,138,31,49
347,140,32,46
347,143,35,48
346,143,37,48
349,144,35,48
351,145,35,47
352,148,38,45
356,146,35,47
361,145,34,47
365,142,35,48
370,142,38,48
376,142,38,48
383,141,39,48
390,139,41,49
400,137,39,47
409,134,40,48
420,129,38,49
431,124,37,50
443,123,36,48
455,123,35,47
468,123,34,47
479,125,32,46
489,128,33,47
499,131,33,50
510,135,32,48
517,138,32,47
527,141,31,47
532,144,33,47
534,147,37,48
538,148,35,47
539,145,37,47
539,146,35,46
538,144,33,47
535,144,31,45
531,144,32,46
523,143,34,49
515,145,33,46
506,146,33,46
493,149,37,45
481,153,41,45
469,155,41,46
453,157,39,44
436,155,39,45
417,155,41,45
398,154,40,45
380,151,43,46
361,146,44,46
343,138,43,47
328,130,40,47
317,121,37,47
297,115,42,45
281,112,45,41
272,106,47,38
264,99,44,37
258,93,45,36
255,91,45,32
252,87,43,33
251,85,43,35
249,85,43,36
250,86,45,38
253,91,45,38
257,96,44,39
264,103,44,39
273,112,38,38
283,122,39,37
296,129,45,38
315,135,41,38
329,143,42,40
348,150,39,42
368,157,37,42
388,160,34,43
409,164,36,43
429,167,35,42
449,167,30,41
449,166,34,42
463,168,32,41
465,166,35,40
484,163,29,42
496,160,31,42
505,155,33,45
514,154,37,42
518,151,38,44
524,149,38,44
527,150,38,45
528,151,37,43
528,152,34,44
526,153,32,45
521,157,30,45
515,162,30,45
504,168,33,45
494,175,34,45
480,181,36,47
464,188,39,48
448,196,38,45
431,202,39,46
414,206,34,46
399,210,30,44
399,210,30,44
399,210,30,44
399,210,30,44
399,210,30,44
399,210,30,44
399,210,30,44
399,210,30,44
399,210,30,44
399,210,30,44
399,210,30,44
399,210,30,44
399,210,30,44
399,210,30,44
399,210,30,44
399,210,30,44
399,210,30,44
399,210,30,44
399,210,30,44
399,210,30,44
399,210,30,44
399,210,30,44
399,210,30,44
399,210,30,44
399,210,30,44
399,210,30,44
399,210,30,44
399,210,30,44
399,210,30,44
399,210,30,44
397,247,25,42
408,242,29,43
421,233,35,44
435,224,38,47
451,215,38,45
462,206,40,46
474,197,39,47
484,188,36,46
494,181,35,45
499,176,37,44
504,172,35,43
507,168,35,42
506,163,37,43
505,161,37,43
500,157,37,45
496,155,36,44
489,153,34,44
480,153,33,45
466,153,36,46
453,156,40,44
438,157,42,43
426,155,40,45
412,152,40,46
396,149,40,46
379,144,44,47
366,138,43,46
352,134,45,45
338,129,46,42
327,124,47,44
317,120,46,41
305,115,47,42
298,111,47,43
294,108,42,43
289,106,41,45
286,104,38,46
284,103,38,46
284,102,38,47
283,104,39,47
286,105,39,46
291,104,38,46
299,102,36,47
305,101,38,46
317,99,34,47
329,100,30,49
337,101,32,51
346,104,33,51
356,105,32,50
366,106,34,51
374,104,33,50
384,100,32,52
391,99,33,51
397,95,34,53
400,92,38,54
401,92,41,53
404,91,43,56
407,95,42,52
404,94,44,54
405,94,39,52
403,93,38,54
401,93,34,52
396,94,32,52
389,95,33,52
382,97,34,54
375,99,35,53
367,101,36,52
360,101,37,51
354,101,36,50
350,100,34,52
345,101,33,50
343,100,32,50
339,101,35,50
339,101,34,50
334,102,35,51
331,103,35,51
331,107,32,49
330,108,29,53
328,113,29,53
328,118,30,51
329,121,30,51
330,121,32,54
333,123,29,53
335,124,31,51
337,125,32,51
341,127,30,52
345,128,30,53
347,128,33,54
351,130,33,54
354,131,36,54
356,131,37,52
360,130,36,54
362,132,36,51
365,130,34,52
367,128,35,53
367,129,34,52
366,124,36,52
364,124,37,52
363,123,37,50
359,119,37,52
355,117,39,50
353,115,35,49
347,114,33,50
340,112,33,49
336,111,30,48
329,111,30,48
322,109,29,48
316,108,30,47
310,108,32,45
305,105,31,46
301,102,32,46
298,101,34,45
296,98,35,46
295,96,36,43
297,98,34,41
298,96,34,42
301,95,33,44
303,94,33,43
307,94,32,41
311,93,32,42
317,91,31,42
324,90,32,43
330,89,34,41
335,87,35,42
341,86,37,43
348,86,37,44
356,85,37,46
365,84,35,46
373,84,35,47
382,84,34,48
391,83,32,49
399,85,31,50
406,82,31,52
411,79,32,52
416,76,32,54
420,74,32,50
422,71,32,51
422,68,32,51
421,67,32,51
417,66,33,52
413,67,33,49
407,68,33,52
399,70,35,52
390,74,35,51
379,74,35,53
369,79,34,51
356,84,36,51
344,90,37,49
333,95,39,48
323,98,39,47
313,101,38,43
301,103,42,43
293,103,41,42
288,105,39,41
282,105,39,40
280,104,40,41
278,105,40,40
277,105,42,40
278,106,42,38
281,107,40,39
284,109,39,41
288,111,38,42
295,112,38,43
300,114,39,42
309,116,38,43
318,118,38,44
328,118,36,43
337,117,37,43
347,116,37,46
360,115,35,46
370,112,34,46
384,109,28,49
391,105,31,51
399,99,32,53
403,95,36,53
406,87,38,55
411,79,36,57
408,70,40,61
406,63,38,64
401,59,41,66
391,55,41,66
383,52,41,63
372,48,42,65
357,46,46,67
341,44,48,69
327,46,48,67
307,49,51,66
286,54,53,65
268,57,59,67
257,67,57,63
246,72,58,64
238,83,56,59
233,87,52,59
231,91,51,55
230,96,49,55
229,98,49,53
230,104,47,52
233,109,47,51
236,111,49,51
245,115,47,49
254,115,46,45
254,116,43,45
266,116,41,44
266,119,41,43
266,119,41,43
266,119,41,43
266,119,41,43
266,119,41,43
363,53,39,47
350,42,36,53
332,30,45,59
305,22,52,69
278,19,54,71
255,20,59,71
235,19,65,70
220,22,66,71
208,27,65,69
200,32,61,68
198,39,54,65
198,46,50,63
198,56,49,58
201,63,50,57
208,71,48,55
216,79,48,54
228,85,45,55
240,94,42,51
255,100,39,48
268,105,37,48
283,108,35,49
298,109,32,48
318,112,29,46
331,111,31,48
344,110,30,48
356,108,33,50
370,107,33,49
381,104,34,50
390,100,36,52
399,97,39,53
407,95,42,52
413,91,41,53
415,86,43,57
419,82,43,60
415,76,45,63
412,73,43,62
406,73,45,63
398,70,44,65
385,69,42,63
372,68,41,64
352,68,45,61
337,66,47,64
324,67,44,64
304,66,47,62
289,67,48,62
279,72,47,60
269,74,52,57
262,78,50,57
260,82,45,56
259,88,42,54
259,93,41,50
262,96,37,51
266,98,35,51
271,101,34,51
278,106,30,47
284,106,30,49
291,109,30,48
298,111,27,46
304,112,27,46
312,115,27,46
320,114,26,45
326,114,26,46
332,114,27,47
337,113,27,49
342,114,27,46
346,112,27,46
349,111,28,47
351,110,28,45
352,107,29,46
355,106,27,47
355,106,28,46
355,106,27,46
353,104,28,48
353,107,28,48
351,107,30,51
349,111,31,49
347,113,32,46
345,114,31,48
342,115,31,48
341,118,32,50
337,119,33,48
335,122,32,48
333,121,32,48
331,124,33,49
328,123,34,47
326,124,34,48
323,123,35,47
322,123,34,47
320,121,33,47
318,122,32,48
316,123,32,48
312,124,34,48
311,125,34,48
306,125,37,50
303,127,40,47
302,129,42,48
302,129,40,47
301,130,41,48
300,131,42,49
299,133,43,48
298,133,42,49
300,134,42,49
301,136,40,48
303,138,39,48
305,141,37,47
306,142,39,49
309,144,39,48
311,145,40,51
314,146,40,50
317,147,39,50
320,147,38,51
322,148,37,50
326,148,36,49
329,148,35,49
331,149,35,49
333,150,36,51
335,151,35,50
338,153,34,48
339,153,35,48
340,153,36,50
343,153,32,51
343,154,32,51
344,154,30,50
344,155,30,50
343,156,29,50
341,157,31,51
339,157,31,52
336,159,33,52
334,159,34,51
332,159,34,51
330,159,34,53
329,159,32,51
329,159,30,50
328,158,29,53
328,157,29,52
324,158,32,53
323,158,32,51
322,157,30,54
322,158,28,52
321,156,30,54
319,156,33,53
317,155,36,52
317,153,36,53
317,155,35,52
319,156,32,55
322,155,28,51
321,157,29,52
319,158,34,52
321,159,33,50
322,159,32,50
323,160,32,49
325,159,31,50
325,160,31,51
327,159,30,50
328,161,30,50
329,162,31,48
331,165,31,48
329,166,35,47
332,167,33,45
331,168,33,46
333,167,34,46
331,166,38,49
332,162,40,48
332,161,41,48
332,159,43,49
333,160,41,51
334,159,38,50
339,160,32,50
340,159,30,50
340,160,29,52
340,158,29,53
336,159,33,53
332,158,39,54
331,156,41,54
329,155,43,54
328,155,43,54
328,154,39,56
328,155,37,57
330,155,32,54
328,154,31,55
328,153,31,53
327,152,31,51
327,151,29,52
324,152,32,54
322,150,36,54
320,151,38,55
319,153,39,53
320,156,36,54
323,159,34,50
325,159,34,51
326,160,34,49
325,162,35,49
325,163,36,47
325,163,34,49
324,163,36,48
324,163,32,50
324,162,31,51
324,161,32,51
325,162,31,48
326,161,31,49
326,161,31,50
326,162,31,48
327,162,28,49
327,161,28,50
328,161,28,49
328,161,28,52
328,161,29,50
328,160,28,49
327,160,29,52
327,160,28,52
327,161,28,49
327,161,29,50
328,162,28,48
327,162,29,50
328,162,27,49
328,162,29,50
327,163,30,50
327,162,28,49
328,163,29,48
326,163,30,48
327,163,30,49
326,163,29,50
328,163,29,48
327,163,29,49
327,164,30,49
326,165,31,48
326,165,32,49
325,166,32,47
326,164,32,49
325,164,32,48
325,164,34,48
324,164,34,49
324,164,34,48
323,164,36,48
323,163,35,50
323,164,35,48
324,164,36,48
322,164,36,48
322,164,35,47
321,164,36,46
322,163,36,47
321,163,37,47
322,163,36,47
322,163,35,46
322,162,36,49
322,162,36,49
322,161,36,49
323,162,35,48
322,160,36,49
322,161,36,49
322,160,35,49
323,160,34,50
323,160,36,50
323,160,36,50
323,160,35,48
323,160,35,50
324,159,34,49
323,160,34,49
323,160,35,50
324,160,35,51
324,160,34,51
324,160,35,50
325,159,34,50
326,159,33,51
326,159,34,52
328,159,33,50
327,160,34,50
330,160,32,51
332,159,32,53
334,156,31,54
333,153,34,55
335,147,34,52
336,142,35,53
337,137,38,55
338,133,37,55
338,128,38,54
340,125,36,56
341,122,35,55
342,122,34,57
341,117,35,57
340,119,34,56
337,118,37,57
335,119,38,58
332,116,39,60
329,116,40,61
327,118,37,58
325,117,36,57
322,118,36,58
320,119,34,58
317,119,33,57
312,118,34,56
310,119,34,58
306,120,34,54
303,121,32,56
299,118,33,56
297,118,32,57
296,119,31,56
294,119,31,57
293,118,30,57
290,118,29,53
289,121,29,54
286,121,30,51
284,123,31,54
281,122,32,55
278,120,33,56
275,122,33,53
271,121,33,54
268,119,32,54
263,118,34,54
259,116,34,54
254,113,32,55
247,111,33,56
242,109,33,56
234,107,35,52
230,105,32,52
224,103,32,53
219,102,32,51
213,98,32,52
208,97,32,51
202,97,32,50
199,97,32,53
196,97,31,52
193,97,31,51
191,98,29,53
187,99,31,55
184,102,31,56
182,104,30,54
180,109,30,52
178,116,31,48
175,119,33,51
173,124,35,51
170,126,36,50
166,131,37,47
159,133,43,50
155,135,42,47
151,134,41,53
149,137,37,48
149,139,36,45
150,141,29,38
149,140,30,38
147,140,31,34
143,139,34,36
136,138,40,40
133,138,37,36
128,138,33,36
123,138,36,41
117,137,38,44
116,137,36,48
112,138,35,52
112,140,36,54
114,142,33,51
113,143,36,53
111,142,41,53
112,142,45,57
114,144,45,55
118,145,41,53
122,151,47,55
122,153,48,55
122,154,47,53
124,155,45,55
128,161,43,51
130,165,41,46
129,168,42,41
129,168,42,41
129,168,42,41
129,168,42,41
129,168,42,41
129,168,42,41
129,168,42,41
129,168,42,41
129,168,42,41
129,168,42,41
129,168,42,41
129,168,42,41
129,168,42,41
129,168,42,41
129,168,42,41
129,168,42,41
129,168,42,41
129,168,42,41
129,168,42,41
129,168,42,41
129,168,42,41
129,168,42,41
129,168,42,41
129,168,42,41
129,168,42,41
129,168,42,41
129,168,42,41
129,168,42,41
129,168,42,41
129,168,42,41
129,168,42,41
129,168,42,41
129,168,42,41
129,168,42,41
129,168,42,41
129,168,42,41
129,168,42,41
129,168,42,41
129,168,42,41
187,155,43,44
185,145,33,34
182,136,34,37
181,124,32,43
177,114,35,50
178,103,33,54
179,92,32,56
179,82,34,55
181,73,33,54
181,65,35,55
181,61,38,55
182,55,41,54
187,51,42,54
193,46,42,56
199,44,42,56
206,43,40,54
216,43,35,52
225,42,34,54
235,43,35,54
243,45,35,54
253,51,38,52
263,55,38,53
273,58,40,53
282,61,41,52
291,65,43,53
306,68,37,52
318,72,34,51
325,76,33,51
336,83,31,50
343,91,32,53
348,102,32,52
354,109,31,48
356,112,35,49
358,114,36,48
358,112,36,49
358,113,31,47
357,116,30,46
350,113,34,46
341,109,40,47
335,104,40,48
329,102,36,48
319,101,35,48
308,102,36,48
302,101,32,48
292,101,29,47
281,102,32,47
269,102,30,47
269,101,28,47
257,99,31,46
256,98,32,48
246,95,32,48
236,90,33,48
229,86,34,50
221,82,39,51
215,80,42,47
213,76,43,46
213,73,44,45
214,70,47,42
219,68,49,41
226,67,51,39
235,69,50,35
242,73,51,32
250,77,50,33
259,84,51,36
270,89,52,41
282,96,52,44
302,101,48,48
323,104,40,51
340,110,37,50
356,114,37,50
373,120,36,48
389,122,33,48
402,119,32,49
414,118,30,48
422,116,33,47
427,117,40,43
430,117,47,42
433,117,49,43
436,118,49,43
437,119,49,44
440,121,46,47
440,123,42,48
440,122,36,49
436,122,32,49
426,118,36,49
417,117,36,49
406,112,37,51
398,107,33,54
383,101,37,57
367,97,40,57
351,92,43,58
334,87,50,58
320,78,53,62
295,72,62,63
274,62,65,64
259,53,68,64
242,43,72,67
234,35,68,67
221,29,71,64
216,24,67,62
207,21,66,64
204,24,64,67
204,25,61,69
206,31,59,70
214,36,55,71
221,48,54,69
235,56,51,67
247,67,52,62
264,77,51,61
282,85,51,55
302,90,48,55
328,95,40,53
347,99,39,51
365,98,38,54
382,100,40,49
404,100,38,46
420,98,40,49
439,96,36,49
457,94,34,49
470,93,37,50
480,92,42,53
494,89,42,51
504,88,48,55
511,87,54,58
517,82,57,63
524,84,57,64
528,82,55,66
525,78,56,66
521,75,57,67
506,71,61,67
488,66,67,65
462,59,77,64
434,51,76,71
409,44,71,70
368,40,77,63
332,35,82,60
300,32,84,54
264,37,77,46
239,38,73,40
224,37,81,42
211,38,77,46
199,41,72,51
193,48,67,52
193,58,60,51
194,67,61,47
203,76,58,40
211,87,58,36
223,94,57,38
236,99,55,40
253,104,51,42
273,106,47,44
298,108,37,45
318,109,35,43
336,108,33,45
354,109,32,43
368,107,33,43
385,106,31,46
401,105,27,44
413,105,26,44
422,103,30,44
427,101,38,42
432,96,40,45
433,92,42,47
432,87,40,49
425,82,40,51
416,76,40,52
404,73,41,50
380,70,48,50
363,66,48,51
359,66,40,51
343,65,45,50
340,62,44,51
316,64,43,50
291,58,43,52
273,55,38,53
257,54,45,53
244,56,46,49
237,56,43,47
232,56,42,47
229,58,41,44
228,60,40,44
229,65,39,42
232,70,37,41
235,76,36,42
241,84,34,40
249,91,31,41
255,100,31,40
262,110,31,39
272,117,29,42
281,123,28,41
290,130,28,42
299,138,28,40
313,150,27,37
321,164,26,38
327,178,31,35
335,188,30,30
344,194,25,26
353,199,22,21
357,203,23,17
357,203,23,17
357,203,23,17
357,203,23,17
357,203,23,17
357,203,23,17
357,203,23,17
357,203,23,17
357,203,23,17
357,203,23,17
357,203,23,17
357,203,23,17
357,203,23,17
357,203,23,17
357,203,23,17
357,203,23,17
357,203,23,17
357,203,23,17
357,203,23,17
357,203,23,17
357,203,23,17
357,203,23,17
357,203,23,17
357,203,23,17
357,203,23,17
357,203,23,17
357,203,23,17
357,203,23,17
357,203,23,17
357,203,23,17
357,203,23,17
357,203,23,17
357,203,23,17
357,203,23,17
357,203,23,17
357,203,23,17
357,203,23,17
357,203,23,17
357,203,23,17
357,203,23,17
357,203,23,17
357,203,23,17
357,203,23,17
357,203,23,17
357,203,23,17
357,203,23,17
357,203,23,17
357,203,23,17
357,203,23,17
357,203,23,17
357,203,23,17
357,203,23,17
357,203,23,17
357,203,23,17
357,203,23,17
357,203,23,17
357,203,23,17
357,203,23,17
357,203,23,17
357,203,23,17
357,203,23,17
357,203,23,17
357,203,23,17
357,203,23,17
357,203,23,17
357,203,23,17
357,203,23,17
357,203,23,17
357,203,23,17
357,203,23,17
357,203,23,17
357,203,23,17
357,203,23,17
357,203,23,17
357,203,23,17
357,203,23,17
357,203,23,17
357,203,23,17
357,203,23,17
357,203,23,17
357,203,23,17
357,203,23,17
357,203,23,17
357,203,23,17
357,203,23,17
357,203,23,17
357,203,23,17
357,203,23,17
357,203,23,17
357,203,23,17
357,203,23,17
357,203,23,17
357,203,23,17
357,203,23,17
357,203,23,17
357,203,23,17
357,203,23,17
357,203,23,17
357,203,23,17
357,203,23,17
357,203,23,17
357,203,23,17
357,203,23,17
357,203,23,17
357,203,23,17
357,203,23,17
357,203,23,17
357,203,23,17
357,203,23,17
357,203,23,17
357,203,23,17
357,203,23,17
357,203,23,17
357,203,23,17
357,203,23,17
357,203,23,17
357,203,23,17
357,203,23,17
357,203,23,17
357,203,23,17
357,203,23,17
357,203,23,17
357,203,23,17
357,203,23,17
357,203,23,17
357,203,23,17
357,203,23,17
357,203,23,17
357,203,23,17
357,203,23,17
357,203,23,17
357,203,23,17
357,203,23,17
357,203,23,17
357,203,23,17
357,203,23,17
357,203,23,17
357,203,23,17
357,203,23,17
357,203,23,17
357,203,23,17
357,203,23,17
357,203,23,17
357,203,23,17
357,203,23,17
357,203,23,17
357,203,23,17
357,203,23,17
369,157,27,20
376,147,29,23
377,150,32,27
379,147,32,32
382,156,31,40
380,146,34,50
381,144,33,52
378,145,37,50
375,143,41,54
371,142,44,55
368,139,45,54
366,138,42,53
363,136,41,55
360,134,36,56
356,132,35,57
351,129,34,58
343,127,37,58
337,124,37,59
330,121,39,60
323,119,42,61
318,117,41,61
312,115,42,60
308,115,40,61
305,112,35,62
300,109,38,60
296,104,38,61
294,101,36,61
292,102,35,64
293,100,33,62
292,103,33,60
291,104,34,63
292,106,34,57
293,105,32,57
294,104,33,56
295,105,34,56
295,107,38,57
296,107,38,57
297,111,39,54
298,113,37,55
300,115,34,54
300,121,33,53
301,127,32,52
301,130,31,56
300,134,32,54
299,135,31,52
298,135,31,50
298,136,31,52
295,134,33,52
295,133,32,52
294,135,33,52
291,134,36,52
290,138,37,49
287,136,39,50
286,137,40,52
285,139,38,50
284,139,39,53
282,142,39,53
281,145,37,51
278,152,38,50
277,154,37,55
273,160,41,51
273,166,40,45
273,172,39,40
273,175,38,38
274,178,36,33
274,180,36,30
274,181,35,30
275,183,34,28
276,183,31,28
275,184,30,27
275,186,31,26
274,187,31,25
274,189,30,21
273,190,31,22
274,191,30,20
275,193,29,19
276,195,27,16
277,197,25,15
277,199,23,14
277,199,23,14
277,199,23,14
277,199,23,14
277,199,23,14
277,199,23,14
277,199,23,14
277,199,23,14
277,199,23,14
277,199,23,14
277,199,23,14
277,199,23,14
277,199,23,14
277,199,23,14
277,199,23,14
277,199,23,14
277,199,23,14
277,199,23,14
277,199,23,14
277,199,23,14
277,199,23,14
277,199,23,14
277,199,23,14
277,199,23,14
277,199,23,14
281,196,23,18
279,188,28,22
279,183,31,26
280,173,33,34
282,167,32,41
283,159,33,47
284,145,34,54
287,136,33,53
289,123,32,57
293,114,31,56
293,105,31,56
296,101,32,55
298,97,31,56
298,93,33,55
299,89,34,55
298,82,36,55
299,77,36,55
299,74,36,55
301,69,34,54
299,65,33,55
301,64,31,55
300,62,31,54
298,61,33,55
294,59,36,55
291,56,41,58
288,53,44,58
288,54,45,57
286,54,46,57
283,52,46,57
284,51,45,62
284,52,44,62
285,50,41,63
284,54,42,60
286,55,42,63
285,55,46,62
285,58,50,61
287,58,53,63
289,60,54,64
291,58,53,67
295,65,53,65
300,66,46,63
303,68,45,67
305,69,44,64
310,73,42,66
313,77,42,66
312,79,48,67
315,82,48,70
314,82,52,69
316,88,52,67
320,87,45,68
321,92,42,66
320,95,40,70
321,97,38,69
319,97,39,69
317,100,40,68
311,104,46,67
308,108,50,67
300,108,56,71
299,107,54,70
297,111,52,70
295,111,51,69
293,112,48,70
293,112,45,71
289,113,46,72
286,112,48,73
283,117,50,71
279,122,53,69
276,123,55,73
277,125,55,75
276,127,54,75
279,130,54,74
281,130,50,76
285,133,47,76
287,135,47,75
290,134,49,73
293,139,49,70
295,139,50,73
299,140,51,72
307,140,47,71
312,143,44,71
315,142,45,70
318,143,43,70
322,145,42,68
324,145,40,70
326,144,40,73
327,144,40,74
326,145,42,70
325,145,43,71
327,145,42,70
326,145,44,72
327,143,45,73
329,142,43,72
329,145,43,72
330,142,44,75
332,143,44,72
332,144,45,71
334,144,46,73
334,143,46,73
336,143,48,75
336,144,49,75
336,143,51,75
336,145,52,75
336,144,54,76
333,144,58,79
334,143,56,78
330,146,57,77
330,145,60,77
331,146,59,77
333,146,58,75
332,148,57,75
332,147,61,73
331,150,61,73
336,148,58,71
336,150,57,72
338,150,55,72
337,150,57,72
338,149,55,72
338,148,55,74
335,147,56,73
335,147,55,77
335,145,55,75
333,144,53,76
331,142,54,76
329,139,53,76
327,135,53,77
324,131,54,77
323,125,53,79
323,117,50,75
320,111,54,76
318,101,54,76
320,93,50,75
319,88,51,73
320,77,47,77
318,72,47,78
316,67,48,76
319,63,43,72
314,63,46,70
311,61,48,64
312,59,47,66
312,56,43,65
310,55,42,66
311,52,38,67
307,54,38,68
305,54,38,62
305,56,34,62
303,58,32,61
300,58,32,61
298,62,32,58
295,66,31,56
293,67,29,55
291,71,28,53
287,74,30,50
286,77,27,49
284,81,26,48
281,86,27,46
279,92,27,44
278,98,27,43
278,104,26,40
277,110,27,40
279,114,25,39
281,117,24,38
283,121,24,38
286,125,23,37
290,128,22,34
294,132,20,32
298,134,19,31
302,136,19,30
308,136,17,29
310,136,18,29
314,136,18,28
317,137,19,27
319,137,19,27
322,137,18,27
324,139,18,27
326,140,19,27
327,142,19,26
328,144,19,28
327,146,20,26
326,149,21,27
325,152,20,27
324,155,21,27
323,158,20,27
321,160,21,29
319,164,19,29
317,169,18,28
314,174,19,29
311,174,19,31
307,172,21,30
305,166,21,31
305,158,19,33
304,148,19,38
302,139,20,36
302,129,21,36
302,120,21,35
302,110,22,37
302,102,22,39
304,95,21,38
306,92,22,35
306,87,23,35
309,87,23,34
311,88,21,35
312,90,22,35
313,96,24,34
314,102,24,35
315,110,23,35
318,118,22,36
317,119,23,38
318,127,21,35
318,129,22,35
320,138,20,34
320,146,20,33
320,153,19,32
320,159,20,32
319,164,21,30
318,168,23,27
317,167,23,28
317,165,21,29
317,163,20,27
317,159,18,26
316,154,17,27
316,150,17,25
315,145,18,25
314,142,19,24
313,139,20,24
312,137,20,23
312,137,21,22
311,137,21,23
311,139,21,23
310,141,21,24
310,144,19,25
310,147,18,25
310,152,18,27
309,156,18,27
307,160,21,29
306,164,23,30
306,166,25,29
307,168,25,30
309,166,23,32
313,159,22,32
316,151,22,34
317,139,24,35
321,124,25,41
322,109,28,42
325,93,29,44
327,77,30,43
329,65,30,39
331,50,29,38
334,39,31,33
337,31,30,28
339,23,29,28
340,19,31,31
340,18,32,33
341,22,30,34
338,30,30,30
336,43,30,32
335,55,30,36
334,70,30,39
333,82,27,44
331,94,27,48
331,108,23,44
328,121,25,41
326,131,24,40
324,140,22,38
323,147,21,39
322,155,20,37
322,160,20,34
321,162,20,34
321,162,19,32
322,160,19,32
323,158,19,32
324,156,18,31
324,154,19,32
326,153,18,31
326,154,18,30
328,154,17,30
330,155,16,30
331,156,16,29
332,157,17,29
332,159,18,30
332,160,20,32
332,163,21,30
331,165,24,31
329,166,26,32
327,165,27,33
325,163,26,35
322,160,26,34
315,156,29,35
307,151,30,35
295,142,32,35
283,132,32,37
269,122,35,38
255,114,36,34
242,105,34,36
229,97,34,36
215,90,34,39
203,86,33,40
193,81,37,37
186,78,35,36
184,74,32,36
184,72,31,35
186,71,31,35
188,72,31,35
193,73,29,35
199,76,27,35
204,83,30,32
212,88,29,31
221,93,29,32
230,100,29,30
240,106,26,30
252,112,23,29
263,116,20,28
271,121,21,29
284,128,17,29
296,138,20,27
299,140,24,27
307,147,23,27
316,155,22,26
325,161,19,25
331,170,21,27
333,176,24,28
340,183,25,31
342,189,27,28
346,198,22,21
346,198,22,21
346,198,22,21
346,198,22,21
346,198,22,21
346,198,22,21
346,198,22,21
346,198,22,21
346,198,22,21
346,198,22,21
317,193,21,17
314,192,23,18
309,188,23,20
302,184,29,25
301,180,32,29
300,176,35,31
302,172,34,35
304,170,34,36
306,171,33,35
308,172,33,35
309,173,35,35
310,172,33,35
310,172,33,35
310,172,33,35
310,172,33,35
310,172,33,35
310,172,33,35
310,172,33,35
310,172,33,35
310,172,33,35
310,172,33,35
310,172,33,35
388,171,28,36
374,170,29,37
356,170,28,37
336,168,28,36
316,164,31,39
296,158,34,39
276,151,39,43
259,145,38,44
244,135,39,44
232,126,38,45
221,117,39,44
210,109,40,44
204,103,38,39
199,98,36,35
196,93,37,34
193,91,37,31
192,88,39,30
192,88,39,32
193,89,38,34
196,91,37,36
202,96,32,37
208,100,31,40
216,105,32,40
225,111,32,39
237,116,30,41
249,124,30,38
263,128,30,39
278,129,24,37
294,130,26,34
307,128,32,36
318,123,35,39
329,120,37,39
338,116,39,40
348,114,38,38
358,111,37,38
366,109,38,38
373,109,37,37
378,110,38,38
382,112,37,36
383,114,38,37
386,117,36,36
385,117,34,37
386,118,30,38
382,117,29,40
380,118,27,38
376,122,26,38
370,123,26,38
362,124,28,37
355,123,30,37
348,120,31,37
343,117,29,39
337,115,28,38
332,113,26,37
327,108,28,38
322,102,31,37
319,96,31,38
317,93,31,37
318,87,28,38
321,80,23,38
323,71,25,40
327,65,24,41
331,60,24,42
335,58,26,41
341,57,26,42
345,56,30,41
351,55,32,41
359,53,35,41
368,49,36,44
380,46,34,47
391,47,32,46
403,47,30,49
415,49,31,50
429,49,32,49
440,46,35,51
451,47,34,52
463,50,34,50
475,50,38,50
487,49,34,53
496,47,34,55
504,46,36,54
512,46,38,55
516,44,39,56
525,40,37,56
527,38,36,56
529,34,36,58
530,31,37,56
528,27,39,60
527,23,38,60
527,23,38,60
523,19,38,60
519,15,38,62
514,13,37,61
510,12,37,61
504,15,38,59
496,13,41,61
490,12,44,60
482,15,47,57
476,14,47,57
467,17,51,58
462,16,51,60
457,15,49,61
452,16,49,61
446,18,45,59
443,17,42,60
435,13,45,61
430,11,48,62
423,11,51,64
416,10,55,63
410,11,59,68
405,12,56,68
402,14,51,66
399,15,47,67
397,17,44,67
391,16,44,69
386,19,43,68
381,23,46,68
376,32,50,64
371,37,53,64
366,37,54,67
362,41,55,69
358,46,55,69
356,46,49,69
355,50,43,65
352,54,42,65
349,57,42,65
343,56,43,64
338,59,47,64
332,61,52,65
327,67,55,63
325,71,56,66
321,74,56,67
318,78,54,68
316,82,50,66
315,86,47,66
312,91,46,67
309,99,49,67
307,104,49,68
304,108,53,67
302,112,57,65
303,115,57,67
299,115,57,66
305,118,50,65
306,120,48,69
307,122,45,66
309,125,43,67
309,128,42,66
306,131,44,63
305,137,45,62
303,137,48,61
301,141,48,58
300,143,50,58
298,146,48,58
297,148,46,58
296,148,44,59
295,150,42,59
293,149,43,60
290,149,45,60
286,151,49,57
284,152,50,57
284,151,48,57
283,150,49,55
283,148,47,56
283,147,45,59
283,146,45,59
282,146,44,61
283,145,46,62
283,145,47,62
284,145,48,61
283,146,50,62
283,145,53,62
285,145,51,61
287,145,50,64
288,147,49,63
290,146,49,63
292,148,46,65
292,149,47,63
292,149,48,64
293,149,48,63
293,149,48,63
293,150,49,63
293,150,49,63
294,149,49,63
295,149,48,66
296,149,47,63
294,148,49,64
294,147,49,65
292,147,51,66
292,147,52,63
291,147,50,62
290,150,52,62
290,151,48,60
289,150,47,61
289,151,45,61
289,151,44,58
287,150,44,60
285,151,46,59
284,150,46,59
284,149,47,59
282,149,49,57
282,148,48,58
282,147,48,60
282,147,45,59
282,145,45,61
283,144,43,61
282,144,43,59
284,144,43,58
284,141,45,59
282,141,49,59
283,141,48,59
284,140,49,57
284,143,50,54
284,140,53,62
286,142,51,63
287,143,50,65
288,146,50,65
290,149,47,65
292,149,48,63
292,150,48,63
294,151,47,63
295,151,46,63
295,151,48,65
295,152,50,63
295,153,53,62
295,152,53,62
295,155,55,58
299,154,53,59
302,155,52,59
304,156,50,57
308,155,46,57
309,154,45,60
308,154,44,61
308,154,43,60
307,153,42,61
305,153,42,62
305,152,42,63
304,152,42,61
305,151,41,64
305,152,41,62
306,152,42,61
304,153,43,62
305,154,43,61
304,153,44,61
304,152,41,63
303,151,42,63
302,151,38,62
298,152,41,61
296,151,41,60
295,151,39,60
294,152,42,60
295,153,40,61
294,156,42,59
295,159,43,54
295,160,41,53
296,160,42,53
297,160,39,51
296,160,40,55
295,158,43,54
294,152,43,58
294,150,43,57
293,147,40,58
293,146,38,58
291,146,35,58
289,144,38,56
286,140,42,56
283,138,46,58
280,137,47,57
279,137,44,57
281,138,42,59
284,140,35,59
284,140,36,58
282,137,42,58
283,133,43,59
284,135,42,58
287,132,38,60
288,130,36,62
290,130,38,60
290,127,42,62
294,127,41,64
296,131,39,62
297,134,44,62
298,137,51,56
298,137,56,56
301,136,58,58
304,138,55,58
309,142,50,58
314,145,44,58
318,146,36,59
322,145,33,56
323,146,33,57
325,147,32,56
325,148,31,57
326,149,31,58
326,147,31,60
326,147,30,59
325,147,30,57
324,146,32,56
321,146,34,57
319,147,35,56
321,144,33,58
320,142,32,58
319,141,33,58
319,142,32,56
318,143,32,57
318,140,32,58
318,138,33,57
318,139,32,59
319,141,32,59
318,141,35,61
317,139,39,61
316,140,44,61
316,139,48,60
316,141,48,61
318,144,48,58
320,147,47,58
324,147,43,59
326,148,38,62
329,150,37,60
329,152,37,59
330,152,39,61
331,153,39,61
333,152,38,61
331,153,40,60
332,152,36,61
333,153,36,61
331,152,38,61
329,153,39,61
329,153,38,61
332,155,35,59
330,155,37,60
332,155,37,60
332,153,36,61
333,153,36,61
332,153,34,61
331,154,36,59
332,153,38,61
329,154,39,60
330,154,40,62
331,153,37,61
332,154,38,61
333,154,36,61
333,154,37,62
336,154,37,62
337,156,36,61
337,156,39,59
339,157,38,59
340,155,35,60
340,155,36,61
339,154,36,61
338,155,36,60
337,155,35,60
335,154,37,61
331,154,40,62
329,153,41,62
325,154,43,62
321,153,45,63
320,153,44,61
316,152,46,64
316,152,46,64
316,152,47,65
317,152,45,64
319,153,43,63
320,152,43,62
322,151,41,65
325,151,41,63
326,152,39,63
328,151,38,59
328,150,37,61
329,151,37,58
330,149,38,61
330,150,38,64
331,149,39,63
331,149,39,66
330,149,38,63
330,150,38,66
331,150,36,64
330,151,36,60
329,151,34,60
330,151,33,60
329,150,33,58
327,151,32,59
326,151,32,60
324,153,33,60
322,155,33,58
319,155,35,58
317,157,37,57
317,157,35,54
316,158,35,54
314,158,36,57
315,157,34,56
313,157,36,57
312,158,38,55
310,158,41,54
309,156,43,57
309,155,44,57
310,154,45,58
313,153,41,56
315,152,38,62
315,151,39,62
317,153,38,62
319,153,37,60
320,154,37,59
320,154,40,59
320,153,41,60
320,154,42,60
322,154,39,60
323,153,37,60
322,154,38,61
321,153,36,59
321,154,35,59
320,155,34,59
317,155,36,59
318,154,35,59
317,155,34,58
316,154,38,58
317,154,38,59
318,154,35,60
319,155,35,58
320,154,35,62
319,154,37,61
320,155,36,57
320,156,37,58
320,160,39,56
321,161,41,53
325,160,41,55
326,163,42,54
327,164,46,54
329,168,49,53
335,167,47,54
339,167,49,54
343,167,50,54
347,167,48,54
351,168,43,53
355,165,38,55
351,161,47,58
346,157,56,63
344,154,59,61
345,153,62,61
345,153,57,61
350,150,50,62
353,151,44,60
358,148,38,61
355,145,44,57
353,137,48,59
354,135,47,64
355,132,42,61
359,135,38,64
361,133,38,66
359,132,43,63
360,134,43,65
364,134,41,63
366,136,40,63
367,138,41,63
367,138,46,65
368,142,47,64
367,139,53,63
366,136,59,62
371,133,57,64
375,131,54,64
376,127,52,64
381,122,46,68
387,117,41,68
388,112,42,69
391,108,41,68
390,103,46,68
388,103,52,65
388,99,54,67
386,91,57,70
386,85,54,70
389,82,48,69
392,78,42,67
387,78,44,67
386,77,44,68
382,73,45,71
378,72,49,71
374,71,49,73
373,70,46,73
368,77,44,69
367,79,40,68
362,78,39,66
356,77,39,66
351,77,40,68
346,78,41,68
341,77,42,68
336,79,42,67
331,82,43,66
330,79,40,65
330,85,38,67
329,89,39,67
325,90,44,68
325,92,47,64
329,98,45,64
330,99,45,62
335,104,41,63
340,107,40,65
343,112,40,66
347,116,39,65
350,119,42,65
355,124,44,66
357,131,49,67
362,138,50,64
367,146,52,64
369,151,53,66
373,158,50,68
380,164,45,67
384,172,39,65
388,178,39,66
388,180,37,69
391,184,36,72
391,187,38,72
391,192,38,72
392,197,37,72
392,199,33,72
392,200,29,69
376,195,37,60
371,199,42,54
361,200,44,49
356,204,44,54
356,204,44,54
356,204,44,54
356,204,44,54
356,204,44,54
356,204,44,54
356,204,44,54
356,204,44,54
356,204,44,54
356,204,44,54
356,204,44,54
356,204,44,54
356,204,44,54
356,204,44,54
356,204,44,54
356,204,44,54
356,204,44,54
356,204,44,54
356,204,44,54
356,204,44,54
356,204,44,54
356,204,44,54
356,204,44,54
356,204,44,54
356,204,44,54
356,204,44,54
356,204,44,54
356,204,44,54
356,204,44,54
356,204,44,54
356,204,44,54
356,204,44,54
356,204,44,54
356,204,44,54
356,204,44,54
356,204,44,54
356,204,44,54
356,204,44,54
356,204,44,54
356,204,44,54
356,204,44,54
356,204,44,54
356,204,44,54
356,204,44,54
356,204,44,54
356,204,44,54
356,204,44,54
356,204,44,54
356,204,44,54
356,204,44,54
356,204,44,54
356,204,44,54
356,204,44,54
356,204,44,54
356,204,44,54
356,204,44,54
356,204,44,54
356,204,44,54
356,204,44,54
356,204,44,54
356,204,44,54
356,204,44,54
356,204,44,54
356,204,44,54
356,204,44,54
356,204,44,54
356,204,44,54
356,204,44,54
356,204,44,54
356,204,44,54
356,204,44,54
356,204,44,54
356,204,44,54
356,204,44,54
356,204,44,54
356,204,44,54
356,204,44,54
356,204,44,54
356,204,44,54
356,204,44,54
356,204,44,54
356,204,44,54
356,204,44,54
356,204,44,54
356,204,44,54
357,196,45,56
363,192,44,46
364,186,46,40
365,178,48,45
367,166,46,57
374,155,40,64
377,144,41,67
380,136,42,67
382,132,45,67
387,131,41,63
390,128,39,64
390,124,40,65
391,121,40,64
388,119,42,61
389,113,39,60
386,111,38,58
384,106,36,60
380,102,38,58
376,98,37,61
374,97,36,59
369,96,36,58
366,96,39,59
360,95,44,57
354,95,48,56
351,92,48,56
349,93,47,59
347,95,43,57
344,96,41,57
343,97,36,59
340,94,35,58
337,97,36,58
333,97,34,57
329,100,38,59
326,104,41,57
322,104,44,59
321,109,44,58
319,109,44,58
318,114,42,56
319,113,35,58
321,118,31,56
319,118,32,58
319,122,31,56
317,123,31,55
315,126,36,54
314,127,39,56
311,125,42,56
313,125,40,57
314,123,38,56
317,121,31,56
316,117,30,56
316,114,31,54
317,109,31,54
318,102,31,54
316,102,36,50
313,92,43,58
312,88,45,55
312,85,45,54
311,85,46,56
311,82,45,58
313,84,42,59
316,82,37,59
317,79,34,60
316,80,33,62
314,78,36,62
313,78,38,63
310,79,43,62
306,79,48,62
304,78,49,63
303,79,48,63
302,82,47,62
303,81,41,64
301,84,39,66
302,87,36,67
300,89,37,67
297,94,40,66
294,101,43,63
292,108,46,61
291,114,46,60
291,121,44,61
290,128,44,59
291,136,39,56
290,143,38,55
291,148,34,58
290,152,34,58
289,156,37,54
287,158,39,54
287,161,40,52
286,165,41,46
286,167,40,44
288,169,36,43
289,171,34,41
288,174,33,40
289,177,30,35
290,181,30,31
289,181,31,31
289,184,31,28
290,187,32,26
289,191,32,30
290,193,31,29
290,195,31,28
291,195,29,29
290,194,30,29
289,193,31,29
289,190,31,33
289,187,32,31
290,181,35,31
287,177,38,33
288,166,39,43
287,155,44,53
289,143,42,54
293,132,39,55
295,121,38,57
297,112,37,56
300,103,36,58
301,95,38,57
302,89,41,58
303,83,44,57
302,75,47,59
304,70,49,59
305,66,49,57
307,58,48,62
310,52,47,67
313,47,43,65
315,43,43,67
315,38,45,69
315,32,46,71
313,23,50,75
311,19,55,78
309,15,58,83
307,14,58,82
308,10,57,90
305,11,59,90
304,14,57,93
300,17,54,94
294,25,56,94
288,33,59,97
282,41,62,100
277,54,63,95
270,68,66,95
264,84,68,90
258,100,69,88
254,117,63,91
252,135,64,87
249,147,62,90
245,163,56,87
244,173,54,90
244,173,54,90
244,173,54,90
244,173,54,90
244,173,54,90
244,173,54,90
244,173,54,90
244,173,54,90
244,173,54,90
244,173,54,90
244,173,54,90
244,173,54,90
244,173,54,90
244,173,54,90
244,173,54,90
244,173,54,90
244,173,54,90
244,173,54,90
244,173,54,90
244,173,54,90
244,173,54,90
244,173,54,90
244,173,54,90
244,173,54,90
244,173,54,90
244,173,54,90
244,173,54,90
244,173,54,90
244,173,54,90
244,173,54,90
244,173,54,90
244,173,54,90
244,173,54,90
244,173,54,90
244,173,54,90
244,173,54,90
244,173,54,90
244,173,54,90
244,173,54,90
244,173,54,90
244,173,54,90
244,173,54,90
244,173,54,90
244,173,54,90
244,173,54,90
244,173,54,90
244,173,54,90
244,173,54,90
244,173,54,90
132,107,49,84
132,107,49,84
132,107,49,84
132,107,49,84
132,107,49,84
136,123,48,79
136,123,48,79
136,123,48,79
136,123,48,79
223,203,62,85
219,199,74,89
222,199,72,86
225,197,71,91
229,193,67,96
233,195,63,89
235,197,66,88
241,193,60,90
244,193,63,87
251,191,57,90
254,192,62,89
256,195,67,90
263,199,67,89
267,196,84,95
271,201,84,96
275,204,82,98
281,207,75,93
283,206,76,93
288,210,69,94
290,208,68,94
289,209,73,90
291,209,70,94
291,207,69,95
292,209,67,90
292,212,63,90
291,211,66,92
286,211,69,95
283,210,72,97
280,209,79,93
278,212,82,93
279,209,76,96
277,211,81,93
277,210,81,94
279,211,79,92
280,210,76,95
279,210,78,94
280,210,75,95
277,211,81,94
279,212,80,94
279,209,79,96
279,211,80,93
279,210,79,95
279,210,81,94
280,211,77,94
279,211,79,94
278,209,76,97
279,213,79,92
278,209,81,96
277,211,82,94
279,213,80,93
278,211,81,92
278,210,81,94
278,210,83,96
278,210,81,96
280,211,78,96
279,210,77,93
277,210,81,94
279,210,81,93
280,210,78,95
279,211,78,93
279,209,79,96
281,212,77,93
283,208,73,93
285,206,71,89
288,203,70,89
291,194,74,93
295,183,74,89
306,177,66,84
313,168,61,79
320,158,54,76
326,146,48,83
327,135,47,84
323,128,51,82
321,121,53,80
318,112,55,81
315,107,55,81
313,103,57,79
308,99,59,81
305,99,59,77
304,96,56,81
302,95,54,79
303,95,48,80
300,95,48,76
296,99,51,77
296,97,49,76
292,103,55,72
291,102,54,72
291,105,51,71
293,107,49,72
295,109,45,70
298,111,41,68
299,114,38,66
300,116,38,66
301,119,39,65
303,120,36,62
302,121,41,63
304,121,39,62
303,123,41,63
305,124,39,62
309,122,35,61
310,123,35,59
312,125,33,59
312,127,33,58
312,129,35,61
314,131,33,61
314,134,32,59
312,138,33,59
312,139,32,60
311,140,33,61
311,141,32,61
308,142,34,62
304,143,39,63
301,146,40,63
300,148,40,63
297,151,39,63
297,151,36,61
296,152,35,61
295,152,34,60
293,153,35,59
291,152,36,60
291,151,35,60
290,149,34,60
290,148,35,59
290,147,35,60
290,147,35,59
291,145,34,59
291,147,35,61
293,146,33,59
294,143,33,57
296,139,35,59
299,135,34,58
301,132,35,59
301,128,38,58
304,123,39,58
308,117,38,58
311,113,37,55
315,103,37,60
317,99,39,58
322,90,36,59
325,82,38,61
329,78,38,60
333,74,37,62
336,71,39,63
338,69,41,65
340,68,45,66
340,68,50,69
341,70,54,72
342,68,55,73
343,73,59,73
343,69,56,75
346,71,53,80
344,72,54,80
341,73,56,81
338,70,56,83
333,71,57,86
328,70,58,88
322,73,60,89
315,78,61,93
307,81,64,96
302,88,63,94
299,94,59,95
295,104,57,95
289,114,59,95
285,122,58,94
280,130,60,95
275,138,60,95
269,146,66,96
266,155,64,93
266,159,59,96
266,164,56,94
266,168,53,94
266,172,53,98
266,176,52,93
266,180,54,96
268,186,51,92
268,192,54,93
271,196,52,92
272,200,57,91
277,204,73,92
275,207,85,89
277,207,83,88
279,209,82,87
281,208,78,89
281,210,70,86
280,209,78,87
280,208,79,87
279,209,79,90
278,207,82,86
277,209,84,89
277,210,80,89
275,209,70,87
277,207,57,90
279,210,58,87
280,210,53,87
281,206,62,90
278,208,66,88
279,210,57,87
278,207,61,90
277,206,58,91
279,209,53,88
279,211,58,86
278,209,70,87
276,208,81,90
