301,183,65,77
305,182,66,83
308,188,66,78
312,187,65,82
315,188,65,83
321,192,61,77
324,191,62,83
326,194,66,81
330,198,63,79
335,195,61,83
340,203,61,81
342,207,57,76
343,211,59,77
345,213,64,79
346,217,67,75
351,217,61,74
353,221,61,75
351,224,60,75
354,225,60,73
359,229,56,75
357,233,58,78
360,237,57,75
358,241,59,77
365,250,56,72
360,252,58,75
361,255,62,75
367,260,60,72
367,262,61,78
376,267,58,74
374,269,59,77
379,274,61,77
379,277,61,74
382,278,57,73
382,280,57,72
387,282,57,72
382,280,57,74
385,285,59,74
384,283,56,72
384,285,58,72
381,284,60,74
383,285,58,70
382,286,57,71
384,289,56,69
383,289,58,66
380,286,60,71
381,289,61,72
380,286,60,72
382,285,58,72
381,287,62,73
382,288,61,70
382,287,60,72
380,286,60,70
382,289,59,71
380,284,63,74
383,281,56,72
383,274,56,74
379,269,60,71
383,257,60,72
378,248,60,70
378,234,56,71
379,219,59,71
375,209,58,69
372,196,58,71
371,184,56,70
372,174,56,73
369,168,56,70
368,161,59,66
363,155,60,71
364,150,58,73
362,148,56,75
362,146,59,78
361,151,63,73
361,159,65,72
363,165,62,79
366,172,59,78
368,184,58,73
366,192,65,74
371,203,61,75
372,214,57,75
370,222,58,79
371,232,59,79
369,241,61,76
368,248,59,76
368,256,63,78
368,264,64,77
367,269,62,77
369,275,65,78
367,279,61,79
370,286,65,75
366,288,65,71
367,292,59,66
367,296,59,60
367,301,59,56
364,303,60,52
365,309,60,47
363,313,59,41
363,318,58,37
361,323,59,33
360,327,60,29
361,334,59,24
360,339,59,24
361,345,54,17
358,353,53,17
358,353,53,17
358,353,53,17
358,353,53,17
358,353,53,17
358,353,53,17
358,353,53,17
358,353,53,17
358,353,53,17
358,353,53,17
358,353,53,17
358,353,53,17
358,353,53,17
358,353,53,17
358,353,53,17
358,353,53,17
358,353,53,17
358,353,53,17
358,353,53,17
358,353,53,17
358,353,53,17
358,353,53,17
358,353,53,17
358,353,53,17
358,353,53,17
358,353,53,17
358,353,53,17
355,350,56,13
355,341,57,17
356,335,60,20
357,330,60,22
359,323,58,29
360,317,59,35
362,308,54,46
361,303,58,53
362,292,62,64
365,284,59,73
366,275,64,74
370,272,54,69
369,264,60,72
373,256,59,73
371,251,57,73
376,243,56,73
375,236,56,71
374,229,57,71
375,222,57,72
378,214,59,71
376,205,58,76
376,200,57,69
373,193,60,69
376,187,56,69
375,180,57,69
375,174,60,70
374,170,59,68
375,164,58,70
374,159,61,74
375,158,57,74
371,155,61,74
374,158,63,69
374,156,62,75
373,160,65,73
376,163,61,75
376,166,61,77
375,176,61,77
377,183,61,78
375,189,60,75
376,197,62,79
375,203,59,82
374,212,60,81
376,221,58,77
373,228,58,77
372,234,60,79
374,240,62,77
371,246,61,77
370,249,61,82
368,258,59,78
368,264,64,79
366,271,60,77
367,277,61,76
363,282,59,75
365,286,63,73
363,292,61,68
362,296,60,60
361,303,62,54
362,307,60,50
364,312,60,44
362,318,58,37
362,324,58,32
361,330,58,34
362,338,55,25
362,344,55,20
358,352,51,17
358,352,51,17
358,352,51,17
358,352,51,17
358,352,51,17
358,352,51,17
358,352,51,17
358,352,51,17
358,352,51,17
358,352,51,17
358,352,51,17
358,352,51,17
358,352,51,17
358,352,51,17
358,352,51,17
358,352,51,17
358,352,51,17
358,352,51,17
358,352,51,17
358,352,51,17
358,352,51,17
358,352,51,17
358,352,51,17
358,352,51,17
347,347,51,13
347,339,54,17
349,334,56,21
350,329,55,27
352,316,58,38
351,309,63,45
354,303,61,50
354,297,64,61
356,290,65,65
360,284,66,72
361,278,60,75
364,273,61,78
365,271,63,75
366,267,61,77
364,264,60,77
366,261,66,79
366,254,60,79
371,256,59,76
368,252,59,75
371,249,60,73
372,244,58,74
366,239,63,78
372,231,59,80
373,229,59,74
376,219,57,77
373,211,57,76
373,202,58,75
373,191,61,80
373,182,61,82
374,175,58,79
374,166,60,80
374,157,59,79
371,151,59,77
374,145,59,73
371,138,58,75
371,131,60,76
370,125,62,75
370,119,60,77
367,117,59,76
369,116,61,76
369,116,61,79
370,116,61,78
368,124,61,78
371,129,62,78
369,137,61,76
374,144,59,78
370,152,63,78
372,159,62,78
376,167,57,81
375,179,61,79
373,187,65,82
376,194,58,85
374,205,59,81
373,215,61,79
373,228,58,73
373,236,57,77
371,245,59,76
369,251,58,82
367,261,66,81
369,271,60,82
363,276,63,84
367,276,62,80
366,285,60,76
362,286,63,76
361,291,68,69
364,297,59,58
366,302,61,55
363,307,62,51
365,313,59,42
364,317,62,39
363,322,63,34
363,328,61,33
364,334,59,31
361,340,59,23
362,346,59,18
355,353,52,14
355,353,52,14
355,353,52,14
355,353,52,14
355,353,52,14
355,353,52,14
355,353,52,14
355,353,52,14
355,353,52,14
355,353,52,14
355,353,52,14
355,353,52,14
355,353,52,14
355,353,52,14
355,353,52,14
355,353,52,14
355,353,52,14
355,353,52,14
355,353,52,14
355,353,52,14
355,353,52,14
346,344,55,16
347,333,57,24
347,326,60,29
349,310,60,43
349,296,64,58
353,287,65,70
361,272,58,78
362,259,57,80
368,254,57,80
374,246,59,76
369,241,58,72
376,236,60,73
378,231,62,73
383,229,59,71
388,226,59,68
394,228,58,67
398,225,58,65
397,228,62,63
399,228,61,64
401,227,61,62
401,227,62,62
401,227,60,59
402,229,60,60
403,229,58,59
404,229,59,59
408,230,54,57
406,233,56,59
407,234,56,53
405,234,58,56
408,236,56,56
408,234,55,57
409,235,56,53
409,234,55,54
408,235,57,55
412,235,51,54
408,236,55,53
411,236,50,51
412,236,49,52
411,237,48,51
409,237,49,50
409,238,50,49
408,239,53,48
408,239,50,48
407,241,49,49
409,242,50,48
406,241,51,47
409,243,50,48
407,242,51,49
409,241,47,47
402,243,54,51
405,240,50,48
403,241,50,50
401,240,51,47
401,239,50,48
402,236,51,51
399,235,51,51
400,233,52,52
398,229,53,51
400,229,52,51
399,226,51,52
397,224,53,52
395,222,59,52
397,219,58,55
399,216,55,57
398,214,55,57
400,213,54,58
400,211,54,58
402,210,53,60
402,209,56,58
402,205,56,60
399,204,60,62
400,202,59,66
400,199,58,65
402,198,58,66
401,194,56,70
401,192,57,68
403,190,55,67
402,188,59,69
399,187,57,67
399,186,58,70
399,184,58,73
397,184,62,72
397,185,60,72
395,186,65,71
395,186,60,77
396,188,61,76
399,191,58,76
394,191,58,76
396,194,58,76
394,194,63,78
396,199,60,76
395,202,65,77
393,209,61,78
393,210,66,77
391,216,64,77
394,223,63,74
398,227,61,76
396,233,61,79
393,240,62,76
389,242,62,77
391,245,65,81
391,254,62,80
385,261,62,80
385,266,58,79
379,271,65,85
377,276,67,80
374,280,64,78
373,285,63,72
373,291,64,65
369,295,65,63
368,299,65,56
369,305,61,52
365,309,65,46
364,315,62,41
362,321,66,46
362,327,62,38
359,335,64,31
356,341,64,22
354,349,59,21
354,349,59,21
354,349,59,21
354,349,59,21
354,349,59,21
354,349,59,21
354,349,59,21
354,349,59,21
354,349,59,21
354,349,59,21
354,349,59,21
354,349,59,21
354,349,59,21
354,349,59,21
354,349,59,21
335,349,58,17
346,341,59,19
346,331,62,25
347,321,62,33
346,311,63,44
344,303,67,50
343,289,69,67
344,279,69,77
347,268,66,79
350,254,64,78
356,244,63,81
354,231,59,79
356,221,61,79
361,211,57,77
363,199,58,78
365,189,60,78
368,179,61,78
367,171,61,74
369,161,60,77
370,151,59,75
371,148,60,75
371,143,63,70
371,140,66,75
372,136,61,77
374,139,64,75
369,138,63,75
370,138,68,78
370,142,65,81
370,144,64,77
372,148,63,82
366,154,63,80
372,156,57,83
367,165,63,83
369,168,65,80
360,187,67,89
354,202,71,88
354,210,65,87
353,219,67,89
348,229,66,91
346,237,68,90
348,248,66,92
345,256,72,93
346,263,72,89
342,271,78,86
345,282,73,75
343,291,75,66
343,297,74,61
342,303,72,56
342,309,70,47
341,314,70,42
338,319,73,38
338,323,72,37
338,327,70,35
337,332,69,30
336,335,66,27
333,336,67,25
333,335,66,24
333,332,67,28
332,328,66,29
332,321,67,36
332,316,69,42
334,309,69,47
330,302,75,54
330,295,76,62
333,290,76,67
334,286,78,71
339,280,75,78
342,275,74,84
342,270,75,90
345,267,76,89
342,266,74,88
344,266,78,92
342,266,83,93
342,262,81,96
340,266,84,96
340,264,84,91
338,266,84,95
336,266,88,91
335,265,87,97
336,265,85,94
335,265,86,93
337,263,85,96
337,262,87,100
333,264,92,96
335,264,91,95
337,264,91,95
336,262,92,96
336,263,92,96
336,261,97,99
340,261,90,99
336,260,94,99
338,260,96,103
338,261,96,97
340,259,98,98
343,261,98,98
344,258,95,100
345,258,99,101
347,255,97,105
345,256,98,103
343,252,99,107
350,253,93,106
347,251,97,105
348,250,97,108
351,249,91,107
348,253,90,105
351,255,84,102
350,253,85,103
347,255,86,102
353,255,78,96
351,257,74,96
358,255,69,95
350,259,74,88
357,263,72,82
351,261,67,81
357,260,65,80
358,258,60,75
357,257,58,76
357,258,60,70
356,258,59,71
355,254,57,73
354,255,53,68
352,254,54,66
354,255,52,65
352,253,51,63
351,255,51,63
347,254,50,61
348,255,49,59
348,257,47,55
347,254,46,57
347,255,47,58
346,254,47,58
345,255,46,55
346,252,45,56
344,252,43,55
344,253,46,57
343,251,44,57
342,254,46,54
343,252,43,55
345,254,44,55
343,252,44,56
346,253,44,54
346,253,44,54
349,252,42,51
350,249,44,53
351,247,45,53
352,243,44,56
356,240,41,50
356,236,44,52
356,231,45,53
358,225,44,53
359,220,45,49
360,214,44,49
360,205,45,50
361,197,43,50
362,190,41,49
361,182,44,46
360,173,41,49
361,165,42,50
361,156,41,49
361,147,39,50
360,143,39,48
359,137,39,47
358,133,41,47
357,129,42,49
357,126,42,51
358,127,42,50
358,129,43,51
360,134,42,49
360,138,44,50
362,145,44,48
364,151,44,49
367,160,44,49
366,167,48,51
365,175,46,51
368,185,50,53
367,192,48,58
365,204,52,58
363,216,51,59
363,229,49,57
363,240,50,61
359,250,53,64
355,265,52,61
355,276,55,63
354,288,53,63
351,298,56,60
349,307,57,53
345,316,57,42
344,326,56,36
342,335,54,25
340,344,55,18
335,353,47,17
335,353,47,17
335,353,47,17
335,353,47,17
335,353,47,17
335,353,47,17
335,353,47,17
335,353,47,17
335,353,47,17
335,353,47,17
335,353,47,17
335,353,47,17
335,353,47,17
335,353,47,17
335,353,47,17
335,353,47,17
335,353,47,17
335,353,47,17
335,353,47,17
335,353,47,17
350,352,42,15
360,341,47,16
366,330,50,23
368,319,50,32
366,304,59,44
364,286,63,56
367,266,62,64
367,251,58,61
369,237,61,61
369,223,60,62
366,207,58,62
369,191,56,64
369,183,56,61
371,173,55,62
370,165,54,63
371,160,53,60
369,157,55,59
370,154,52,58
368,151,53,60
