284,156,113,111
297,165,91,92
291,166,103,100
296,162,95,105
300,164,86,98
298,162,87,105
300,156,84,114
304,154,78,109
298,153,80,114
300,152,76,113
295,154,82,111
302,153,66,103
302,149,46,102
300,148,51,106
300,150,48,98
299,147,46,104
299,147,46,104
294,151,48,101
294,151,48,101
294,151,48,101
294,151,48,101
294,151,48,101
294,151,48,101
294,151,48,101
294,151,48,101
294,151,48,101
294,151,48,101
220,174,58,95
213,177,68,93
213,182,81,80
210,182,97,79
208,183,101,75
207,182,111,76
205,182,119,83
207,179,129,100
204,184,136,95
214,186,136,92
222,185,135,93
221,185,146,101
216,182,158,121
208,185,174,119
203,182,181,140
201,179,170,158
206,172,159,165
202,171,155,189
200,151,171,170
207,167,160,176
203,169,170,182
216,179,159,167
213,167,153,157
201,170,176,175
208,181,171,153
201,174,177,172
207,185,171,152
198,171,183,163
198,171,175,173
217,177,160,154
215,173,158,168
205,176,171,170
203,186,180,145
200,180,174,164
185,162,189,194
188,172,188,172
199,177,169,170
198,169,163,180
205,188,149,149
206,156,156,180
207,170,150,178
192,171,168,174
204,183,149,167
199,159,164,177
197,169,165,172
197,183,162,145
184,164,166,176
195,172,137,191
192,114,155,207
192,102,166,255
195,72,146,283
196,101,154,271
158,53,166,297
158,46,179,317
156,56,172,319
151,51,195,334
176,44,179,341
157,50,204,330
173,59,182,317
177,69,175,302
178,64,179,307
163,72,197,304
145,72,226,310
156,43,207,329
158,74,200,298
156,39,229,316
160,81,212,279
176,68,192,303
164,91,216,275
177,103,191,274
176,99,184,273
174,95,188,282
184,100,175,270
184,92,175,285
186,99,166,276
187,96,163,279
182,82,172,285
190,68,167,288
185,74,191,287
188,109,187,257
192,87,157,282
194,72,161,291
186,93,167,265
196,88,165,269
194,89,153,278
194,76,151,294
195,88,156,278
198,85,163,276
196,84,157,281
193,61,169,300
193,81,174,279
192,80,173,287
193,97,164,267
188,68,171,288
195,84,175,262
194,84,174,279
207,112,160,246
211,98,152,263
207,132,158,223
216,148,137,210
208,172,132,186
206,150,152,157
204,169,153,130
214,179,136,123
217,179,144,125
211,176,149,123
202,173,157,146
192,183,166,149
199,171,149,180
198,146,148,217
193,169,151,193
188,145,165,178
194,155,160,197
194,162,147,199
206,170,129,190
213,158,126,197
213,160,128,190
212,161,132,190
197,154,147,201
203,179,150,176
197,152,163,149
195,175,170,121
191,176,175,136
180,170,178,168
194,171,162,181
190,174,159,190
188,150,153,182
201,169,141,176
211,164,126,193
196,164,138,198
189,148,147,188
191,161,165,192
190,179,153,175
186,156,182,143
192,164,173,153
192,168,168,172
200,159,146,194
192,160,157,197
180,156,176,200
179,162,168,206
186,178,167,188
199,148,161,177
200,160,156,194
205,162,141,207
188,150,159,221
202,160,142,214
196,145,139,218
197,170,142,201
190,158,152,215
188,161,163,210
205,170,137,188
209,162,128,202
210,169,126,197
216,162,126,196
210,165,126,189
199,165,133,194
188,157,152,217
195,158,148,217
187,159,163,217
199,176,153,190
203,180,146,186
213,147,147,163
218,168,130,144
205,169,148,148
192,168,157,180
191,171,156,186
193,150,151,218
187,171,164,198
187,150,164,197
203,134,150,222
208,132,145,223
207,131,139,227
199,100,156,251
203,88,154,272
187,92,152,268
177,103,175,263
171,76,186,299
181,96,176,280
217,76,140,295
197,85,152,286
201,93,142,285
202,79,157,282
195,130,158,258
200,148,147,240
192,168,155,199
195,168,155,194
195,168,157,203
208,153,131,200
201,169,145,190
200,165,147,202
194,152,147,219
201,158,143,211
201,175,142,188
199,162,149,187
203,178,144,179
205,165,139,199
204,169,137,202
203,156,139,202
200,167,146,197
205,171,141,197
185,165,167,192
198,178,146,184
196,159,142,188
201,167,144,191
197,164,150,204
194,165,153,200
205,172,138,193
200,160,149,203
190,176,162,188
200,166,144,204
188,168,167,194
198,178,151,186
185,168,159,199
183,164,170,207
187,182,159,204
193,161,154,203
197,179,158,182
186,170,174,186
191,171,167,199
197,183,152,178
188,158,160,188
191,175,155,188
205,167,136,200
198,161,145,205
206,168,141,187
189,166,161,205
201,174,144,179
198,169,153,190
196,169,153,195
183,148,159,215
193,166,151,203
194,162,158,189
207,182,146,160
197,171,153,180
197,159,143,204
185,151,156,216
184,156,160,212
188,172,157,184
185,163,161,206
192,168,157,190
200,162,145,200
199,164,149,205
171,157,185,203
185,165,185,198
203,176,167,161
192,168,196,168
195,176,214,163
178,166,212,194
195,181,205,174
189,180,230,160
190,183,196,165
192,191,204,144
195,189,220,127
169,191,221,136
189,181,181,170
182,179,179,186
181,178,176,171
183,184,185,164
190,182,165,154
206,176,139,182
186,171,161,191
191,172,159,192
203,174,137,191
197,161,140,196
201,164,140,192
193,173,161,185
169,167,193,188
198,169,153,176
187,170,157,193
176,162,173,206
183,177,163,176
192,161,149,207
194,164,138,206
198,172,158,188
195,163,153,196
211,181,130,181
213,166,134,166
215,162,129,187
202,163,150,185
207,178,146,188
184,156,175,189
193,169,153,194
195,158,152,195
202,175,144,173
203,160,134,208
195,154,140,215
196,169,152,190
197,157,144,199
200,170,144,181
195,163,151,190
208,161,131,200
210,166,129,199
200,158,147,200
204,165,136,192
200,161,146,199
210,179,129,187
205,154,145,199
195,165,140,200
193,168,147,193
203,175,131,184
184,140,160,209
160,153,196,203
144,164,215,199
110,124,247,232
91,120,291,232
100,126,338,233
81,134,377,230
107,120,360,244
149,116,345,260
81,119,395,259
125,96,411,284
41,94,427,274
94,101,420,277
17,102,463,254
69,129,437,244
89,119,398,258
90,115,415,263
135,62,407,299
99,105,349,282
146,101,375,266
129,86,320,299
158,127,352,252
128,97,309,286
161,108,324,269
128,89,310,296
154,101,323,284
169,134,368,225
127,185,368,195
154,146,369,210
116,178,313,175
145,180,261,179
159,154,209,199
175,166,192,211
189,163,164,186
194,172,164,174
196,163,156,203
200,173,152,190
203,159,130,201
198,139,137,223
180,143,162,230
174,141,171,228
192,156,157,198
214,172,125,191
221,149,124,195
208,161,147,187
208,169,140,185
194,154,159,205
206,168,132,203
192,139,157,208
198,153,148,207
205,173,128,193
214,163,129,162
210,164,141,189
202,142,144,215
211,149,129,214
217,155,123,208
202,162,138,201
192,150,156,211
191,166,160,200
197,163,152,204
201,143,143,226
199,146,151,227
201,157,147,208
196,162,163,194
206,177,143,182
200,164,154,200
188,172,188,186
203,189,153,161
195,171,169,168
180,161,181,197
187,156,171,218
199,155,158,208
214,167,139,188
191,157,155,202
196,174,146,183
185,163,160,204
178,154,173,213
180,157,165,218
198,152,146,197
201,160,140,203
194,154,148,210
200,159,140,209
195,159,150,202
196,176,154,182
196,161,155,206
202,166,143,177
199,163,146,194
200,174,144,189
210,159,132,202
209,164,137,187
206,163,138,194
192,156,152,197
204,168,141,191
215,157,118,203
214,157,134,203
201,155,140,188
207,167,139,193
198,165,148,195
201,168,145,197
203,167,142,200
202,165,154,192
200,169,148,190
188,162,170,193
208,150,141,222
207,153,140,222
192,159,157,199
201,166,145,184
202,157,149,199
222,175,122,178
215,165,131,195
193,158,156,207
202,147,141,216
197,173,146,196
203,148,141,222
205,158,147,217
201,159,165,201
195,165,161,196
189,152,164,215
194,156,151,217
203,168,142,202
214,187,132,173
207,164,141,156
211,171,142,161
197,156,157,193
197,173,147,171
201,168,136,196
206,168,130,192
198,161,147,199
186,164,164,200
197,176,157,181
204,161,144,197
211,167,137,194
208,155,134,207
208,165,131,203
202,150,147,196
212,171,141,182
221,160,125,167
226,171,126,137
204,172,151,141
196,169,166,175
192,170,159,182
200,184,148,173
196,162,158,187
201,175,148,182
196,169,149,205
207,154,141,201
204,172,136,187
211,157,130,205
203,162,141,199
198,165,137,198
200,155,134,210
200,168,134,194
205,166,128,196
202,165,133,200
191,186,149,173
186,168,178,198
195,170,167,170
196,168,158,181
209,164,135,197
201,152,134,201
211,170,126,189
218,158,122,195
199,159,142,190
207,171,136,180
208,168,138,191
203,165,143,193
192,140,155,222
200,158,149,203
202,167,137,198
200,161,148,187
207,170,144,182
202,164,149,194
195,159,162,203
196,164,165,198
197,182,156,178
209,158,131,204
212,161,136,196
212,155,132,204
199,147,149,213
201,164,141,192
199,164,146,199
193,155,156,210
190,164,164,207
173,166,187,190
184,168,163,209
190,154,162,208
195,164,150,199
196,158,152,208
203,167,144,205
207,159,134,198
203,158,136,205
209,161,129,210
182,156,164,208
196,159,150,205
201,162,149,200
207,165,139,198
194,165,153,195
194,170,161,190
184,166,173,206
194,179,166,171
198,160,147,194
199,173,144,179
189,159,154,199
189,166,159,196
196,168,157,185
208,169,142,185
194,157,160,206
195,161,157,207
197,169,147,195
175,165,185,175
200,179,152,169
195,178,153,176
189,163,169,173
197,164,151,194
195,158,150,204
206,157,135,205
210,165,133,201
203,173,146,194
217,149,124,206
203,153,147,199
198,169,152,181
195,166,151,201
202,171,146,187
201,162,143,199
201,151,142,218
204,169,144,200
192,161,162,194
190,183,158,180
206,177,129,186
208,162,130,188
208,159,130,202
208,170,125,192
210,162,130,201
210,162,131,198
205,166,140,198
205,162,142,192
211,158,133,205
207,163,138,215
205,140,149,222
207,161,147,199
197,152,153,220
198,163,154,196
203,163,153,200
205,172,148,172
203,169,137,186
209,172,138,173
193,158,161,201
193,166,167,172
210,174,135,179
185,173,158,184
191,192,151,177
200,162,162,164
208,171,154,162
209,168,137,188
195,158,152,195
210,174,131,186
217,157,126,197
205,165,140,194
222,175,117,190
225,161,114,199
206,144,140,211
186,144,162,217
201,147,151,224
197,147,152,221
199,167,144,204
183,136,172,221
194,153,160,210
198,171,150,198
181,149,174,215
196,161,153,209
195,145,159,227
197,159,150,217
191,139,170,235
205,122,146,246
193,98,173,267
202,100,156,261
201,78,150,268
182,95,174,264
167,111,186,253
160,76,193,288
182,86,154,289
194,113,155,265
211,139,135,235
210,161,138,208
199,156,146,207
203,160,147,196
204,172,149,188
199,164,148,204
192,155,148,211
200,173,142,180
201,163,135,202
201,158,140,203
201,173,142,187
212,178,134,182
198,160,150,200
197,171,154,194
185,150,159,215
193,152,154,215
190,155,162,209
191,163,157,194
193,168,153,201
199,166,146,196
191,159,161,213
190,163,160,196
196,165,150,204
198,149,143,217
193,165,152,204
173,158,188,203
193,170,156,190
181,154,165,222
187,175,165,184
189,171,160,198
182,167,165,202
179,172,176,182
199,177,157,161
175,166,182,194
181,176,180,193
194,146,162,200
194,150,158,208
201,170,145,194
187,168,167,187
205,186,134,159
192,171,152,184
198,172,144,194
178,168,174,194
194,187,158,159
176,172,168,186
181,180,155,190
176,174,175,198
188,182,154,167
184,175,156,186
191,180,161,186
186,157,161,194
194,174,153,189
209,160,128,207
194,162,143,203
186,163,158,203
189,175,156,187
185,154,150,214
200,173,133,194
194,159,141,197
196,164,134,197
186,153,154,209
201,171,140,192
192,154,139,212
193,171,138,195
194,165,154,191
192,182,152,182
183,161,166,194
192,172,142,191
199,183,136,178
195,162,146,196
192,179,152,188
197,161,162,207
186,180,161,186
189,170,153,182
201,168,136,197
198,166,141,196
188,162,157,206
191,176,152,191
187,161,152,175
193,167,157,184
189,164,158,206
194,177,162,182
187,162,146,210
185,156,142,220
181,156,164,221
192,137,152,239
185,143,171,226
191,137,179,233
198,151,183,214
196,170,209,176
159,174,227,179
184,180,209,168
175,174,246,166
171,163,247,189
180,161,237,179
154,166,252,183
168,171,252,178
149,188,285,162
158,173,259,185
178,175,234,170
153,161,270,204
176,166,234,176
171,161,217,207
178,184,209,175
169,182,209,162
166,192,230,129
167,189,205,178
167,204,197,144
178,167,180,164
184,166,161,186
176,172,174,191
190,180,146,175
195,165,141,195
192,157,146,211
197,173,147,189
200,160,144,196
190,179,158,186
178,163,166,190
189,174,155,196
192,155,180,187
189,164,207,189
192,152,229,211
187,162,280,190
148,178,259,178
159,180,253,174
177,185,234,150
175,180,222,148
182,171,195,194
185,186,184,170
163,163,213,190
176,178,211,178
179,180,199,194
166,199,230,157
175,176,198,175
181,163,207,199
185,173,218,188
177,180,243,170
154,189,268,160
169,163,287,196
155,182,317,168
147,181,295,163
153,173,278,180
165,176,286,170
131,179,327,171
163,172,282,178
160,175,291,184
145,165,320,188
146,172,317,181
159,137,310,218
174,165,258,191
166,179,291,176
139,178,270,187
162,182,267,173
170,178,264,176
167,174,298,191
159,155,278,201
170,128,295,229
153,116,341,243
166,87,329,268
176,117,290,238
181,87,292,267
204,85,241,288
208,73,219,305
182,126,238,239
189,157,217,200
183,166,246,188
178,162,281,179
161,194,259,153
170,185,282,168
172,179,308,160
140,184,284,172
171,179,277,169
157,166,304,179
156,198,335,147
136,182,370,164
123,203,345,141
144,197,308,131
152,186,301,158
151,183,304,170
154,186,303,169
164,179,296,168
158,178,341,177
136,160,357,180
150,146,387,206
126,168,383,191
141,139,411,224
166,102,381,250
119,169,419,189
140,121,391,232
135,175,364,185
131,157,384,198
145,128,396,228
129,141,410,220
127,117,425,253
134,76,379,297
172,82,324,297
195,84,269,279
192,58,310,293
174,74,340,289
183,60,314,304
190,54,318,320
198,46,285,335
201,46,288,320
200,53,284,328
211,42,276,324
188,75,314,292
191,107,295,259
186,53,300,298
188,83,291,290
196,52,277,317
183,49,300,343
194,57,276,334
203,65,281,313
205,38,273,335
210,47,262,328
214,20,268,349
188,25,310,361
207,38,279,339
223,50,262,322
194,29,300,344
201,64,288,311
222,51,272,304
222,23,277,337
225,26,280,347
197,56,325,319
200,60,311,304
197,51,298,290
210,50,282,318
194,54,303,326
194,46,309,336
208,52,289,324
227,19,260,351
213,36,291,354
201,26,305,347
205,38,297,349
207,34,296,327
192,33,335,343
223,7,284,358
243,11,280,366
206,42,307,324
196,38,318,335
209,37,312,317
177,23,356,366
193,34,348,336
221,41,311,297
201,41,312,321
195,44,308,335
192,64,305,295
187,69,306,294
203,45,278,320
211,38,268,345
210,60,277,317
219,29,262,339
189,24,309,355
211,50,278,326
196,42,292,340
209,75,249,297
202,29,262,341
195,32,291,350
194,72,289,308
214,30,250,335
208,29,259,345
203,20,268,357
206,27,266,363
211,28,253,351
212,24,239,360
210,37,250,318
198,29,271,334
206,33,253,343
202,46,260,314
180,60,291,313
205,46,254,305
182,50,280,313
181,68,298,311
184,49,271,316
202,24,241,321
205,14,264,341
217,19,245,358
218,0,234,369
203,11,265,355
211,12,246,354
214,-3,257,370
204,28,277,343
219,5,250,367
231,9,234,362
229,-13,244,363
228,-8,260,374
226,1,280,365
228,-2,288,384
211,11,313,376
206,14,303,386
163,58,355,328
170,14,333,366
191,28,287,346
201,24,285,339
219,-7,243,369
215,26,252,346
194,38,303,333
186,23,291,344
191,40,257,355
198,39,231,359
204,45,214,344
218,62,143,322
197,100,167,286
189,112,170,266
171,134,177,223
179,151,177,204
192,167,160,194
196,150,143,174
189,148,181,181
185,138,183,215
187,142,173,207
182,131,177,230
185,122,177,238
188,102,171,261
193,87,162,277
195,88,165,263
192,64,168,293
191,65,187,300
203,44,171,324
206,50,164,320
193,64,169,313
192,84,170,290
193,92,171,280
193,113,169,251
201,136,160,226
188,165,181,191
187,182,182,157
199,187,171,148
197,178,167,178
192,167,176,192
190,177,177,177
182,162,181,196
198,177,165,155
203,170,157,186
199,166,163,191
193,174,174,185
197,182,167,163
205,177,145,183
208,158,156,199
215,168,147,203
200,168,155,199
186,172,176,194
191,162,175,211
191,169,174,192
184,179,188,174
197,169,165,181
209,185,151,167
195,170,169,179
198,171,165,188
185,178,177,173
183,180,186,146
202,173,156,171
196,170,153,184
200,172,150,196
201,163,163,186
217,186,138,149
200,170,169,163
204,171,159,178
199,176,155,185
196,150,165,206
198,164,156,189
197,177,163,174
179,167,190,198
196,164,163,192
198,183,156,161
192,165,167,182
206,173,157,179
198,161,159,202
201,176,160,187
206,164,157,187
198,168,174,180
204,185,154,167
200,170,163,174
198,183,168,158
199,178,163,178
180,161,183,206
203,174,163,184
186,158,180,199
195,167,170,191
201,169,164,190
192,165,170,202
200,177,174,166
204,172,162,189
194,185,173,166
194,179,166,180
199,163,169,197
197,181,180,161
213,181,152,164
192,174,174,178
201,182,170,172
199,178,167,177
200,171,165,182
197,163,175,193
196,178,180,177
199,170,172,178
186,177,187,180
200,182,170,168
193,172,177,183
210,182,160,162
185,169,181,185
197,181,174,180
192,182,187,175
208,163,154,193
197,168,174,194
178,171,205,185
207,182,169,160
183,172,188,179
188,182,185,178
179,169,192,186
194,179,188,167
195,186,176,169
197,165,167,195
206,183,159,162
191,172,184,185
187,177,186,173
178,175,199,173
185,183,199,159
175,177,194,169
182,163,193,197
194,180,170,168
178,165,189,197
181,141,208,217
175,132,200,228
187,131,182,236
186,149,191,202
196,147,164,214
177,137,182,227
187,135,176,231
191,149,190,197
193,139,172,219
200,144,158,204
207,136,157,217
190,137,180,228
196,145,172,207
190,149,183,216
193,164,179,181
180,154,184,207
190,138,166,205
187,158,188,170
181,146,194,208
187,150,179,210
197,165,171,183
202,168,174,168
196,157,169,196
207,170,156,169
193,156,183,190
199,154,172,195
199,163,174,185
211,157,148,206
190,154,183,199
200,161,166,171
196,161,188,182
201,167,175,163
190,167,180,185
197,174,177,147
202,171,156,181
190,163,175,192
195,183,170,161
185,170,170,189
198,177,159,162
195,175,168,173
197,173,169,175
213,182,144,162
208,172,156,175
206,172,149,182
196,175,157,179
188,169,170,188
194,172,164,190
178,164,197,189
186,173,188,188
203,184,164,157
186,177,180,153
185,176,186,178
191,183,174,159
190,175,188,168
190,174,174,192
179,164,187,182
186,168,180,185
186,169,179,183
192,156,167,208
200,166,161,180
191,156,177,194
203,159,157,191
196,146,167,199
197,151,162,201
190,162,179,179
208,169,162,168
186,151,181,198
195,160,167,188
185,175,191,162
196,165,169,192
184,177,188,171
195,180,181,158
211,184,155,155
211,183,159,155
190,172,174,179
199,186,179,154
194,177,178,175
201,172,164,183
206,186,170,144
192,177,185,174
194,180,173,181
206,168,156,181
205,179,155,171
187,167,182,192
202,185,160,161
188,168,184,184
189,181,183,155
208,175,154,176
192,171,172,189
201,174,166,175
194,166,175,195
195,183,175,158
184,172,188,173
189,175,177,179
187,181,188,174
194,168,168,188
202,182,170,176
188,155,173,206
189,165,175,202
196,167,172,192
212,178,160,157
197,178,175,160
207,177,159,172
200,169,165,174
199,177,175,158
202,175,157,182
201,161,161,198
195,171,179,169
183,172,191,185
190,188,192,152
183,173,195,188
190,186,179,161
196,170,173,195
194,172,169,183
185,176,182,182
209,191,148,152
194,175,168,167
214,175,150,178
194,152,173,199
191,169,177,190
185,178,196,169
186,179,188,171
194,179,182,165
189,165,189,193
199,182,167,167
187,162,188,199
200,170,164,193
203,169,162,191
189,177,187,164
197,180,175,169
194,180,179,165
201,168,168,187
208,173,153,181
191,172,178,188
199,169,175,173
199,177,176,173
199,177,164,165
198,165,158,195
192,178,187,167
195,177,164,188
184,163,189,183
184,172,187,173
202,178,165,165
204,173,156,187
198,164,168,192
187,179,183,165
186,159,185,202
182,158,192,202
188,168,195,174
210,163,162,184
197,172,169,183
204,176,168,174
183,165,188,191
191,167,181,180
204,179,159,170
194,168,177,190
207,186,159,153
206,177,164,163
189,173,188,186
193,182,188,160
201,170,161,186
204,170,165,175
208,186,166,151
199,189,177,151
192,178,175,184
201,151,157,191
209,172,150,174
192,167,177,179
180,164,199,182
204,176,172,159
184,154,185,187
190,169,189,178
191,182,188,150
184,170,194,185
177,183,215,151
198,180,188,161
185,180,183,164
176,172,208,164
177,171,207,182
198,176,188,165
193,171,186,185
188,178,187,160
204,181,159,173
207,167,155,187
201,162,155,198
196,161,165,209
180,159,198,198
207,176,164,164
215,180,149,163
198,171,172,162
204,181,163,160
202,165,159,179
210,181,145,171
193,162,161,201
190,177,182,181
210,178,152,166
203,161,157,198
217,177,146,163
209,171,145,178
193,162,164,195
206,171,155,177
179,160,182,192
187,169,183,177
200,172,166,177
207,187,157,178
191,159,175,187
211,178,160,160
196,168,175,182
209,185,150,151
196,167,176,185
202,182,170,159
187,166,184,189
202,165,165,187
210,176,152,180
206,165,147,195
192,157,172,202
206,169,156,186
211,175,147,172
203,163,154,197
195,163,174,191
209,174,153,178
208,170,153,186
210,175,148,177
197,157,167,201
212,170,151,180
192,151,171,206
210,165,146,192
212,165,143,188
212,165,154,188
201,174,175,179
201,181,180,163
182,174,181,165
200,184,161,155
195,173,169,178
183,178,184,185
176,187,207,151
194,187,189,138
201,179,170,166
213,169,142,192
197,162,173,196
191,176,183,148
207,182,164,148
183,175,182,166
194,181,171,165
216,192,152,140
205,175,160,163
188,166,179,181
199,175,162,184
195,172,163,185
198,172,159,192
196,174,172,170
203,182,171,155
197,165,173,187
206,184,158,163
206,171,155,180
197,183,171,164
198,171,171,188
203,163,171,172
182,166,184,187
189,180,179,153
201,180,161,159
202,165,154,191
195,170,175,184
195,181,178,153
205,175,164,169
197,172,176,181
216,181,149,155
191,172,168,178
202,178,161,171
193,172,174,174
201,179,165,169
204,167,158,184
205,174,158,178
190,164,173,190
200,177,159,176
206,169,149,194
200,165,152,198
209,172,145,178
210,176,140,168
200,161,155,190
190,155,182,206
189,132,194,222
193,120,178,233
188,133,180,232
194,151,173,216
198,179,162,179
190,174,171,161
195,183,167,174
205,168,158,182
202,173,165,188
192,174,173,194
200,171,159,162
220,180,147,156
210,175,150,165
210,169,148,181
195,173,169,171
182,164,175,201
198,173,165,196
197,166,165,172
209,175,181,152
202,187,197,147
192,187,173,149
207,171,148,179
207,158,153,200
205,180,167,168
193,172,170,193
206,186,168,159
184,167,177,167
206,174,147,172
204,170,154,182
205,163,155,193
205,176,155,174
201,161,155,202
210,172,152,185
196,158,171,202
207,172,159,183
195,171,179,187
188,186,196,163
193,172,172,184
206,186,153,154
201,175,160,177
199,159,150,211
203,155,147,211
211,177,148,184
201,174,162,188
209,161,156,198
204,170,161,189
191,162,174,203
195,136,167,218
192,135,156,224
216,163,138,193
213,171,153,171
189,177,183,180
203,183,167,140
194,176,175,171
214,185,152,145
214,173,153,171
206,195,167,152
192,198,187,136
197,173,177,160
206,146,154,188
214,153,148,190
189,164,177,188
205,177,146,154
201,178,149,177
196,163,163,189
205,177,156,175
204,169,145,194
192,157,166,200
201,171,162,190
198,162,157,210
196,169,163,193
193,160,167,211
192,178,187,176
180,165,198,195
195,174,173,186
194,175,179,182
201,169,167,176
194,179,185,167
206,173,156,195
213,175,151,174
197,167,167,174
212,169,148,189
205,175,154,173
207,171,145,186
198,169,175,192
202,134,159,224
191,160,178,198
206,180,168,164
195,186,174,152
202,180,162,161
190,164,173,189
203,184,169,154
186,174,180,174
202,186,169,147
208,176,155,172
194,178,175,169
214,170,141,187
200,162,156,211
204,171,148,186
195,171,162,196
207,161,148,197
202,172,168,178
198,173,171,184
198,174,172,193
205,184,161,155
195,167,168,181
202,151,155,210
194,159,174,202
176,162,189,205
193,176,178,180
189,155,171,202
191,168,167,204
198,161,159,202
208,180,140,182
205,152,142,202
212,170,139,192
200,158,154,195
203,174,148,187
211,163,139,193
195,157,162,203
201,168,153,202
183,154,179,204
191,168,170,181
191,178,180,172
195,163,167,181
184,173,179,182
200,168,152,207
209,142,145,222
205,158,162,200
209,168,153,187
206,181,152,173
194,155,177,203
203,167,162,198
206,151,158,207
214,159,149,213
196,169,167,194
201,184,165,161
205,168,153,179
197,167,170,183
205,174,160,191
203,172,164,176
196,165,167,198
203,180,172,172
185,152,185,191
195,162,169,196
194,174,189,171
191,170,188,191
196,182,189,148
183,172,193,179
182,180,200,187
190,186,185,168
194,180,185,155
182,175,191,188
190,182,183,156
194,185,180,160
196,176,167,182
192,166,172,192
197,187,177,157
195,171,174,193
201,168,171,192
177,158,197,216
192,168,182,194
188,166,178,198
191,167,190,194
207,170,168,176
190,179,203,160
191,185,198,139
190,176,196,171
192,171,205,177
191,180,203,149
199,185,186,124
192,178,173,143
188,170,170,176
201,180,162,175
195,159,169,193
201,171,166,178
200,165,161,188
183,150,193,205
172,148,225,222
189,98,195,248
195,140,178,222
194,153,167,200
198,172,175,176
202,187,168,162
196,169,170,188
205,177,156,167
186,175,179,178
194,176,171,169
185,176,177,182
199,176,161,183
183,167,176,185
193,169,163,203
198,171,157,191
193,159,177,199
199,147,154,219
200,153,155,213
200,161,146,207
195,164,156,207
200,150,154,204
187,161,161,201
192,172,161,185
193,180,159,180
182,180,169,176
180,168,176,190
188,181,172,166
192,190,160,167
201,179,151,177
198,168,150,185
190,154,158,210
197,169,148,183
194,169,154,193
199,154,142,217
209,172,128,201
213,169,129,189
209,175,138,188
195,154,154,209
195,162,155,205
188,160,166,204
190,180,163,165
193,179,162,170
188,172,164,193
188,163,162,206
186,169,170,186
207,153,149,200
192,152,163,205
196,142,158,215
189,146,172,219
191,136,171,221
197,138,163,223
191,153,174,201
194,167,171,169
205,154,149,197
213,157,139,199
195,167,169,176
196,165,154,192
203,161,157,197
197,162,163,193
202,154,158,209
207,156,153,184
198,153,165,203
200,149,161,207
196,164,166,189
190,176,166,184
192,168,160,200
190,184,172,167
189,169,170,190
196,166,166,163
202,176,154,168
208,167,145,193
194,159,163,207
194,173,169,175
184,167,183,194
189,160,179,190
199,175,170,166
199,169,160,196
184,153,174,214
187,156,173,205
196,168,164,202
212,147,140,213
199,160,153,200
200,168,153,196
181,175,180,172
190,171,169,177
199,162,162,195
195,163,165,194
206,165,145,189
194,169,159,187
187,161,162,210
195,169,154,197
186,157,159,208
199,182,141,175
194,177,143,182
204,160,134,200
190,149,155,217
201,148,144,222
198,166,147,199
195,160,146,207
204,165,136,204
187,162,159,206
190,166,147,204
192,166,152,207
200,164,142,206
200,149,144,218
191,171,160,194
201,139,142,220
201,151,154,212
202,161,145,207
189,171,158,196
192,174,151,191
172,172,170,196
187,179,167,177
193,174,164,174
195,163,154,199
205,162,140,208
195,152,152,214
200,157,147,212
199,162,152,204
201,160,149,206
192,166,164,204
196,153,160,218
203,163,151,197
205,155,145,199
203,170,143,189
194,161,159,204
191,158,164,210
212,138,145,231
202,138,154,232
200,151,158,220
194,176,158,198
179,161,180,191
191,177,154,178
193,166,154,201
193,186,154,179
189,161,167,177
186,170,170,186
189,155,164,212
196,133,160,234
193,94,165,267
197,79,162,281
184,90,172,277
194,94,159,278
199,87,152,289
189,90,170,279
201,76,152,294
205,117,143,253
198,133,155,240
181,156,175,219
196,172,158,184
196,167,152,203
186,166,163,201
186,170,171,192
191,175,166,182
190,190,162,157
192,168,148,182
189,154,168,210
189,164,179,183
202,175,161,171
209,177,149,177
189,154,159,207
193,152,157,216
196,153,157,216
200,160,145,212
207,181,136,181
206,165,133,189
191,157,149,208
197,169,141,201
192,158,150,203
185,171,152,196
182,178,168,191
189,178,155,183
188,164,162,205
199,159,142,203
210,167,133,202
192,149,161,213
190,159,161,220
194,166,154,201
198,172,144,190
202,168,143,196
199,164,143,200
195,160,151,207
195,161,150,204
201,161,143,204
196,162,139,208
186,163,170,207
173,143,191,224
191,148,167,219
200,134,156,231
203,142,149,219
202,139,147,219
201,145,158,214
204,162,153,200
195,173,157,178
194,171,154,192
181,162,178,203
195,175,155,173
187,161,175,199
198,155,156,221
201,163,165,201
182,148,183,223
196,158,164,214
207,169,151,190
204,169,152,192
182,150,174,205
190,162,163,204
190,174,163,180
195,167,155,198
194,173,152,184
194,172,169,181
205,171,149,197
201,164,150,177
199,168,151,190
198,168,156,192
188,172,170,175
200,165,152,196
204,135,146,220
200,117,154,240
207,122,149,233
209,146,143,202
205,156,148,198
200,176,158,174
192,172,158,191
204,178,150,174
200,180,152,176
183,174,170,192
187,178,176,181
205,197,139,155
211,183,135,170
198,177,153,186
192,183,164,166
198,185,155,165
192,174,176,188
204,186,153,164
197,175,164,181
198,184,155,175
206,187,143,169
189,172,167,184
200,181,159,171
187,171,164,197
193,164,166,198
184,168,183,191
194,175,174,167
186,164,183,190
197,175,168,161
187,163,178,194
185,164,187,188
203,172,156,166
188,166,172,187
200,169,151,191
199,166,155,196
199,168,155,202
179,159,190,192
185,156,177,208
193,166,165,195
186,156,169,209
195,168,158,200
188,157,165,195
193,153,167,207
209,162,143,193
189,156,159,210
195,153,154,217
203,153,145,194
213,170,132,184
203,157,146,207
204,167,147,198
193,160,152,209
197,171,149,188
202,164,135,192
195,164,152,198
195,168,153,189
204,165,144,200
210,170,133,192
189,158,165,200
193,167,159,196
198,176,155,182
188,169,161,179
205,168,134,195
196,165,148,199
208,163,145,188
196,167,150,192
186,166,163,190
183,184,168,180
175,186,180,164
180,169,178,180
191,164,156,186
190,149,162,213
193,133,159,238
198,129,154,239
199,132,152,229
200,129,154,231
198,138,156,213
209,138,136,220
199,126,147,238
198,125,147,237
202,133,137,231
198,135,152,228
196,128,157,233
206,120,142,233
205,128,147,218
202,127,154,224
203,119,155,238
208,136,152,213
200,122,152,236
208,122,148,239
208,114,147,235
209,124,151,227
200,144,158,202
207,130,141,222
204,129,149,242
198,132,160,233
196,135,163,212
197,137,163,221
205,141,148,216
205,144,147,219
206,151,147,207
185,148,171,211
196,149,162,218
205,154,156,204
210,162,154,190
210,164,153,196
196,162,163,202
193,171,173,172
186,169,179,183
199,170,156,194
192,175,171,165
192,169,178,182
201,182,159,150
188,177,181,162
203,174,151,171
204,181,153,171
207,165,149,188
198,166,159,197
188,170,170,193
173,168,186,202
187,177,179,175
180,171,182,178
198,165,157,198
180,161,176,201
185,179,180,172
193,181,172,149
188,169,174,181
186,173,175,193
183,169,197,183
198,168,174,175
206,174,177,174
187,167,213,183
206,182,173,156
186,165,173,187
189,164,176,198
196,177,171,165
191,171,168,191
199,163,151,188
199,173,154,178
193,161,169,201
210,161,147,201
210,169,150,186
206,166,154,199
212,160,146,194
201,167,169,195
195,174,183,174
183,165,195,193
194,161,174,205
192,163,170,208
202,169,162,182
193,166,164,193
184,172,182,176
187,158,161,209
186,165,170,191
179,150,185,216
188,156,180,192
169,151,200,194
184,141,174,219
185,126,178,235
201,138,155,215
190,146,175,218
196,152,168,196
190,159,173,195
193,159,166,206
209,171,149,183
188,174,165,180
201,176,181,162
190,174,187,168
197,169,165,192
192,164,166,199
205,176,149,170
200,169,155,190
200,161,153,208
194,165,156,206
177,160,180,187
187,168,174,187
204,180,155,167
189,181,173,173
171,171,189,180
186,173,180,175
200,157,154,210
211,170,141,173
200,164,155,196
211,168,136,194
192,157,154,213
191,162,164,192
195,172,171,190
201,168,169,175
207,171,158,182
197,163,165,193
187,161,175,207
198,163,161,190
191,154,164,211
195,139,158,233
190,143,166,225
200,156,161,199
199,176,163,168
192,169,165,193
207,185,154,157
204,161,156,193
189,151,180,210
211,157,158,190
199,150,164,209
206,165,152,187
205,166,150,192
208,161,150,199
197,159,167,204
203,175,164,180
201,166,159,197
198,158,164,212
204,167,156,185
208,167,147,196
208,164,141,201
197,156,150,202
201,166,152,196
194,170,165,189
195,174,155,184
183,162,180,177
188,166,172,188
199,170,165,186
203,167,155,194
202,165,153,196
186,157,166,216
195,165,165,194
215,173,140,169
208,164,144,195
196,161,158,206
201,174,153,185
198,169,165,190
189,170,178,178
186,156,185,188
199,150,158,196
194,139,168,213
189,119,167,243
200,95,159,260
200,115,159,244
201,119,161,239
206,125,158,229
204,133,167,224
200,141,162,219
205,147,159,205
191,124,172,233
196,137,167,214
197,143,168,211
206,160,155,186
204,169,155,186
192,163,173,203
205,169,159,176
194,170,167,183
200,160,162,208
200,166,162,193
185,158,176,218
198,163,156,207
202,160,150,208
206,163,145,201
210,162,134,208
205,160,140,205
197,161,156,204
202,161,149,205
210,170,131,197
202,170,142,192
202,154,138,212
203,164,153,195
206,160,148,209
208,160,142,208
192,168,162,179
204,168,142,198
204,152,158,211
182,163,175,201
196,165,154,189
196,158,153,205
199,158,152,210
203,164,146,196
208,164,147,202
207,173,153,190
182,153,175,202
196,146,155,218
195,159,152,213
198,131,143,238
202,138,139,231
206,155,141,213
209,174,136,173
204,172,149,184
201,161,145,204
197,160,156,202
216,178,127,177
192,179,149,175
200,180,135,189
196,161,142,199
196,173,147,183
191,168,149,199
184,170,155,202
181,175,159,193
194,174,142,201
188,154,146,198
