238,189,56,94
239,184,60,107
232,180,70,111
231,181,80,113
228,181,86,104
227,177,84,119
227,174,86,122
232,171,71,133
226,174,82,130
227,174,78,129
231,174,72,127
229,182,73,112
225,178,81,113
220,176,94,118
220,173,91,118
212,175,97,130
212,175,96,128
204,175,106,121
196,178,121,119
193,171,132,127
179,178,128,119
182,178,130,119
186,176,133,117
185,181,135,114
171,185,125,118
171,188,139,113
153,187,145,125
167,192,138,127
159,192,159,133
159,192,159,133
134,179,190,152
108,180,229,143
136,182,216,130
150,162,202,156
131,167,203,157
114,178,234,142
91,174,258,145
56,145,287,184
70,131,304,196
110,145,257,185
87,127,247,208
114,142,231,189
133,156,229,169
156,166,212,153
155,173,183,130
177,176,169,128
167,177,153,122
180,173,138,126
192,180,125,108
197,179,113,105
202,175,109,106
193,177,114,103
200,178,110,99
194,173,116,113
196,183,118,96
179,178,134,107
192,186,126,94
177,180,146,107
186,177,142,120
174,188,160,105
165,184,172,112
171,186,158,116
184,187,141,112
186,179,140,136
194,183,140,128
206,175,118,134
193,168,126,152
175,172,133,158
190,171,140,142
174,180,147,147
190,185,129,125
196,184,122,122
201,175,112,144
203,184,108,137
213,182,96,123
226,174,76,117
98,182,76,95
107,188,71,83
221,189,66,83
125,200,57,66
134,206,48,56
135,209,49,64
141,208,56,62
225,202,53,58
228,204,50,54
160,217,46,64
167,215,53,65
173,212,50,70
181,210,44,71
188,206,39,73
193,203,36,72
203,200,29,70
204,195,30,70
216,195,23,67
216,195,23,67
225,197,20,70
225,197,20,70
224,191,27,72
223,191,37,69
225,192,48,63
226,193,44,61
215,188,50,69
220,191,49,58
224,188,46,65
214,188,49,62
215,187,50,61
207,187,48,65
194,181,55,67
196,180,56,67
189,188,62,75
191,193,59,71
185,194,50,71
187,189,42,77
177,190,44,77
173,192,47,74
174,191,45,75
167,192,50,71
164,189,55,66
166,182,57,71
169,176,45,78
168,174,45,80
164,173,49,80
165,170,44,86
165,172,41,82
165,175,43,79
166,171,43,76
170,173,40,76
173,173,38,78
175,175,39,76
178,177,37,79
185,184,32,82
186,186,33,80
190,185,33,78
199,188,27,71
199,183,29,73
200,184,32,76
201,185,34,69
204,186,32,64
205,185,30,62
218,175,29,54
214,180,35,60
215,176,39,63
215,175,48,74
217,173,60,80
225,177,49,70
219,173,44,74
222,169,48,82
224,172,52,81
229,173,45,84
211,164,58,83
235,192,46,68
202,168,51,69
203,159,54,80
203,167,60,70
187,162,57,67
189,156,51,58
191,158,43,55
179,154,43,60
181,151,36,58
176,144,39,64
165,142,40,62
153,137,45,64
156,127,36,68
144,132,36,62
132,134,40,59
130,129,38,59
128,130,39,55
116,138,47,52
115,136,45,54
111,142,39,57
113,148,37,53
114,146,39,54
117,145,35,59
123,147,40,57
124,151,40,62
134,150,48,62
146,151,46,64
160,156,44,60
170,163,45,59
180,169,44,57
189,170,43,59
205,176,44,50
216,178,50,53
223,172,59,54
233,170,64,63
241,171,73,62
258,175,67,52
274,178,59,49
285,177,61,48
301,172,52,57
304,177,59,48
317,176,52,47
316,172,60,51
324,167,57,53
327,167,59,50
333,167,57,47
331,161,61,50
330,159,63,51
332,157,60,52
330,156,60,50
327,156,59,53
320,156,59,51
312,157,58,53
300,159,67,53
289,158,66,53
277,165,66,44
259,166,70,51
236,170,76,58
219,172,89,61
203,176,85,57
171,175,86,60
152,176,70,56
120,168,71,67
98,154,75,74
80,147,71,79
54,142,85,82
43,131,79,88
28,123,84,87
28,117,73,83
22,108,72,80
19,103,70,78
18,101,66,80
15,99,70,74
15,103,73,69
19,106,71,69
20,112,70,71
24,117,68,74
34,126,62,76
40,133,65,74
52,142,67,72
56,149,73,80
80,161,64,81
92,172,60,83
117,191,54,76
150,190,40,73
167,200,39,73
180,195,41,80
195,203,44,72
224,205,50,63
229,194,56,62
237,198,59,52
270,187,53,58
275,179,51,59
275,179,51,59
281,171,55,50
288,167,53,51
293,168,52,45
305,166,45,53
310,164,44,58
306,165,47,60
303,164,45,63
303,165,46,63
300,169,44,63
293,172,44,61
291,169,44,67
280,171,52,68
282,167,45,66
281,173,42,72
266,179,45,81
240,180,55,78
240,189,55,71
227,187,54,69
220,186,54,71
212,186,54,73
193,195,60,61
181,190,48,71
168,193,53,63
155,181,57,57
144,171,57,61
129,166,65,58
131,161,58,58
119,153,63,58
118,152,60,54
115,149,61,52
106,143,66,56
112,141,62,54
109,143,63,53
109,145,61,56
114,146,61,57
116,143,57,65
119,149,62,62
132,155,57,60
143,164,53,58
151,165,58,56
160,172,62,56
170,171,53,54
181,175,48,59
193,171,49,69
202,169,62,75
220,180,64,63
226,181,56,59
238,166,48,63
257,166,55,62
262,167,55,52
269,168,55,49
277,166,50,54
282,163,45,53
289,163,39,51
291,165,39,53
290,165,38,54
293,165,34,53
286,165,40,56
284,168,38,55
273,167,46,60
270,185,43,51
259,190,37,46
246,184,32,54
233,201,37,50
231,204,41,51
178,227,45,47
178,227,45,47
146,232,37,41
126,236,32,38
107,236,31,35
91,232,35,37
73,231,40,37
56,226,38,36
45,212,44,44
34,212,39,39
25,199,44,40
22,194,38,41
25,180,43,41
18,177,46,40
13,172,50,42
20,165,49,40
26,162,45,42
31,163,44,37
34,160,44,40
43,158,44,44
54,159,42,42
63,159,44,43
76,161,38,44
85,168,40,42
95,170,41,43
