79,69,132,200
79,73,138,217
81,73,139,213
88,72,135,212
89,70,138,214
95,64,131,229
100,68,134,219
99,64,132,216
103,61,131,226
105,66,134,218
109,62,132,226
111,64,133,213
113,63,137,223
119,54,131,236
122,55,131,222
122,59,138,212
123,59,135,216
130,57,135,220
131,58,136,217
137,59,135,218
139,57,135,206
145,58,132,209
143,54,137,218
151,52,131,217
157,52,127,207
154,55,133,207
166,54,126,204
166,53,128,212
167,52,124,196
170,56,125,186
177,50,123,202
176,49,127,200
175,50,125,195
182,52,125,194
185,52,122,189
186,49,117,201
189,48,118,200
191,44,119,205
192,45,115,199
196,48,113,193
192,51,116,186
194,45,119,197
201,44,115,199
200,46,113,182
197,50,114,174
203,45,113,185
202,41,113,190
209,45,106,189
204,46,113,174
211,46,106,176
206,46,115,178
212,45,108,172
210,42,109,181
208,43,110,175
215,46,104,159
208,43,114,174
209,43,109,165
211,43,109,166
213,41,107,164
213,44,107,156
213,47,104,146
211,45,110,152
218,42,100,154
214,43,102,146
218,45,101,147
216,43,104,150
214,40,102,159
215,40,103,151
217,40,101,157
216,43,103,148
217,37,102,158
219,40,99,152
216,40,100,147
218,40,99,147
218,41,96,145
220,40,98,143
217,39,98,145
219,39,96,142
215,42,100,134
220,39,97,143
217,41,96,136
222,37,95,142
221,38,92,134
222,38,92,138
220,38,91,139
222,38,92,133
221,38,94,135
221,38,92,135
222,37,92,144
221,37,95,139
220,35,96,144
223,36,97,142
223,35,94,138
221,38,92,134
222,36,95,139
224,37,93,135
224,33,95,141
229,32,87,142
225,33,93,141
227,32,90,140
229,33,90,137
229,34,94,136
228,31,91,139
231,34,91,135
230,35,90,132
230,33,92,137
231,33,92,134
232,33,90,129
235,35,87,125
234,34,90,123
236,37,86,118
235,36,87,113
238,35,85,115
239,36,84,113
238,38,85,112
237,37,85,108
239,37,87,105
240,37,85,106
240,36,87,109
241,37,86,111
242,35,86,116
242,38,86,111
244,36,84,107
245,34,83,105
246,36,82,105
245,36,83,99
248,34,80,100
247,36,82,107
248,34,81,104
248,34,80,100
249,35,78,96
248,36,81,98
250,34,80,102
251,34,80,100
250,35,80,99
251,33,80,106
251,34,81,103
251,34,82,106
252,34,80,99
251,33,80,103
252,33,79,106
252,33,80,98
254,31,75,94
253,31,77,99
253,33,77,102
253,31,79,104
253,30,78,108
253,32,78,99
254,30,77,102
253,30,79,105
254,31,77,104
254,30,78,103
254,31,77,102
254,29,78,103
254,31,77,105
254,31,77,101
255,31,78,98
255,28,78,104
255,29,75,104
255,29,74,95
254,29,75,96
255,27,75,101
254,26,75,104
256,27,73,101
254,27,74,102
255,26,74,99
254,27,76,98
254,28,73,100
254,30,73,98
253,27,75,101
254,25,74,104
252,25,75,103
252,26,73,99
252,25,71,96
251,24,72,100
252,23,71,103
250,21,74,105
249,21,73,106
248,19,73,103
249,22,70,100
249,20,69,101
248,20,70,99
247,19,68,99
246,18,68,101
246,17,67,102
245,18,68,102
243,18,68,101
246,17,66,99
244,18,65,90
243,16,66,97
243,16,64,97
240,16,65,92
241,16,64,97
238,17,65,94
239,17,64,99
239,14,63,103
240,17,61,95
239,16,63,95
238,15,62,96
238,15,62,94
239,14,59,99
238,14,60,97
236,16,62,92
236,15,64,94
237,14,60,94
237,15,60,95
237,16,59,91
236,15,61,94
236,14,61,97
236,16,59,92
234,18,62,88
235,16,62,92
233,16,64,95
233,18,64,94
233,17,65,101
234,18,61,92
233,18,63,96
232,21,65,90
232,23,63,88
232,20,63,89
232,22,62,85
232,22,62,87
231,23,63,85
231,22,62,83
231,21,62,87
232,20,62,89
233,19,60,87
232,19,59,91
234,16,58,94
232,17,60,91
232,16,60,95
232,16,59,93
232,16,58,94
234,16,58,94
231,16,60,92
232,15,60,98
235,15,54,94
232,14,60,96
233,15,57,94
232,15,58,96
233,15,57,96
233,16,56,91
232,16,58,95
234,16,57,95
232,15,57,94
234,16,55,91
233,16,55,93
232,16,58,92
231,16,58,94
233,15,62,95
232,16,59,95
232,13,71,99
232,15,75,94
229,14,73,98
234,18,72,94
234,14,68,96
234,14,66,96
233,15,74,98
235,14,74,97
234,12,69,98
236,14,70,98
236,13,66,97
235,13,65,98
235,14,70,98
235,13,66,97
234,10,50,95
231,12,51,85
229,11,55,82
229,10,54,93
231,7,61,103
230,5,56,102
231,7,55,101
229,8,55,96
229,8,55,100
230,7,54,95
229,8,56,99
229,8,56,99
231,7,53,100
229,6,56,104
231,6,54,103
229,7,57,99
230,9,56,96
230,8,57,94
230,7,58,100
231,8,69,99
232,10,62,97
233,9,67,98
232,12,71,95
233,11,75,96
234,10,78,96
233,9,79,98
234,10,79,98
233,9,79,99
236,7,77,101
236,7,78,101
241,7,73,105
241,8,68,99
243,10,70,95
238,8,77,98
241,7,74,101
247,6,63,97
250,6,64,100
251,6,61,100
253,3,60,104
256,5,58,100
262,4,49,102
260,6,52,101
262,5,51,102
260,7,54,101
263,7,52,99
264,6,52,100
265,10,54,95
264,11,57,93
264,14,59,90
261,14,63,90
263,15,68,88
262,13,67,92
262,12,68,91
263,12,60,93
266,13,58,92
263,12,59,94
266,9,56,98
267,8,57,96
265,10,63,96
268,8,54,95
266,6,59,102
269,4,60,103
268,9,53,95
269,6,53,102
265,6,57,101
268,9,55,99
266,10,55,96
269,12,51,96
269,11,51,97
265,11,57,99
267,13,55,93
265,13,63,91
265,13,64,92
266,12,60,92
267,13,59,93
266,11,57,94
267,12,58,93
266,11,58,94
267,13,57,93
266,13,59,92
265,12,60,93
265,14,58,91
265,13,61,93
266,16,59,89
266,16,58,91
266,16,58,91
265,15,58,92
265,14,58,97
264,15,59,94
263,14,62,97
264,13,57,97
264,14,61,98
263,12,62,98
264,14,59,101
263,13,62,99
263,12,61,102
263,12,59,101
261,14,60,103
260,10,63,102
260,12,62,105
259,12,65,103
260,14,59,102
259,11,62,106
258,12,62,108
260,11,57,105
258,11,61,109
258,13,58,108
257,11,60,111
257,12,58,107
255,12,63,109
255,11,60,109
254,14,60,108
253,12,64,111
252,12,61,109
252,15,64,108
249,15,65,107
248,13,66,109
248,11,64,112
248,13,64,110
248,14,64,110
247,11,65,112
247,12,63,113
248,12,62,113
247,14,62,111
244,16,66,108
245,16,64,109
244,14,65,113
245,14,63,113
241,14,67,114
243,12,66,117
243,16,66,112
241,18,67,110
244,15,67,118
242,14,68,116
241,18,68,113
244,15,68,119
247,14,65,122
240,16,71,117
241,17,70,118
246,16,67,120
245,15,68,122
244,22,70,115
246,17,69,122
247,18,68,120
245,15,71,124
247,15,70,123
244,15,71,127
246,15,71,125
245,16,71,125
242,14,74,128
247,11,72,129
245,18,74,123
244,21,76,118
244,16,76,125
245,16,75,125
241,15,77,125
244,14,75,127
245,16,73,126
243,19,76,121
245,16,74,122
244,21,77,122
243,16,75,126
243,15,78,125
242,15,78,127
244,18,77,122
241,16,80,123
243,20,75,122
243,20,78,123
241,18,79,125
239,21,83,120
239,20,81,122
240,20,84,121
238,16,80,126
240,19,81,120
241,19,80,122
238,19,81,122
238,20,85,121
243,21,78,119
241,21,80,119
242,26,78,115
241,18,82,124
242,23,77,118
243,23,78,118
244,19,78,122
244,21,79,121
240,21,84,119
237,22,88,117
236,22,87,118
238,21,87,118
239,21,85,120
239,23,86,114
236,22,84,118
244,19,81,122
243,21,78,120
240,21,85,119
243,20,82,120
242,21,82,119
246,19,84,122
240,20,86,119
241,21,87,119
241,19,84,123
242,20,85,121
241,18,85,124
240,19,85,121
242,20,83,122
238,19,85,121
236,21,88,120
235,21,89,121
231,23,92,120
230,21,92,121
242,20,83,123
242,20,78,121
242,19,79,121
242,22,79,118
245,20,77,122
245,17,76,122
247,19,72,122
247,19,75,122
247,19,73,123
248,20,72,120
250,21,69,117
247,24,75,120
249,19,73,123
248,23,75,118
247,25,78,117
247,25,79,117
246,27,77,116
249,28,76,115
250,25,76,118
247,29,82,116
249,27,81,117
249,24,80,120
249,22,70,120
251,18,73,125
248,25,81,119
249,19,78,123
248,20,78,121
248,20,81,122
246,19,83,124
247,22,87,121
246,21,88,123
247,22,80,122
248,22,83,121
245,23,88,119
245,19,90,124
243,17,84,129
246,20,83,125
246,20,83,123
246,22,81,120
248,23,80,120
249,21,78,121
247,23,80,118
248,24,80,118
249,23,78,119
248,24,80,120
248,25,79,119
251,25,79,121
249,27,82,119
250,26,83,119
248,28,87,119
249,28,88,120
244,28,93,119
248,28,92,120
248,28,94,121
250,29,92,121
245,25,99,126
247,22,94,130
251,25,92,128
249,19,98,131
250,24,92,127
253,20,93,129
249,20,100,134
254,18,96,135
258,16,81,137
257,20,87,129
257,22,89,131
256,20,94,132
250,20,100,132
250,19,100,135
251,18,89,134
249,20,96,131
251,19,94,131
251,19,93,131
251,17,84,133
253,19,85,129
252,16,85,133
248,18,88,129
245,18,93,129
246,19,92,129
247,19,85,131
250,17,84,128
247,19,81,127
248,18,80,125
249,20,82,128
245,17,82,128
246,19,84,127
246,17,82,128
245,14,87,132
248,19,76,127
242,18,88,126
243,19,84,127
241,18,90,129
239,17,87,130
242,18,86,128
241,19,84,129
244,18,84,129
240,16,85,131
239,14,91,135
239,15,83,133
243,21,85,124
246,13,66,132
245,13,68,132
244,18,68,129
244,12,68,135
240,14,80,134
242,7,78,139
243,13,78,132
241,7,78,137
239,21,82,129
238,24,83,122
236,26,75,118
240,26,75,117
241,18,75,128
241,17,70,129
240,20,74,128
243,14,73,133
240,8,66,136
235,6,81,143
226,6,94,141
224,10,97,140
228,17,94,131
221,28,102,121
222,31,98,119
221,27,101,121
222,9,100,143
220,14,100,137
219,17,102,133
227,14,96,137
226,13,97,136
224,17,101,131
223,7,103,143
225,15,95,134
221,23,104,126
229,15,96,136
225,19,101,131
228,22,100,133
227,14,101,136
228,21,102,132
228,19,102,134
231,24,101,127
228,25,104,128
234,21,98,132
233,24,98,130
234,24,91,126
232,22,100,130
235,22,99,130
233,29,102,124
234,24,101,128
236,22,99,129
235,26,93,124
235,23,91,128
234,26,96,124
237,24,87,125
236,23,76,123
233,23,78,128
237,22,75,123
233,21,78,129
242,22,71,128
239,20,77,129
236,19,82,131
240,20,79,133
241,20,79,128
244,22,78,124
242,22,81,129
247,20,80,128
246,21,82,126
248,21,82,126
250,19,80,128
250,21,82,129
252,22,79,126
255,21,78,129
256,21,79,122
260,22,76,121
261,23,75,112
262,21,77,120
264,19,78,129
267,21,76,119
266,21,81,123
271,21,80,116
269,22,83,117
272,19,82,123
273,19,81,121
273,17,84,128
276,15,84,138
276,13,84,137
277,11,88,141
280,10,87,141
280,11,87,140
280,11,90,142
280,9,90,144
282,8,89,142
285,11,89,140
283,6,93,146
282,9,88,142
286,10,85,141
283,6,92,146
284,9,90,140
280,11,99,139
280,6,100,145
286,7,94,142
287,9,92,138
290,11,91,138
296,7,80,138
297,6,85,144
301,7,73,141
303,4,73,144
302,4,75,144
303,6,71,143
304,6,69,139
303,16,62,131
303,19,64,131
307,18,55,132
305,20,58,128
304,21,61,129
304,19,61,129
304,20,62,129
303,19,62,130
307,20,58,129
306,19,59,128
309,20,55,127
308,22,54,124
308,19,57,125
308,19,60,123
308,18,56,124
309,20,55,120
308,20,57,124
306,18,60,125
305,18,64,123
306,20,61,120
307,20,56,125
305,20,62,123
304,20,65,119
305,20,61,123
304,20,64,124
303,21,65,116
299,22,71,122
301,21,69,117
294,21,73,122
293,21,75,123
297,21,69,115
286,21,77,123
286,20,83,123
276,20,94,125
271,23,98,125
270,21,97,127
269,21,95,125
268,22,94,124
267,21,95,126
268,20,89,127
266,21,88,126
265,20,86,126
270,22,81,123
266,18,82,131
263,20,85,129
260,21,83,128
261,21,84,126
257,22,84,127
259,21,79,128
256,22,79,128
256,22,76,126
253,23,80,131
254,22,74,127
251,23,75,130
251,24,76,130
250,22,73,133
250,22,73,130
249,24,72,131
248,20,73,135
246,23,75,133
247,20,74,133
246,22,75,134
245,18,75,138
244,25,78,137
243,21,78,138
240,28,80,132
241,27,80,134
238,23,79,140
237,33,79,128
239,31,83,130
237,33,84,129
238,26,83,138
240,24,81,141
240,29,84,137
236,27,85,139
242,21,84,145
241,26,86,142
240,27,85,140
240,29,92,142
241,28,85,140
244,28,88,141
241,27,91,146
244,28,89,142
247,27,89,143
243,28,97,145
248,26,91,144
252,29,90,147
248,24,92,154
254,27,88,154
250,24,93,154
259,25,89,151
253,29,90,149
255,27,92,151
253,31,92,146
259,26,92,156
259,28,90,148
261,29,85,151
256,27,91,156
262,28,87,150
260,28,89,156
262,27,87,151
259,29,89,153
259,27,90,153
261,26,91,153
261,28,91,155
264,26,88,152
263,30,88,153
265,30,86,151
262,29,90,154
262,30,90,148
264,29,87,152
263,27,89,154
263,31,89,151
264,30,86,152
260,29,91,153
261,25,92,153
261,26,93,157
262,31,90,149
264,31,88,151
264,30,88,150
266,34,89,150
265,30,87,151
267,28,87,156
269,27,86,155
270,27,86,159
270,28,87,157
269,26,88,160
271,28,88,157
269,28,89,160
272,32,88,156
275,25,88,167
274,26,89,161
280,33,85,160
276,31,92,158
279,28,88,162
280,27,90,165
282,29,89,164
282,29,91,162
285,32,88,166
286,27,87,169
287,34,88,164
286,31,92,164
287,28,91,167
289,36,88,165
285,32,95,173
287,32,96,170
288,36,93,170
286,37,97,166
285,41,95,168
285,34,102,172
288,38,98,159
286,41,97,169
284,45,102,167
282,47,105,163
281,51,107,159
282,45,104,166
280,48,104,173
281,48,104,167
280,47,103,169
276,49,106,176
277,43,107,180
278,43,107,179
276,47,108,177
272,47,108,181
272,49,115,175
270,49,110,180
271,54,110,176
268,45,116,186
267,44,116,189
261,47,124,184
262,46,121,189
266,43,115,192
262,45,118,193
262,44,120,197
261,45,120,192
262,47,118,196
261,48,119,189
265,46,106,168
263,43,108,176
262,43,106,175
259,50,110,197
261,44,104,207
258,45,109,209
258,42,109,210
257,45,107,208
257,46,108,217
255,44,107,216
253,42,114,218
251,44,116,222
255,46,106,218
252,47,114,217
252,45,110,225
249,46,117,223
248,48,117,222
250,45,115,228
246,47,122,232
246,45,121,229
248,49,119,233
252,47,116,226
249,51,116,228
246,49,121,236
250,52,117,237
244,58,128,231
242,59,131,225
247,59,123,234
247,60,125,231
246,62,125,237
245,61,128,237
243,58,132,242
249,62,127,238
248,64,126,244
247,64,130,245
248,65,127,242
