300,209,43,74
293,200,47,84
292,199,51,85
294,199,51,83
300,200,49,84
297,199,55,80
297,201,63,77
303,198,64,78
300,202,73,75
314,199,69,73
310,199,80,74
322,195,74,76
341,195,58,82
346,195,57,87
358,194,50,86
371,192,39,87
384,186,33,91
390,181,40,98
399,176,39,99
400,171,46,103
402,164,54,109
407,158,55,116
412,156,56,114
413,159,58,108
419,157,55,108
422,155,58,101
424,153,57,98
429,151,51,95
432,149,49,96
431,152,51,91
429,153,53,87
428,154,54,87
428,154,54,87
428,155,55,89
432,158,49,88
430,159,49,87
429,160,48,88
427,167,49,82
427,167,47,84
425,171,49,79
424,169,49,80
427,170,50,79
429,168,45,79
434,171,41,78
433,174,44,74
436,174,44,74
443,174,40,75
442,175,42,74
449,175,38,78
455,174,38,77
454,175,40,77
460,175,41,80
460,178,47,76
466,177,46,80
471,180,48,81
471,179,52,83
475,178,55,84
480,182,57,78
477,181,60,82
480,183,57,78
480,187,58,71
483,187,50,75
484,186,48,78
483,188,48,73
482,188,46,68
478,185,49,71
473,187,47,68
470,186,46,68
464,189,46,68
459,190,40,68
456,189,33,69
446,189,38,68
442,190,30,67
433,191,36,66
421,196,41,62
415,198,41,62
408,203,42,59
407,204,36,59
406,208,32,53
402,209,32,50
397,211,38,47
394,213,39,47
394,215,38,42
397,218,33,37
398,216,34,41
402,217,36,38
405,220,38,35
416,222,32,30
415,225,36,32
424,226,35,30
430,228,37,33
438,230,38,38
445,230,38,44
455,229,40,49
467,231,42,54
478,234,41,55
488,232,43,61
500,239,45,51
513,238,47,54
526,237,39,58
535,240,43,57
543,238,50,57
551,236,43,62
562,237,35,63
563,239,35,63
564,240,40,60
565,241,36,66
565,242,36,66
559,244,43,70
555,241,38,74
541,246,42,67
528,247,42,67
517,245,41,74
503,247,44,71
488,253,46,69
473,252,45,71
464,260,41,76
455,260,39,85
440,262,43,79
429,262,42,72
418,260,39,64
412,261,36,54
412,258,28,58
409,257,26,50
404,257,24,45
404,245,23,46
403,241,18,50
401,240,21,46
403,237,21,43
404,235,21,43
409,237,23,43
407,233,25,45
410,236,27,43
413,239,25,42
413,240,26,39
413,242,29,40
414,243,31,41
413,244,32,42
413,240,32,48
417,243,29,41
421,240,26,46
426,242,24,46
433,242,21,46
438,237,23,50
444,238,19,48
447,234,22,52
451,234,25,54
455,233,28,52
459,233,32,49
461,230,32,52
470,227,26,52
470,224,30,54
477,219,25,53
476,221,29,49
478,223,30,47
480,220,27,51
479,219,30,51
480,214,32,55
476,212,33,59
471,216,41,54
470,214,46,60
467,213,47,66
467,210,44,72
463,212,41,67
459,210,32,67
457,213,26,67
451,210,33,69
448,215,36,61
446,219,39,54
447,224,35,46
445,228,36,37
443,226,41,40
441,225,48,40
443,229,42,33
444,229,43,33
447,226,40,40
451,227,36,37
453,229,36,36
455,230,34,31
455,228,35,33
457,225,36,37
459,224,34,39
463,224,30,41
462,225,31,39
469,224,27,40
465,224,28,40
464,226,28,36
469,226,28,35
468,225,31,39
468,225,31,37
468,223,31,41
469,224,32,39
468,223,35,40
469,224,32,38
469,226,31,35
468,224,29,39
468,224,29,39
466,224,30,39
463,225,32,40
462,224,32,39
462,226,31,36
463,225,28,38
460,228,30,34
462,229,30,35
460,229,31,36
457,229,36,37
457,228,36,39
458,226,31,41
457,225,29,42
454,226,37,41
452,230,43,36
453,229,40,37
452,228,39,39
453,229,36,37
452,229,41,38
455,229,35,38
455,229,38,38
454,228,38,40
457,230,35,35
457,228,37,39
458,230,34,37
458,229,35,38
460,230,34,36
459,230,36,38
459,227,40,43
463,231,33,37
465,229,32,42
463,230,36,39
466,226,32,45
465,229,33,40
464,229,33,41
464,227,33,41
462,224,31,45
462,221,29,47
457,223,32,44
456,221,30,48
450,215,28,52
447,217,30,47
441,212,28,50
439,209,26,51
431,206,26,54
419,207,34,52
419,207,35,47
412,203,31,46
408,208,29,43
399,211,26,38
390,214,27,36
385,213,28,38
380,211,34,39
374,210,34,41
371,209,36,40
366,212,38,35
366,208,35,37
365,207,36,37
365,207,35,36
362,206,39,35
364,203,37,41
365,202,39,44
368,203,40,42
372,204,37,39
374,202,39,44
379,202,38,45
387,202,34,44
396,202,33,43
405,204,29,43
409,203,33,43
419,207,26,41
423,207,31,42
430,207,29,44
436,203,34,50
443,204,28,50
449,202,30,53
454,203,27,53
459,200,26,57
459,201,32,56
461,200,33,57
460,201,35,62
457,201,37,62
456,204,37,60
452,205,37,60
450,209,35,60
446,207,28,65
439,211,34,64
428,211,36,69
419,214,37,65
413,218,34,59
406,223,31,52
393,226,35,49
380,227,38,44
369,225,46,47
360,222,50,49
353,219,48,49
352,217,43,50
340,212,49,49
339,211,44,44
338,210,41,39
336,206,41,41
333,203,44,40
332,202,43,39
333,202,45,37
334,200,45,37
335,198,46,38
345,198,41,36
350,198,38,39
357,197,37,41
354,196,44,46
360,200,42,40
361,200,42,40
370,198,41,48
380,200,35,51
386,202,40,47
399,201,37,51
409,203,38,50
418,201,38,54
427,203,42,55
442,201,33,60
451,202,35,58
459,202,40,56
470,197,39,62
478,194,37,64
482,191,40,64
486,191,41,65
488,189,45,66
489,190,45,65
490,187,41,67
485,192,43,66
482,191,40,64
476,193,41,65
467,197,44,65
459,199,41,69
450,201,37,72
441,205,35,69
427,209,36,66
415,211,37,66
407,214,35,59
391,217,37,49
377,217,39,52
366,215,44,49
354,213,47,48
344,212,48,44
346,211,37,38
337,210,39,37
331,206,41,36
328,204,41,36
324,198,44,43
326,200,38,34
322,197,44,35
323,197,45,32
326,196,43,35
328,197,41,34
334,196,39,37
341,196,39,38
346,197,37,39
352,203,36,37
359,202,39,42
367,206,41,42
374,206,39,45
383,209,42,42
398,208,39,46
409,210,40,49
419,208,43,54
434,206,41,57
448,202,40,61
460,198,43,63
471,193,41,63
482,189,46,63
491,185,40,65
501,180,40,65
508,178,40,67
510,175,44,73
511,174,46,72
513,177,41,69
511,176,36,69
507,180,39,65
495,182,41,66
489,184,38,70
477,187,43,71
465,190,42,74
453,195,41,73
438,200,41,74
422,202,45,66
411,204,46,56
400,207,41,55
383,207,47,48
374,206,41,52
363,206,46,44
355,203,46,40
350,199,44,39
348,192,41,41
343,188,43,40
341,184,42,37
340,179,44,38
340,176,44,36
343,173,41,37
347,170,40,36
352,169,36,35
352,167,41,40
356,167,43,39
359,168,47,40
369,167,42,46
377,170,39,45
380,173,43,46
392,176,37,44
404,177,35,45
413,175,38,50
420,174,41,55
430,173,41,59
440,174,41,59
452,174,44,60
463,173,44,63
474,174,45,59
485,177,40,63
497,177,43,66
506,177,40,70
513,181,42,68
517,181,42,69
518,181,45,73
519,180,47,74
520,179,46,75
518,180,46,74
511,181,51,76
509,182,46,77
500,185,53,73
487,181,59,75
476,181,59,81
467,182,60,84
463,180,58,89
462,183,51,77
457,184,48,77
444,185,48,80
431,187,53,75
418,188,62,69
414,188,58,68
407,191,55,67
404,197,52,55
395,201,55,44
400,199,44,46
393,195,49,52
391,199,46,47
390,199,43,50
388,200,43,44
390,202,42,44
390,201,42,41
396,204,35,36
400,202,34,37
399,200,35,40
403,197,34,39
404,195,35,40
408,195,35,39
412,194,32,42
413,195,31,41
418,196,26,43
420,197,27,45
418,198,32,47
419,203,34,45
423,207,34,44
424,210,36,47
424,213,37,47
429,211,32,57
426,218,38,59
425,215,43,64
425,216,43,67
424,217,45,67
423,217,48,70
424,216,46,73
423,213,48,77
423,212,48,77
422,212,49,76
421,208,48,78
420,204,47,79
417,204,49,78
416,205,47,78
414,206,46,79
411,206,48,81
408,209,50,79
406,209,51,84
405,216,48,79
403,228,49,78
402,230,46,71
402,231,45,70
404,239,38,61
406,240,38,63
406,240,37,58
406,241,36,57
409,241,33,51
411,241,31,42
412,238,31,44
414,236,31,44
417,236,28,37
416,232,30,36
416,230,30,34
418,227,30,38
418,225,31,36
422,225,27,36
422,223,27,39
422,223,27,39
426,223,23,40
425,224,25,39
422,224,29,43
424,226,27,47
424,228,27,48
419,230,32,51
422,231,29,52
420,234,31,54
420,233,31,61
420,234,30,64
417,236,31,65
415,237,35,65
412,238,36,67
411,237,39,65
411,229,40,66
409,228,40,69
408,216,40,74
407,212,41,75
405,205,44,82
404,200,47,86
403,200,47,88
401,199,47,79
403,196,44,86
402,200,44,80
404,200,42,79
402,205,42,72
400,209,44,67
398,209,46,68
403,207,40,76
405,210,38,75
405,213,39,72
407,214,40,70
408,217,38,68
410,215,37,71
413,214,37,69
414,215,38,65
415,211,40,69
417,208,40,71
421,206,38,72
420,205,42,75
418,204,47,71
422,203,46,72
433,204,36,69
435,204,35,58
435,204,37,57
439,205,32,55
442,206,31,53
444,205,29,51
443,205,31,59
444,204,31,58
442,206,35,56
443,207,34,58
444,207,33,61
442,206,33,60
442,206,34,63
442,204,34,67
438,204,37,71
436,203,37,75
433,204,39,76
427,202,43,80
427,205,43,73
422,201,47,75
419,200,46,76
414,196,49,79
415,194,45,76
415,194,42,79
411,192,45,74
408,192,46,75
407,188,46,82
405,189,47,78
406,188,44,81
403,189,45,80
404,191,44,78
406,189,43,85
406,193,45,80
410,196,42,80
410,199,44,76
411,201,45,76
412,199,47,78
414,200,49,76
414,198,50,80
417,199,50,77
420,201,51,72
420,198,51,76
429,198,43,77
422,194,51,81
429,196,49,80
431,200,47,66
430,200,50,70
433,199,43,70
438,198,40,77
434,199,46,65
443,201,37,65
441,199,37,66
440,201,40,62
436,200,46,66
439,198,42,64
437,197,46,68
441,195,40,68
440,196,38,66
437,193,41,66
433,192,45,67
432,191,45,67
429,190,47,66
425,189,49,72
424,189,50,70
422,192,51,64
420,191,51,61
421,187,46,69
418,185,47,72
417,182,44,72
415,180,42,68
413,178,44,64
412,171,42,68
411,170,41,67
408,166,44,68
406,169,45,61
406,165,41,64
406,165,39,63
406,162,36,67
406,163,36,63
401,164,41,64
404,163,36,66
403,164,36,65
404,166,38,60
407,168,39,61
407,166,40,64
411,166,37,63
414,167,35,61
415,168,39,61
418,170,37,59
419,171,38,59
421,171,40,58
424,173,40,57
428,172,37,55
434,172,37,63
436,174,34,58
439,175,34,58
442,175,34,61
445,176,34,64
445,177,38,62
447,178,37,64
446,179,41,60
446,180,44,60
446,179,41,64
446,178,41,69
444,179,42,70
444,180,41,69
442,181,42,66
440,181,45,65
437,178,45,68
435,175,43,68
433,170,45,73
429,167,45,74
430,163,43,76
425,163,47,74
423,164,49,69
422,161,49,70
425,161,44,72
425,161,45,71
428,161,41,69
427,157,45,73
434,158,40,75
437,157,39,71
440,156,40,71
445,159,38,66
449,160,37,62
452,160,41,67
457,161,40,69
459,164,44,67
468,164,39,68
470,166,38,65
478,166,38,66
476,167,41,64
479,167,43,66
480,168,42,62
483,169,44,63
484,168,44,65
493,168,39,63
496,169,39,63
498,169,41,61
502,168,46,62
506,169,45,62
508,168,46,66
514,172,42,63
516,173,39,63
517,175,43,66
516,177,44,69
515,182,43,65
514,186,44,68
513,190,42,64
508,189,46,69
504,188,47,70
494,190,55,69
493,186,48,70
481,185,51,69
479,179,44,72
471,178,47,65
465,176,45,67
455,170,49,70
452,167,43,73
449,163,38,71
443,158,43,72
439,156,42,73
436,156,36,72
434,158,37,68
430,158,38,66
429,159,38,68
426,160,40,71
426,161,40,72
425,164,43,73
428,165,40,70
436,170,33,63
438,171,35,63
441,170,38,62
445,170,37,64
448,172,39,62
453,171,35,63
457,172,37,64
462,172,37,65
464,171,39,66
468,175,37,60
472,176,39,62
474,178,40,64
475,181,40,62
476,182,43,64
478,188,44,62
480,187,40,63
481,190,45,62
483,193,42,63
481,194,46,66
482,194,42,67
481,196,42,69
477,197,45,67
476,197,42,67
475,198,42,66
471,197,44,67
470,197,41,65
466,196,45,67
464,194,43,68
459,192,44,71
456,193,45,63
455,191,39,67
453,189,38,66
450,187,38,70
446,183,39,71
443,185,41,67
441,182,42,68
441,183,39,66
439,181,38,68
439,177,37,74
435,180,41,73
435,183,40,66
433,183,42,67
434,181,40,70
434,182,40,66
435,180,41,69
436,181,42,69
437,184,41,67
437,184,41,71
439,186,39,67
440,188,41,67
440,191,39,69
441,194,40,70
445,200,37,65
445,204,39,67
445,208,40,66
444,210,42,73
443,211,41,76
442,216,42,71
440,222,43,69
441,222,36,71
439,227,36,68
437,231,37,63
437,232,37,65
435,235,34,65
432,234,33,61
429,233,34,60
426,232,35,63
426,234,36,60
424,234,38,62
421,235,37,58
421,237,35,55
425,236,30,55
424,237,31,51
424,236,30,51
426,236,28,53
427,237,31,51
430,236,29,51
432,234,28,50
432,234,29,47
433,229,25,49
433,226,25,51
433,228,25,51
432,228,25,51
432,228,24,49
433,227,24,50
432,228,24,47
432,229,24,46
431,226,27,50
432,225,25,53
433,222,25,53
432,222,24,53
432,219,26,55
432,218,28,54
431,220,28,53
432,219,28,52
432,216,29,56
431,214,27,58
430,212,29,62
429,212,32,62
425,210,35,63
422,210,37,63
420,210,39,63
419,210,38,63
416,205,44,72
411,206,48,72
411,206,45,74
407,206,45,73
406,207,44,75
404,208,46,76
404,208,46,74
401,209,44,72
399,211,43,67
398,212,41,65
396,212,37,65
394,212,34,63
390,213,33,64
386,216,32,60
380,212,35,64
378,216,30,58
370,220,36,52
367,220,36,54
365,216,36,59
361,215,38,61
357,216,39,61
357,216,38,59
357,215,37,58
353,217,37,56
353,216,43,57
353,215,45,59
354,216,50,56
355,214,50,59
363,213,45,63
366,214,46,62
379,216,43,51
389,217,40,52
399,219,40,53
408,219,38,54
415,221,40,53
426,217,39,58
438,216,37,62
448,216,38,66
456,215,43,68
466,214,46,68
474,209,46,71
483,205,44,74
490,207,42,72
501,206,40,68
505,206,42,67
507,205,44,70
507,204,48,68
505,207,47,68
504,208,46,66
499,207,49,69
495,207,45,73
484,209,44,78
482,208,33,81
470,214,37,80
456,222,39,78
443,225,42,72
428,229,47,71
411,236,51,63
400,237,47,62
387,239,44,54
373,239,43,56
361,239,43,49
345,235,54,52
336,233,53,45
329,233,52,41
322,228,48,45
321,227,44,40
316,219,44,42
313,218,46,39
310,212,51,44
309,210,54,42
313,206,51,41
312,204,58,43
324,202,50,45
332,202,46,43
345,202,37,40
349,203,40,42
358,203,42,45
369,203,37,52
376,206,38,50
389,213,41,43
402,216,39,43
410,216,46,47
422,215,48,52
440,215,42,58
456,211,40,67
469,206,44,72
476,204,52,79
488,203,56,81
500,202,57,76
516,202,53,76
534,195,35,77
532,199,46,75
534,198,46,72
536,197,46,71
535,197,46,72
533,197,48,75
522,197,44,75
517,198,42,76
503,197,48,79
494,200,47,80
477,200,48,85
465,203,55,91
453,207,54,84
455,204,46,86
444,212,42,77
425,211,46,83
411,205,46,90
404,211,39,82
386,216,45,70
372,215,46,60
362,215,45,60
357,211,45,57
343,209,50,54
346,207,41,49
337,205,40,47
335,204,42,45
333,202,42,42
335,199,38,43
338,198,37,42
341,197,37,42
344,197,37,40
350,198,35,39
359,197,32,43
363,198,40,47
370,200,37,47
373,209,35,42
395,204,34,46
404,208,37,48
413,213,40,46
427,213,40,53
446,219,34,53
455,218,37,58
466,217,45,64
482,214,47,69
496,211,45,70
511,207,44,63
524,208,47,66
532,206,50,68
539,202,56,69
544,195,56,73
548,194,50,71
548,194,52,70
547,192,50,65
542,193,54,71
534,191,61,81
523,197,60,70
511,198,60,72
500,195,48,75
484,198,48,81
465,201,57,88
446,205,56,88
430,205,53,92
415,209,49,85
400,206,47,90
389,199,40,84
370,205,44,80
356,208,46,70
349,204,39,64
347,201,28,60
341,195,26,60
333,192,29,57
330,190,28,55
324,186,32,55
324,185,32,51
324,181,31,50
327,176,29,51
331,174,27,50
331,175,29,50
336,176,28,50
341,177,28,53
347,178,25,56
352,181,28,57
359,186,31,56
366,190,32,56
375,194,30,54
386,200,30,55
406,206,27,59
413,215,30,57
422,213,36,64
435,210,42,72
449,207,43,78
460,207,54,85
471,207,53,81
483,207,59,81
496,208,58,67
512,214,52,57
514,205,60,59
521,202,61,61
529,200,53,64
527,201,65,64
528,203,65,62
519,203,61,59
514,205,66,58
506,207,55,57
494,210,53,55
480,206,58,64
469,210,57,72
458,215,59,67
444,216,56,73
427,216,54,76
412,213,53,81
400,215,48,72
390,213,47,70
374,214,41,58
362,211,39,61
355,206,38,59
344,203,35,56
340,197,29,62
334,193,28,61
326,188,31,57
325,186,32,59
323,183,35,56
323,180,34,52
323,177,35,52
332,172,28,51
335,169,28,52
338,169,29,55
340,171,30,55
347,172,30,54
353,172,33,59
361,176,36,60
369,179,34,59
374,181,41,61
379,182,45,62
384,181,43,66
392,183,42,64
402,183,45,68
412,185,52,68
425,183,54,73
436,180,50,69
450,179,55,72
457,177,58,69
465,175,58,66
478,171,63,66
484,165,71,69
496,163,57,66
500,160,70,63
497,155,80,67
499,157,77,56
500,153,75,63
498,148,77,68
494,143,80,74
480,143,70,65
479,136,65,78
461,134,66,78
455,135,63,74
437,131,64,74
425,128,70,72
411,124,68,71
399,120,67,70
392,114,56,74
382,110,55,71
371,106,52,73
363,105,52,65
359,102,47,66
355,100,40,64
350,97,39,66
351,94,35,65
346,95,37,61
342,94,40,62
342,96,42,59
344,98,38,58
346,104,37,56
345,107,40,54
347,111,41,54
350,115,42,54
355,120,40,51
364,123,34,53
369,129,35,50
375,134,34,49
381,141,34,46
389,144,31,47
396,147,30,48
402,150,29,49
410,158,26,40
415,162,28,38
421,168,27,32
