224,107,419,222
218,108,462,220
218,101,459,234
217,91,465,250
223,87,469,260
213,73,475,281
220,71,467,277
227,79,454,261
216,93,470,248
221,89,455,255
213,83,456,266
214,88,462,253
219,81,445,264
199,71,464,274
200,65,464,280
198,63,462,287
198,72,459,273
195,73,455,267
197,84,433,251
194,83,447,250
182,87,446,246
179,89,446,246
175,86,446,250
167,91,469,243
162,81,470,257
159,85,466,245
158,84,465,247
155,67,482,266
160,53,485,280
157,47,483,289
158,47,466,279
171,41,446,291
169,48,447,277
182,44,426,280
170,46,450,274
173,51,445,271
193,54,424,262
179,54,454,269
198,47,433,272
180,55,452,267
191,56,460,266
202,62,446,260
197,79,459,243
211,72,442,263
204,74,463,262
215,75,449,259
218,83,456,249
217,78,464,262
231,81,439,255
232,91,455,241
224,99,462,233
223,95,469,241
218,95,473,244
222,82,470,262
219,78,461,265
213,89,470,253
219,89,460,256
215,89,469,254
216,87,461,259
216,88,470,256
216,96,482,246
218,90,481,252
230,92,459,259
221,89,479,270
239,98,462,260
252,88,458,279
261,71,448,297
276,80,439,280
285,75,451,280
293,70,457,286
296,69,455,288
309,78,453,276
324,75,435,276
327,81,438,256
331,83,435,250
345,86,404,240
363,88,377,244
364,87,378,267
364,97,381,251
370,98,370,247
397,95,336,262
402,101,336,246
409,100,328,263
409,98,336,282
419,86,316,303
416,114,336,236
430,123,307,228
435,118,310,245
434,118,311,266
442,117,303,245
448,107,292,269
447,108,294,310
443,93,299,329
451,101,291,304
457,98,287,294
456,102,291,329
467,94,281,337
470,84,276,346
456,89,298,339
469,89,280,334
458,86,295,341
471,75,283,362
482,87,273,341
472,88,282,336
466,83,293,347
464,83,287,356
464,93,285,344
470,92,281,339
465,83,290,348
451,83,311,355
449,111,308,322
452,80,303,353
442,113,315,318
442,97,309,340
443,86,316,353
439,118,324,313
452,136,303,300
449,122,298,313
433,108,315,322
439,156,305,267
430,157,305,269
430,151,301,278
427,147,297,284
426,154,296,252
424,148,300,251
423,139,304,227
423,154,294,174
414,153,307,175
418,155,307,158
413,148,321,170
411,149,332,161
418,148,327,162
419,150,332,154
435,151,320,150
440,148,315,152
454,142,304,164
472,142,287,166
473,148,282,159
478,149,277,153
465,153,300,154
473,152,290,153
476,156,289,147
467,152,303,153
480,153,283,160
477,154,283,155
483,154,278,158
477,158,286,142
475,161,286,145
473,158,287,147
473,164,280,140
472,164,277,136
477,166,265,135
473,166,267,134
466,165,271,134
460,167,267,136
454,169,264,137
456,169,251,138
450,168,251,140
446,171,247,134
442,172,246,128
437,171,245,131
429,169,251,130
430,173,242,123
423,172,247,123
421,166,248,126
416,170,256,119
416,167,251,124
417,172,242,114
419,166,243,124
416,164,243,127
418,170,240,118
419,170,236,119
421,169,235,117
414,170,245,122
425,170,232,121
424,169,231,122
432,169,217,125
430,166,221,125
425,170,226,120
425,173,225,115
418,172,235,116
420,169,224,123
424,168,212,121
421,168,215,121
412,163,226,127
413,160,218,131
415,157,207,132
411,152,208,134
415,149,194,135
406,152,203,133
401,147,200,146
397,148,201,139
398,149,191,134
400,149,185,145
401,146,182,146
399,149,188,143
400,149,174,142
405,150,169,141
408,151,162,141
410,147,159,145
410,149,157,146
416,150,143,140
413,152,149,135
415,152,146,137
411,145,149,150
415,148,146,141
414,151,144,134
412,152,144,131
419,148,133,137
417,147,133,139
421,152,126,129
423,146,122,135
422,149,123,133
423,148,118,132
418,150,123,135
424,151,117,135
418,149,118,140
424,151,113,138
424,149,108,142
432,149,101,141
431,150,99,139
430,149,98,142
435,150,91,141
435,150,90,142
448,151,74,143
449,148,71,144
447,147,72,145
448,146,67,148
447,146,65,147
446,145,59,146
444,145,61,143
442,146,63,143
438,146,63,137
432,148,67,134
427,150,75,137
419,145,83,139
449,154,68,139
460,151,55,141
449,150,69,143
438,150,82,133
427,152,95,135
407,158,115,127
396,154,126,127
389,149,150,136
390,155,142,128
388,155,149,127
389,154,142,132
387,156,156,125
380,155,168,125
379,152,167,132
375,153,178,129
372,153,176,128
375,150,179,133
375,152,174,131
373,148,175,132
371,150,187,130
372,155,192,124
378,155,185,127
375,146,188,140
369,158,194,120
370,164,193,113
367,156,191,124
367,155,191,125
364,157,199,123
369,152,187,132
370,151,189,135
365,156,193,128
364,157,195,126
364,158,194,124
364,159,191,126
365,155,191,132
367,158,188,126
364,161,193,122
364,161,183,125
367,165,176,123
366,165,178,128
365,162,172,137
361,166,171,138
363,173,161,122
361,182,158,118
358,176,156,123
356,181,159,114
354,185,153,112
351,183,157,109
351,177,151,120
347,181,151,118
344,181,157,110
344,180,153,107
334,175,165,110
331,171,162,111
328,178,161,99
320,172,163,104
318,174,159,108
317,173,150,101
310,171,145,106
306,170,144,104
295,164,158,110
288,170,153,100
283,167,156,104
275,168,162,101
269,170,160,99
261,169,171,100
261,172,158,97
252,175,171,90
246,176,172,93
244,178,165,91
240,179,152,90
232,182,162,88
231,183,154,86
230,185,152,86
223,186,158,89
221,187,156,89
222,188,151,88
215,189,155,86
215,190,149,85
214,189,151,87
210,191,150,86
207,190,151,88
209,193,146,84
205,192,150,86
207,192,145,85
205,193,143,82
206,195,140,79
204,194,143,80
203,196,141,77
205,197,135,77
205,197,136,77
208,199,129,75
208,198,129,77
207,200,134,75
209,202,129,75
207,203,129,75
204,206,145,71
205,208,137,72
202,211,145,69
202,212,141,71
203,213,133,72
205,214,127,74
203,218,122,69
201,219,123,69
202,221,117,68
199,223,117,63
200,224,110,64
202,225,101,65
200,226,100,64
201,223,94,70
202,227,86,64
202,228,86,63
205,229,80,64
205,230,78,67
207,232,77,63
207,234,78,64
210,236,75,62
210,241,77,60
211,242,78,62
215,246,72,62
215,249,75,61
216,252,75,61
216,256,78,58
217,258,77,59
218,262,76,59
218,265,77,58
218,267,76,60
217,270,78,61
218,276,74,56
216,279,78,56
216,282,78,57
215,285,79,57
214,288,82,57
214,290,82,56
212,291,87,60
213,293,87,61
214,293,88,63
214,294,89,68
217,297,84,64
217,299,88,65
220,297,88,69
221,298,86,71
224,305,80,65
223,307,84,62
225,312,79,55
226,315,77,53
225,316,80,51
228,314,79,53
227,315,81,51
226,312,80,56
223,309,86,59
221,310,89,57
223,313,85,52
223,314,87,55
224,317,84,48
226,317,81,49
227,317,80,49
226,318,80,48
224,315,83,53
226,318,81,49
226,315,80,50
227,316,78,53
226,315,78,51
226,316,79,52
226,314,77,51
225,316,78,54
226,315,75,53
225,317,74,51
226,315,72,53
226,318,70,50
226,316,68,51
228,318,63,50
228,316,61,51
227,317,58,52
227,316,54,53
