278,188,102,127
277,180,106,142
282,172,104,156
289,184,95,134
270,177,115,144
276,184,110,129
270,169,111,145
285,173,92,135
285,175,90,147
290,170,86,153
286,155,91,166
283,172,99,152
277,169,102,160
282,176,98,145
291,179,84,139
282,195,97,121
278,181,100,142
285,177,89,153
269,166,110,153
281,170,101,133
281,174,98,151
285,174,92,163
272,161,106,169
278,163,98,167
286,168,87,156
284,176,89,159
265,177,105,144
272,185,90,124
272,181,85,129
265,183,97,150
268,170,89,143
257,163,100,166
246,175,106,149
246,172,104,151
247,177,101,151
238,172,110,156
236,179,114,150
231,183,123,138
226,189,130,125
224,188,111,119
223,187,102,130
236,179,87,144
220,174,99,146
208,191,97,121
213,185,85,120
204,179,96,133
207,176,91,149
210,181,88,142
198,179,94,135
192,180,95,139
186,179,112,146
195,176,93,145
190,176,94,149
193,179,87,144
181,181,96,138
185,177,83,141
177,178,94,146
181,176,84,146
183,174,85,143
180,174,82,148
180,179,79,137
179,182,87,143
183,180,85,141
180,182,87,136
183,177,84,143
183,182,91,137
180,181,90,148
184,185,81,132
182,188,86,136
176,187,97,140
180,187,88,144
184,188,86,144
181,192,90,136
180,194,90,141
183,196,84,137
173,196,101,145
185,198,81,141
184,202,84,144
186,205,77,144
180,206,86,144
186,205,79,144
182,212,80,140
179,214,87,143
188,217,71,137
180,222,87,132
190,234,68,121
183,240,79,105
186,235,76,116
185,241,76,114
181,240,83,117
183,238,79,123
182,246,75,112
183,257,75,95
184,255,77,93
180,252,84,102
182,261,77,93
184,261,79,97
185,266,69,88
186,265,69,93
188,264,67,94
185,271,69,93
188,273,69,82
186,277,72,76
183,272,82,83
190,273,76,80
195,276,60,82
190,276,67,73
188,273,71,82
188,267,72,94
189,265,73,88
193,275,66,82
186,274,71,70
186,283,68,69
183,278,77,75
188,272,67,76
193,280,60,75
189,273,65,79
185,271,73,84
185,266,78,89
186,272,71,77
186,265,73,89
179,260,82,89
177,266,90,87
175,261,95,84
176,262,93,85
178,260,88,90
175,265,88,80
171,256,87,88
177,254,80,96
170,249,89,102
174,248,81,93
178,245,75,110
173,243,82,109
177,241,75,114
174,235,79,119
177,240,74,115
184,234,70,122
178,234,78,120
173,234,91,121
163,236,99,106
158,227,108,124
157,223,103,136
169,217,89,135
172,210,80,146
165,215,94,144
167,209,81,137
167,212,82,140
170,210,80,147
169,197,85,156
168,201,90,156
168,194,89,157
154,191,99,153
164,186,88,152
164,189,89,147
163,184,91,149
161,180,92,148
162,175,92,158
166,179,90,153
163,180,89,156
164,179,91,153
167,178,83,154
166,181,80,147
159,181,92,152
167,177,80,153
164,177,85,157
171,178,75,151
165,176,89,160
162,181,91,151
168,175,83,155
160,173,96,155
163,170,94,157
170,176,85,159
165,174,95,161
168,175,91,157
169,177,97,154
163,182,101,144
169,179,89,147
172,175,84,152
177,182,81,142
180,179,82,154
187,178,80,155
187,178,85,157
187,181,95,152
186,182,110,150
195,182,99,150
198,180,101,145
202,179,98,153
207,177,94,153
210,176,92,159
214,182,90,149
216,180,87,151
223,178,86,155
230,183,82,146
231,191,87,139
236,194,85,135
237,184,95,150
243,173,100,162
245,175,104,161
249,173,103,166
249,176,102,168
255,175,96,168
258,176,98,165
262,173,90,168
271,169,86,163
274,174,86,161
277,169,88,161
281,169,86,161
277,169,100,177
277,178,106,170
283,166,99,176
295,171,88,169
300,175,87,166
304,160,84,173
308,163,88,182
308,164,94,182
310,164,94,185
313,174,94,171
324,166,87,178
325,175,87,166
330,167,85,171
330,168,90,182
330,168,96,166
330,168,97,165
337,178,86,163
337,166,88,173
335,171,90,173
336,172,93,164
339,178,86,159
341,180,84,157
341,168,80,160
338,176,86,164
342,173,83,165
338,166,89,167
341,169,85,165
341,172,85,166
339,172,88,173
323,170,97,157
333,174,84,169
341,172,78,163
336,162,81,175
335,166,84,177
332,175,81,172
332,174,83,165
335,168,80,185
337,166,80,180
338,159,80,189
329,170,84,178
330,166,87,178
335,164,84,181
337,181,77,160
339,174,76,165
335,168,86,169
330,177,91,166
331,166,91,165
330,174,89,169
330,171,91,177
331,155,86,191
332,168,89,178
333,171,96,177
332,172,94,175
335,172,86,166
340,172,83,165
334,176,85,166
342,169,78,169
342,175,78,179
342,170,79,169
341,171,83,173
331,160,91,177
329,168,98,171
332,176,96,167
337,177,89,166
335,172,86,180
334,169,87,171
340,175,82,164
337,171,81,174
334,158,86,176
332,162,87,176
336,162,86,181
341,168,82,171
336,160,85,176
331,166,89,176
338,164,83,176
336,167,88,164
336,163,91,176
334,152,86,177
333,160,90,182
333,161,92,175
336,156,88,175
332,148,88,174
335,153,86,172
333,149,90,184
331,158,96,171
332,158,92,175
335,152,92,170
329,151,94,162
330,154,91,174
332,158,92,172
339,149,85,177
336,150,86,178
334,149,96,180
337,145,90,184
329,153,94,181
333,150,89,174
338,155,86,182
336,151,90,172
338,158,81,176
340,162,83,169
338,165,87,170
339,159,83,169
336,159,86,173
334,157,90,178
330,167,92,167
341,163,79,173
332,169,92,169
340,172,83,168
334,161,88,175
334,172,90,153
338,170,81,159
337,163,80,166
339,167,79,175
341,169,81,171
340,167,82,184
343,169,82,176
341,173,81,169
344,179,74,173
342,167,79,176
342,173,77,183
336,165,84,184
336,170,87,182
329,179,96,168
331,181,93,153
336,185,83,158
336,182,82,166
339,181,80,159
337,172,83,169
337,177,80,171
340,171,74,180
337,165,80,184
338,179,79,174
341,186,77,169
341,190,77,156
340,183,76,172
339,174,78,172
330,176,88,179
322,154,97,196
316,166,111,190
316,180,105,171
335,186,82,167
332,171,87,179
337,181,80,173
343,195,73,161
342,196,73,149
345,201,73,150
345,198,71,152
346,207,71,140
350,210,70,138
343,212,76,143
352,210,66,145
351,214,65,147
352,210,67,145
353,214,67,139
342,210,79,142
351,202,69,148
345,206,76,137
353,197,65,153
351,203,66,144
350,210,69,143
352,211,64,136
350,215,69,136
355,213,64,132
345,214,72,134
351,212,68,134
351,220,69,128
354,216,61,132
353,215,64,139
351,212,67,134
351,213,63,140
353,209,63,134
350,210,68,144
348,210,73,134
349,212,71,140
346,209,74,142
346,201,71,144
348,199,72,149
350,202,68,148
350,207,66,141
350,211,70,145
356,212,64,132
356,214,62,142
352,217,67,139
352,212,67,137
349,212,72,140
350,203,68,135
348,209,70,131
349,212,71,134
349,212,70,147
347,217,72,126
355,219,63,132
357,217,60,131
347,218,73,141
348,207,73,143
354,209,66,137
350,215,69,143
357,214,60,127
349,218,68,131
355,211,60,137
353,213,67,139
351,215,69,140
352,213,68,128
350,215,71,138
350,213,71,129
358,210,61,146
353,204,66,144
349,210,70,151
345,212,75,139
348,210,71,147
347,201,74,144
348,200,71,152
351,197,67,157
351,202,72,148
352,201,67,154
351,206,69,142
333,204,83,147
346,213,73,133
352,215,68,122
352,214,67,128
354,217,66,131
345,208,75,142
347,207,74,136
348,204,72,150
358,214,59,123
345,219,71,134
348,213,70,134
350,216,70,127
348,215,72,135
349,217,70,137
350,209,68,135
347,216,74,126
349,220,71,122
348,216,72,137
341,217,74,132
350,218,67,131
355,216,63,132
352,215,65,146
353,207,66,147
354,209,67,140
341,211,83,140
347,199,73,150
349,203,71,152
342,204,77,143
350,207,69,143
357,214,63,133
351,216,70,132
352,217,68,132
344,216,75,147
347,208,73,138
348,212,67,140
352,212,65,137
351,214,68,130
352,215,66,139
356,213,62,136
352,213,66,142
354,215,64,141
348,209,70,147
347,209,69,143
348,205,69,140
344,200,76,161
344,202,77,151
347,204,73,145
351,210,67,138
354,209,67,152
340,200,77,156
347,196,73,149
351,197,66,153
347,202,73,149
351,205,69,136
346,206,75,136
345,204,73,144
344,201,74,155
341,207,80,141
348,206,71,140
346,207,71,145
348,206,73,138
347,203,70,149
348,208,70,144
353,208,65,135
352,209,66,139
353,209,66,136
351,209,67,144
351,206,67,142
351,206,68,152
348,203,71,157
348,196,73,152
349,199,70,153
346,198,72,162
346,200,70,151
347,206,71,145
345,205,76,137
347,199,72,153
347,199,72,157
350,203,70,140
352,205,65,147
350,208,69,150
354,210,64,140
356,209,62,151
347,200,73,151
349,201,71,152
353,198,64,160
353,208,64,151
354,215,67,142
349,200,70,150
348,197,69,159
349,196,69,158
345,193,75,166
344,198,79,161
346,204,81,150
352,205,71,144
354,210,69,138
348,214,75,131
348,210,73,131
351,212,65,144
354,213,62,138
356,213,62,137
354,211,63,152
348,212,74,137
355,216,66,131
350,207,69,142
353,215,68,138
348,207,70,145
349,203,72,147
350,208,70,146
352,208,67,149
352,210,69,145
349,212,72,140
352,208,69,137
354,208,66,152
356,210,65,150
353,210,65,154
347,214,71,139
348,205,66,155
347,211,70,151
345,200,76,149
352,199,67,151
339,215,82,138
351,217,66,132
353,211,64,149
349,207,71,145
353,210,62,138
349,215,72,136
355,212,64,151
348,209,70,135
351,213,67,141
350,216,70,140
350,216,72,124
352,214,70,139
357,212,65,143
355,215,65,134
354,218,67,141
352,213,67,132
353,211,72,147
354,212,70,132
355,211,68,130
353,206,69,143
352,212,74,133
350,209,78,132
345,208,80,136
348,211,74,135
358,212,62,132
358,214,63,129
349,212,63,134
352,215,62,144
349,223,69,131
338,217,77,136
348,207,62,146
346,208,65,141
345,213,68,139
346,211,68,142
348,211,60,144
351,202,56,157
352,209,46,150
347,217,53,146
348,228,53,130
352,219,51,136
346,231,55,129
343,244,58,112
339,249,58,105
337,259,57,96
334,258,55,94
