172,274,59,33
169,271,62,33
168,272,62,34
168,273,61,33
169,272,59,33
169,271,60,34
169,270,61,35
169,271,60,34
168,272,62,33
168,272,60,33
168,272,60,34
166,272,60,34
167,273,59,32
168,273,58,33
170,273,56,32
172,272,54,32
175,270,58,34
165,268,53,36
184,256,57,35
182,254,58,34
187,243,56,37
187,242,54,35
187,231,54,37
188,227,52,40
187,216,56,42
187,211,58,42
187,207,57,46
187,202,57,48
187,200,57,50
184,199,59,51
183,200,61,49
180,200,63,53
179,202,64,51
179,201,57,54
178,201,61,57
180,199,55,62
182,198,53,65
183,199,50,64
181,204,52,63
182,205,50,61
178,211,55,58
176,212,64,57
177,213,67,54
178,215,64,51
181,221,63,47
180,223,64,43
181,232,71,37
183,231,66,38
189,230,73,44
192,230,70,45
202,226,72,40
201,221,75,45
213,209,76,49
214,203,80,55
232,197,75,53
231,196,79,51
240,196,81,46
242,196,83,46
254,200,82,41
254,198,85,41
262,195,87,41
261,198,87,40
274,189,89,40
277,184,89,43
288,174,90,49
291,176,89,46
304,175,86,44
302,175,89,45
309,172,93,51
312,176,91,51
318,170,92,64
318,166,92,73
318,159,94,86
325,154,92,91
326,153,93,91
324,151,97,97
327,152,93,97
327,156,96,98
327,154,96,101
330,154,97,100
331,156,98,96
339,156,99,98
347,158,94,102
346,159,93,104
339,161,98,100
340,161,102,103
337,158,99,100
339,156,97,105
337,150,100,91
334,148,101,73
332,142,105,79
327,144,106,77
326,144,107,79
322,148,107,82
320,150,110,82
317,151,113,85
317,151,110,84
316,152,109,88
320,153,105,90
314,156,110,89
314,154,114,97
314,158,112,99
316,161,108,98
315,160,112,97
314,161,109,97
316,161,106,96
311,162,110,99
317,164,102,102
310,165,109,103
312,162,108,101
308,162,110,99
309,161,107,96
307,159,111,97
312,152,115,92
311,152,114,93
307,149,124,94
309,147,120,94
311,145,120,98
312,148,122,97
308,147,128,90
311,146,130,87
312,145,135,83
311,142,133,95
310,143,139,90
310,143,139,81
309,143,139,78
311,144,138,78
311,144,135,77
312,146,142,73
310,144,143,77
307,145,145,77
304,148,143,79
307,150,145,82
301,153,144,84
302,154,143,81
299,150,144,81
298,150,142,76
297,148,142,75
302,147,138,77
299,145,140,77
303,144,137,76
303,146,137,76
301,151,135,80
306,150,126,77
303,150,128,82
301,148,130,84
308,150,123,80
305,147,126,85
303,153,131,96
301,148,130,116
298,149,133,122
295,159,128,127
292,159,126,130
296,165,117,128
300,165,124,135
303,167,128,141
302,168,123,135
305,167,121,137
298,167,131,137
302,166,124,135
305,163,121,131
301,162,127,134
312,156,112,133
314,155,107,126
325,145,94,138
327,148,88,134
332,141,80,144
337,135,72,153
336,132,75,153
341,132,74,151
342,134,73,148
345,136,70,144
346,134,70,147
346,136,69,147
346,134,68,150
342,129,72,158
342,127,73,154
341,123,74,163
336,127,73,145
337,128,68,146
334,117,73,151
332,119,75,151
335,124,72,140
338,131,69,132
349,137,64,124
351,139,61,127
344,144,70,118
335,140,81,122
326,146,86,115
326,146,90,116
326,147,92,112
324,147,93,113
326,149,93,117
327,148,93,115
328,152,94,119
331,154,91,115
331,154,94,117
331,156,93,115
330,159,96,114
328,159,96,112
320,156,100,114
321,153,99,113
321,152,94,111
317,153,100,109
309,148,100,114
309,150,98,106
300,149,104,107
300,149,105,109
299,149,106,110
302,148,101,112
294,148,110,107
293,148,110,106
283,155,116,106
281,159,116,99
275,163,116,101
272,168,116,99
274,170,108,100
271,169,111,101
265,176,114,101
264,173,116,100
262,179,113,99
265,174,110,100
261,172,111,98
261,173,114,97
260,172,113,93
262,172,111,92
256,173,121,92
255,174,120,87
253,165,124,92
251,166,131,95
252,159,127,97
255,156,124,102
251,154,125,101
249,159,127,97
246,161,126,94
243,162,129,94
238,159,128,95
237,160,125,91
238,154,117,89
236,153,119,89
232,151,113,83
230,151,115,85
228,146,113,89
230,145,106,85
227,144,117,84
231,142,112,84
230,144,113,80
238,147,112,79
239,148,120,67
241,147,116,75
242,152,119,75
245,151,116,73
245,153,117,73
245,153,117,69
244,151,119,71
243,152,121,80
246,154,117,84
248,148,114,86
248,153,121,95
250,148,123,98
264,155,116,106
262,152,112,96
265,156,115,101
261,153,122,101
265,156,119,99
266,145,127,96
268,142,127,94
273,133,125,91
272,134,124,93
270,130,129,91
269,128,128,87
268,125,124,88
268,124,127,86
274,122,121,81
273,120,122,80
274,111,131,81
273,107,133,82
282,101,131,82
280,101,132,76
284,96,130,78
281,98,134,75
280,99,126,77
279,100,130,76
273,100,132,74
270,97,134,75
262,90,136,75
268,90,129,75
262,97,128,89
262,98,129,89
259,110,128,84
259,111,130,83
255,119,133,78
252,118,135,78
246,117,131,81
244,120,134,82
238,126,126,78
237,125,126,79
233,140,125,95
234,145,123,106
234,151,121,115
241,156,118,113
236,159,127,113
239,159,126,110
250,156,122,114
247,156,128,112
253,158,122,96
256,155,125,99
260,152,137,91
257,148,140,100
263,151,127,100
262,155,122,93
245,158,126,98
244,159,127,121
240,158,125,147
242,159,127,126
241,151,123,130
246,156,124,127
248,142,123,119
245,152,137,108
245,146,149,99
251,148,155,92
255,150,163,83
255,145,168,84
253,147,177,76
250,146,171,77
266,137,147,83
267,125,140,94
277,112,117,102
280,114,114,99
293,113,115,109
297,115,122,108
304,133,141,93
301,137,148,89
291,128,139,95
291,113,127,106
293,97,115,91
290,88,119,97
290,69,121,88
287,64,120,87
295,58,117,92
295,59,115,93
289,83,119,81
294,112,116,77
289,126,124,69
283,129,133,68
278,154,140,62
278,152,137,61
268,171,146,63
263,173,145,62
249,180,155,63
260,183,145,59
276,175,123,67
282,179,116,60
271,183,124,60
263,186,130,54
259,196,134,62
234,198,158,62
224,201,168,74
229,201,162,74
225,193,161,70
216,187,171,74
230,154,157,74
260,145,131,71
282,102,113,83
292,100,106,94
278,69,123,86
271,72,132,79
269,76,135,77
268,77,135,73
261,100,142,90
266,92,128,102
259,134,137,91
256,133,135,86
259,168,144,73
261,167,140,77
262,186,142,71
260,185,146,73
266,183,142,72
266,179,140,74
276,185,136,65
268,189,144,62
272,198,142,60
271,196,141,64
275,207,140,71
276,204,141,73
273,197,144,83
274,194,141,82
281,167,139,73
281,159,143,69
282,123,142,76
283,118,149,69
291,100,147,66
291,103,144,63
294,108,142,65
295,110,135,67
297,126,129,74
298,129,127,68
288,139,133,76
284,136,139,79
279,143,139,80
274,140,144,85
274,141,143,102
273,136,126,103
265,133,115,109
263,119,107,134
265,114,100,152
272,105,81,155
273,101,80,143
276,95,70,149
273,91,71,147
267,82,75,141
265,75,79,149
266,67,79,133
271,60,76,135
272,56,79,136
277,56,72,132
277,55,73,129
277,55,73,127
279,53,70,128
277,52,75,121
280,54,73,122
282,51,77,121
285,49,74,118
286,48,74,120
286,50,76,117
288,49,73,119
289,47,73,118
292,49,69,114
290,49,77,109
293,47,74,110
294,48,83,110
296,47,81,105
295,49,88,99
289,49,97,89
285,49,105,86
277,43,106,73
274,41,113,76
270,39,116,76
270,39,117,77
266,42,123,71
265,40,115,67
269,34,116,69
267,34,117,66
263,34,124,65
261,34,121,66
257,34,127,65
258,35,135,68
260,35,130,66
258,36,134,68
265,37,129,65
264,39,125,65
275,38,121,61
269,36,125,61
273,34,125,61
272,34,123,60
278,34,126,57
279,33,126,57
290,36,126,56
292,37,120,54
306,40,120,55
320,43,119,53
323,45,117,51
340,48,104,50
346,46,102,52
353,49,95,54
355,47,96,54
362,48,93,58
365,50,88,55
366,53,95,55
370,64,95,48
379,65,88,48
380,70,85,50
381,70,84,48
382,72,83,47
383,73,83,46
385,76,82,41
384,76,82,42
384,77,84,43
386,76,84,48
382,77,86,50
381,82,90,50
382,83,88,45
378,84,91,43
378,83,92,47
379,85,90,44
377,85,90,46
378,86,91,45
380,86,89,45
380,88,90,45
375,87,92,46
375,89,94,40
374,88,92,40
375,88,92,42
373,85,90,44
377,87,91,44
373,82,90,50
375,82,90,51
370,77,91,55
370,73,95,63
370,72,91,70
366,71,94,67
366,69,92,73
365,67,93,63
363,67,94,61
357,62,98,52
354,62,103,51
351,62,102,58
347,63,99,67
349,63,99,67
349,63,89,66
348,65,89,63
351,68,93,66
350,72,93,61
354,76,96,57
355,79,93,56
358,80,92,48
358,81,93,54
359,82,93,53
362,87,92,52
359,86,92,52
358,87,92,51
359,88,94,49
358,87,96,51
358,87,94,52
359,89,94,50
359,90,92,49
360,89,94,48
359,89,91,49
363,90,91,49
359,90,93,49
363,90,90,50
363,91,93,47
360,91,88,48
363,92,91,47
360,90,93,49
363,93,94,46
361,91,92,46
358,90,96,49
358,89,98,50
359,89,95,50
360,88,94,52
359,89,95,50
359,84,92,49
360,87,90,47
361,82,86,50
357,81,90,53
356,84,86,46
351,80,89,52
354,82,85,47
346,80,93,50
342,80,95,50
336,77,97,58
334,77,102,64
323,80,101,56
314,81,100,60
311,81,101,61
296,81,105,62
294,85,103,54
284,82,102,58
284,83,98,59
271,81,100,59
271,83,101,56
260,78,106,63
259,80,103,61
253,74,106,64
257,70,104,65
256,69,104,74
257,66,110,66
260,66,111,62
274,61,106,55
272,62,117,58
286,59,111,61
287,58,108,53
305,55,107,50
317,57,103,45
317,59,106,44
330,61,103,45
332,60,102,51
342,64,97,53
341,65,100,50
351,69,97,48
352,69,95,54
357,73,94,51
366,76,91,51
370,76,89,58
371,79,90,52
373,79,88,44
376,81,94,45
374,80,95,46
371,83,105,53
377,83,100,36
375,83,103,45
376,84,98,38
374,83,105,45
378,84,98,39
380,84,101,41
380,84,102,42
376,83,106,46
367,85,115,56
372,84,114,52
363,83,119,70
361,83,117,75
362,84,114,70
360,85,112,69
359,84,116,71
357,84,112,72
360,86,112,70
356,86,110,72
356,87,112,70
354,85,112,73
355,87,112,68
355,86,108,72
351,85,113,70
350,85,113,70
350,85,108,71
351,85,107,73
350,85,105,73
351,86,103,71
351,86,101,69
349,85,104,71
348,86,106,74
347,85,103,70
347,86,102,70
345,86,100,71
346,88,99,70
345,84,103,74
345,86,101,71
346,88,100,68
348,86,101,74
351,89,97,67
348,88,105,70
351,90,103,64
351,89,101,75
352,89,99,70
356,90,97,65
354,92,103,65
358,91,98,69
358,92,95,62
358,93,101,59
358,92,96,67
363,94,100,59
361,94,100,61
369,94,96,61
370,97,96,55
375,99,94,56
372,100,88,48
378,100,88,51
374,99,91,56
380,103,88,58
380,104,84,52
385,107,87,44
382,107,85,50
384,107,92,53
386,109,87,45
383,108,88,54
384,110,90,45
390,111,87,44
389,111,86,46
395,114,87,48
390,113,87,51
393,115,91,49
393,115,87,48
400,115,85,54
398,115,85,58
399,115,83,50
400,114,82,53
398,114,83,47
397,114,86,49
392,114,92,50
393,114,90,48
388,111,94,54
386,106,93,59
381,98,95,76
380,97,93,80
382,101,89,88
380,102,91,80
381,98,91,87
378,95,88,84
381,94,95,84
377,92,94,77
373,91,95,78
374,90,99,73
371,89,103,72
377,90,100,71
373,91,109,65
373,92,110,63
377,93,112,60
375,92,115,61
379,90,109,61
377,91,112,62
374,89,117,63
377,93,113,56
376,88,114,62
379,90,110,58
377,89,114,60
378,88,109,62
379,89,109,61
375,90,113,60
376,91,111,56
375,90,111,60
374,89,113,61
374,89,108,63
374,89,111,66
368,87,112,69
367,90,104,68
371,85,112,72
361,92,112,67
371,88,105,68
361,86,109,73
365,90,105,69
358,88,106,73
358,86,106,77
353,87,106,77
350,89,104,71
349,90,98,75
360,89,85,79
367,85,72,83
355,89,81,78
350,91,91,78
339,93,98,75
338,91,100,79
336,95,102,76
334,97,97,69
335,96,102,74
334,99,99,66
334,99,98,68
333,99,101,66
334,101,100,61
332,98,104,66
332,99,104,65
333,95,102,69
334,94,99,66
334,93,99,70
334,91,99,70
335,94,97,64
332,88,99,70
332,91,98,67
332,87,96,69
333,88,97,66
331,90,92,64
325,89,100,61
325,89,95,62
324,88,96,59
327,89,95,64
322,87,96,63
319,86,94,62
314,84,95,63
312,85,98,61
308,83,95,64
298,82,99,62
296,82,100,62
287,81,100,58
287,81,96,61
282,82,97,57
280,82,95,59
270,83,101,59
271,84,100,56
259,86,103,56
257,85,106,57
250,87,105,57
244,90,106,53
246,92,104,52
236,93,104,51
233,95,105,49
217,96,110,57
217,97,108,56
203,101,109,56
201,100,104,55
182,103,117,62
158,105,126,62
155,106,122,63
133,111,127,66
131,113,127,64
110,111,131,67
106,113,132,67
94,114,135,64
92,114,137,65
80,113,140,66
75,109,135,70
75,108,135,73
75,103,132,74
75,103,132,73
78,94,130,76
79,94,130,75
82,87,134,72
83,87,130,70
89,81,130,69
97,75,134,66
98,75,130,64
108,73,129,64
112,71,126,69
118,69,123,74
121,68,120,73
124,70,121,70
127,69,117,70
134,69,111,67
139,69,106,65
139,70,104,63
147,73,101,56
144,71,103,59
148,73,104,62
154,75,104,59
158,72,104,61
160,73,102,55
166,76,101,53
175,73,96,54
180,75,96,49
188,73,93,53
188,73,95,51
197,72,92,55
198,72,93,53
203,76,96,44
204,71,92,52
207,68,92,58
210,71,91,55
210,66,92,59
210,64,92,66
208,63,95,66
208,60,94,68
207,58,90,72
211,57,93,64
211,55,93,70
211,53,92,67
212,52,91,71
215,52,99,68
216,51,101,65
216,50,98,67
221,52,103,65
220,52,106,68
226,51,108,69
232,52,102,67
236,52,108,69
232,53,107,68
246,54,104,69
249,57,110,69
251,59,117,63
259,62,119,64
257,61,115,65
274,64,117,68
273,65,120,64
290,68,114,67
287,69,120,65
305,74,112,61
304,75,121,58
322,78,114,58
338,79,104,57
336,82,109,52
352,83,98,54
348,85,98,52
366,88,88,51
362,87,89,52
369,93,87,46
373,92,85,52
376,97,84,47
377,98,80,53
377,102,85,49
379,101,79,53
385,105,76,50
385,108,74,48
386,112,75,41
388,114,76,44
390,115,75,42
394,119,75,39
396,122,74,43
399,123,69,39
400,124,72,43
401,125,68,44
405,126,67,41
403,128,69,40
406,124,68,43
404,125,68,42
403,121,65,40
412,120,59,37
409,119,57,40
418,117,50,41
419,115,48,42
416,111,49,45
420,109,45,43
414,100,44,34
420,93,37,39
407,86,43,43
390,75,58,46
382,72,66,57
371,74,77,58
376,77,76,54
370,70,79,60
368,73,83,62
363,81,87,61
360,83,92,61
361,93,97,58
361,104,103,60
362,108,103,58
367,114,107,66
364,116,108,67
367,122,109,65
370,123,110,63
369,125,111,68
372,127,106,66
380,131,111,68
381,136,114,61
386,144,120,61
392,152,121,64
392,157,116,59
397,165,116,65
394,166,123,69
394,169,125,71
390,171,122,67
383,174,125,59
382,174,127,64
378,179,127,62
380,182,122,57
381,181,119,59
378,183,120,62
380,180,117,67
378,184,116,68
379,180,114,75
376,182,118,71
373,182,118,67
377,180,112,69
377,184,111,66
378,181,115,68
381,181,113,67
383,180,111,70
387,182,118,72
387,183,120,72
392,183,115,80
392,183,113,78
391,184,121,89
391,187,119,97
394,189,114,97
395,192,109,102
395,192,108,97
391,195,100,93
390,197,99,94
381,200,100,106
384,199,93,117
380,198,99,124
382,200,90,121
379,200,86,123
379,199,85,125
375,194,87,126
373,196,87,121
368,193,90,117
366,188,90,117
359,182,94,115
354,181,96,118
347,179,95,112
354,177,92,112
347,174,95,113
348,172,100,113
350,164,98,114
353,161,97,119
349,152,91,119
346,151,97,122
337,148,97,120
340,148,99,119
330,143,104,124
333,146,104,124
333,151,105,122
332,147,101,123
330,151,105,122
338,150,98,123
337,149,101,125
335,150,104,121
346,154,97,123
343,150,98,125
347,152,98,122
345,154,105,121
345,154,98,121
349,154,98,126
348,151,92,127
353,156,92,125
346,153,96,127
345,154,95,128
340,158,95,124
335,159,104,127
328,170,103,125
332,166,104,122
329,164,104,136
331,161,106,130
329,163,106,143
331,159,107,146
331,159,113,146
332,158,107,144
334,160,110,148
334,162,113,146
339,161,118,151
340,161,112,146
331,154,127,154
332,156,121,158
330,155,132,155
332,160,124,151
341,159,125,156
340,160,129,156
350,161,124,167
353,161,120,173
355,164,123,167
352,162,128,159
353,167,127,160
354,170,127,149
348,180,121,133
343,181,128,134
326,190,139,131
323,194,142,140
310,200,153,141
302,202,145,114
296,202,134,107
297,203,125,98
296,208,126,87
292,207,117,81
292,206,120,89
295,207,112,114
294,203,115,122
289,202,117,122
284,197,128,112
283,197,126,107
283,195,122,110
279,197,129,103
277,196,132,104
268,196,142,101
268,195,140,98
269,194,135,98
266,192,133,96
278,196,129,93
274,196,137,91
279,201,130,96
281,201,124,96
288,198,118,101
286,194,119,105
291,193,112,110
293,190,109,115
293,189,102,121
294,192,98,118
288,188,97,116
287,183,97,123
280,180,91,121
277,183,94,123
268,174,94,123
263,179,99,122
258,173,94,117
256,172,95,120
250,170,101,116
254,175,96,118
251,171,101,116
253,174,97,115
259,171,91,120
258,172,90,122
258,164,95,127
260,170,89,124
256,160,98,131
254,163,99,127
254,159,98,129
255,152,99,138
254,156,99,132
255,153,99,136
257,152,96,128
259,145,96,133
262,146,93,131
265,141,97,131
268,139,95,134
273,140,100,133
275,136,95,132
278,135,100,127
283,128,100,130
282,128,102,128
288,114,99,127
290,113,96,126
290,96,98,126
287,91,103,129
283,68,102,130
282,71,105,122
273,42,103,125
263,7,103,128
263,5,104,134
255,1,108,117
257,3,97,112
243,1,109,96
245,4,104,93
237,3,101,88
237,4,105,89
231,4,94,96
222,5,90,109
218,3,100,117
209,7,95,127
207,5,99,133
198,9,100,136
201,4,98,145
196,9,100,145
195,5,108,150
198,9,98,148
199,6,95,142
204,5,104,136
207,6,94,132
208,4,94,131
214,4,107,130
214,2,98,131
223,5,95,129
224,5,89,127
226,11,115,121
228,5,103,127
227,3,95,129
227,4,91,132
227,5,94,131
228,4,91,134
229,6,96,134
228,9,98,135
230,11,95,130
229,26,109,124
228,27,107,123
228,37,99,114
224,47,109,111
223,48,115,111
224,52,106,105
223,53,122,106
224,52,123,113
224,54,121,110
224,57,109,103
224,56,107,101
222,63,107,93
220,69,112,84
221,69,112,82
221,73,105,80
222,73,104,76
226,79,109,68
225,80,109,67
235,88,111,61
239,90,113,55
249,101,112,54
246,101,112,55
249,109,113,50
248,113,113,52
247,116,114,51
250,116,110,45
251,116,111,41
251,116,111,41
251,116,111,41
251,116,111,41
280,134,102,43
268,131,105,49
285,126,88,55
283,126,87,55
286,132,86,56
286,128,87,56
286,132,86,62
278,131,93,65
283,131,91,71
280,132,94,69
281,137,96,69
280,145,102,81
285,145,97,83
279,156,109,81
272,158,120,80
276,161,123,87
265,159,129,86
271,151,132,95
270,149,132,103
268,144,133,97
265,139,136,94
272,133,129,99
264,129,133,103
258,127,143,103
254,123,145,107
259,125,146,108
250,122,152,105
255,130,153,94
249,135,155,84
244,139,169,90
236,137,176,90
242,141,180,101
248,142,177,105
251,149,181,110
250,152,189,110
255,162,192,112
256,165,193,116
271,168,194,121
266,169,202,120
269,173,221,114
274,171,229,111
274,169,235,115
296,169,232,107
288,165,236,103
298,163,249,98
306,159,246,97
308,152,251,98
311,145,250,101
316,141,256,106
331,137,252,111
323,135,250,114
335,130,258,110
336,126,262,109
342,119,256,115
334,113,248,114
336,107,267,132
343,95,260,148
360,93,249,142
349,86,259,148
359,79,248,139
352,81,254,127
356,73,252,118
359,67,248,113
361,66,251,118
363,60,251,120
356,59,259,118
355,61,274,113
365,50,265,120
360,51,262,114
359,49,279,118
365,45,263,127
359,38,264,129
372,39,256,124
378,34,253,128
368,33,261,131
357,28,268,131
369,32,260,124
358,26,261,126
354,18,262,134
363,17,255,137
365,13,243,135
361,8,254,136
