284,156,113,111
293,165,95,88
295,161,95,93
294,164,99,92
290,163,96,87
294,165,84,95
294,174,82,77
292,171,87,87
295,168,74,94
292,167,81,90
298,168,67,93
295,154,64,99
295,153,58,99
297,154,57,101
298,150,50,103
298,148,49,99
298,148,49,99
298,148,49,99
298,148,49,99
298,148,49,99
298,148,49,99
298,148,49,99
298,148,49,99
298,148,49,99
298,148,49,99
208,172,56,107
205,178,62,98
213,172,68,110
207,180,80,94
209,180,87,96
205,184,99,87
205,185,107,81
207,190,110,81
205,188,125,83
201,183,138,97
201,184,146,103
203,182,167,99
201,173,163,124
208,170,181,154
207,169,181,157
193,174,186,138
218,167,155,163
196,167,185,159
187,166,182,186
193,164,174,177
193,171,188,161
204,167,156,184
195,162,185,197
200,169,175,179
206,180,163,145
188,179,186,143
191,173,183,181
196,170,179,168
180,175,198,161
182,177,209,146
196,172,189,172
187,168,197,152
195,168,179,180
203,177,161,148
197,176,181,139
188,170,195,167
201,180,164,119
195,181,178,117
210,181,173,117
188,176,184,144
187,173,193,160
204,176,160,134
192,172,182,164
201,181,167,136
184,174,189,146
178,178,199,110
190,180,191,110
198,175,181,103
200,170,174,116
205,169,168,120
203,167,168,124
189,159,185,158
188,142,186,195
177,129,190,227
176,105,185,230
173,94,189,257
196,75,151,291
188,88,159,282
166,71,197,285
178,64,176,300
181,73,178,303
168,75,193,293
176,80,192,289
167,79,198,291
159,87,201,288
143,82,217,274
157,80,216,271
165,78,189,276
151,77,209,287
167,81,203,282
174,79,192,287
177,85,192,274
182,96,183,271
185,104,168,266
180,112,181,256
188,110,173,255
175,109,192,256
171,81,187,270
186,90,197,257
194,102,173,247
181,106,171,246
181,111,183,254
182,106,165,260
189,102,175,268
186,108,168,254
181,106,168,234
186,105,176,245
180,115,167,229
181,107,179,242
194,108,166,248
192,103,161,246
194,107,151,232
192,120,151,232
183,117,164,239
185,109,154,257
178,107,172,243
182,91,197,279
187,97,186,273
156,84,218,279
196,99,170,250
206,119,158,236
215,141,151,216
204,160,160,200
210,172,160,164
195,173,160,126
191,175,174,162
199,179,163,155
193,176,182,156
194,165,164,183
202,171,150,189
192,158,161,187
184,165,170,189
189,176,164,150
197,167,153,179
207,163,145,196
214,159,140,203
194,164,173,196
204,179,147,167
203,167,145,189
203,163,146,189
187,160,167,199
193,174,166,163
193,179,173,143
190,179,179,148
179,178,182,178
183,181,179,137
187,178,185,145
176,171,202,172
174,178,179,150
198,183,178,122
190,182,191,117
188,185,183,125
179,190,188,89
180,185,201,110
178,181,192,127
188,174,188,137
178,169,192,171
184,178,181,141
197,167,181,173
197,176,164,142
177,179,191,154
199,179,162,166
195,168,163,173
207,181,148,157
194,169,164,168
206,181,153,150
191,167,166,184
194,169,161,186
194,175,163,167
190,162,175,196
193,170,168,174
207,162,137,203
208,159,144,186
205,173,153,182
206,169,154,167
216,170,136,177
191,169,163,170
172,167,183,184
176,176,183,155
186,175,180,167
189,174,179,149
174,179,196,163
181,173,184,163
199,188,150,137
198,173,166,153
194,171,185,150
192,162,174,187
190,171,184,141
195,164,175,132
200,155,165,148
210,151,153,147
207,161,164,120
209,154,160,140
195,147,173,165
203,138,149,190
201,141,156,196
190,127,190,210
164,116,207,245
173,110,196,260
171,100,197,275
186,111,180,253
196,142,170,222
189,154,163,204
200,171,156,173
197,162,173,191
198,172,170,178
193,181,178,150
187,181,186,145
181,174,197,174
196,184,166,148
181,174,198,169
194,183,174,152
194,168,169,181
173,178,193,172
170,180,203,146
176,173,180,180
184,186,178,135
190,183,171,123
199,181,172,151
187,172,175,163
190,178,171,162
181,166,181,175
193,175,160,148
177,178,181,167
184,176,178,158
188,181,171,126
187,184,179,149
185,172,190,156
190,176,173,159
179,178,190,172
197,187,155,141
200,176,147,168
194,176,149,179
183,182,170,158
185,173,169,183
176,169,181,191
169,176,198,174
167,189,204,155
168,193,195,156
173,175,191,161
175,181,185,170
162,175,214,184
181,191,171,149
175,172,190,175
186,178,189,142
199,176,169,168
198,177,162,157
182,169,188,176
190,177,177,147
190,181,179,143
191,185,182,121
183,179,191,160
202,181,159,149
198,165,168,182
194,173,161,182
181,168,180,162
171,170,205,135
164,180,217,149
177,181,201,144
177,183,193,127
185,179,184,136
179,177,189,156
175,181,198,139
182,182,176,115
189,180,184,129
195,172,190,158
186,178,190,133
197,177,189,127
191,176,201,148
184,167,206,184
183,170,216,165
185,171,204,176
170,174,239,167
180,174,215,157
178,168,218,170
180,169,186,185
196,182,189,150
190,176,177,147
196,169,189,177
214,175,149,156
197,172,167,165
189,181,173,148
185,183,181,146
199,180,159,151
202,171,139,179
196,172,150,175
184,175,176,159
192,180,169,154
180,169,191,163
189,184,183,122
174,179,195,157
162,183,217,136
170,179,206,138
172,177,202,156
168,174,213,145
181,169,195,175
195,170,172,158
203,168,158,182
190,172,174,167
185,183,185,135
175,177,212,137
187,176,204,140
166,176,202,181
175,181,197,158
198,185,159,134
192,176,171,152
200,172,157,180
184,155,188,200
195,171,168,172
200,180,156,150
197,174,163,152
182,176,188,156
190,178,170,154
196,175,159,166
198,173,156,169
194,167,155,166
204,168,151,177
197,176,161,156
190,171,163,172
183,177,184,146
193,172,160,159
192,177,174,151
173,173,197,137
163,155,217,178
143,136,245,204
136,121,242,233
122,123,257,250
98,127,268,239
186,109,292,237
150,120,280,246
160,139,258,210
183,156,209,174
186,155,182,188
203,167,168,161
189,164,189,185
204,152,164,196
213,165,145,174
210,165,148,182
219,168,135,179
196,156,163,180
185,170,188,179
189,178,176,143
182,179,190,128
176,175,212,149
186,177,184,130
182,174,191,163
176,174,217,165
190,183,191,124
180,176,198,162
199,180,173,146
183,178,187,136
177,171,205,173
177,175,188,171
189,186,179,129
182,184,192,115
174,178,207,152
182,173,201,153
201,167,163,178
182,170,193,173
192,180,163,140
173,178,188,139
163,171,210,166
155,173,227,158
166,166,213,182
191,171,168,154
206,171,155,165
197,173,176,159
200,171,173,169
206,178,157,152
197,164,171,179
213,165,151,169
194,166,171,172
200,171,157,184
194,163,182,172
204,173,157,143
194,169,167,164
211,167,158,181
199,158,163,185
206,172,152,153
185,179,183,150
184,184,189,134
194,185,173,142
190,178,188,149
192,170,183,168
187,171,186,185
185,181,203,141
185,184,194,105
185,186,210,129
179,187,216,93
192,181,200,119
181,180,214,126
179,171,212,131
187,174,202,147
196,171,180,149
188,167,203,181
188,172,173,154
175,179,195,133
178,176,192,159
176,179,197,174
175,177,194,146
190,175,187,156
199,172,159,166
186,162,191,176
190,177,167,141
205,167,148,178
203,163,156,189
189,174,184,165
194,172,173,179
196,173,166,169
191,178,179,156
196,183,173,133
184,179,190,142
192,174,187,154
207,173,159,144
199,164,174,176
213,170,146,168
214,166,154,156
187,169,180,176
183,179,175,154
189,173,168,173
186,181,189,140
178,177,209,149
193,178,182,145
185,174,193,172
178,183,204,130
185,182,184,106
188,179,178,120
178,182,198,148
171,181,185,153
192,183,165,149
195,168,163,166
206,171,140,178
198,163,149,182
188,176,168,168
187,169,172,174
191,182,170,147
185,170,186,159
197,171,163,142
191,164,174,151
188,165,184,143
184,165,183,165
197,174,180,156
185,167,179,169
211,169,142,183
203,167,160,167
193,172,172,164
193,171,173,163
200,165,165,183
201,178,166,152
193,169,182,161
215,172,153,167
198,172,164,167
184,172,183,145
198,164,172,173
209,170,158,153
190,172,186,136
215,172,152,153
194,174,167,152
206,179,161,134
192,176,184,124
184,172,196,148
190,170,182,175
187,177,176,136
181,173,194,160
202,176,166,129
190,177,176,153
189,183,178,118
200,178,174,147
187,174,173,173
199,178,152,157
188,169,167,184
190,178,178,149
195,173,165,180
193,165,158,180
191,177,169,162
202,163,158,184
192,170,173,172
175,169,210,171
184,174,190,160
193,170,165,155
196,168,159,171
181,173,187,168
185,174,183,159
203,168,158,158
210,174,167,140
195,174,184,154
199,173,166,130
190,172,185,160
186,173,179,153
192,167,187,176
204,170,159,152
193,171,185,152
184,167,189,182
183,173,174,167
196,182,168,140
188,174,188,158
188,176,175,157
198,167,161,182
204,176,154,150
211,177,146,131
203,179,166,149
177,168,195,174
186,170,174,166
194,177,166,150
177,185,192,158
173,184,196,140
177,183,184,173
182,172,184,154
188,174,178,158
186,177,177,138
197,177,164,156
197,174,164,151
191,174,167,171
194,161,163,195
189,169,162,182
176,171,189,155
181,169,200,174
194,173,172,162
176,180,203,147
170,176,215,169
183,177,192,148
188,186,183,117
190,180,183,139
176,183,203,141
160,191,212,108
181,191,209,97
196,177,190,127
197,171,180,146
195,171,178,159
184,174,185,174
193,172,167,152
193,177,174,164
179,167,205,182
194,165,170,166
190,175,189,147
192,173,188,157
189,171,181,159
207,172,150,179
210,165,141,190
200,165,162,189
206,175,160,154
196,169,170,171
198,174,169,163
185,177,168,162
187,186,170,144
185,177,191,138
191,181,185,113
182,172,188,152
195,174,189,156
181,165,198,182
182,172,190,182
186,179,197,160
189,179,183,158
187,184,167,145
194,176,150,167
191,163,153,186
190,176,160,162
187,173,164,176
181,170,186,157
193,171,195,160
197,167,184,158
177,164,205,186
197,167,166,153
187,166,169,178
184,169,181,177
198,178,171,152
215,182,151,130
204,180,167,136
202,174,176,162
193,172,181,149
193,167,185,158
207,167,150,160
203,161,163,188
190,165,175,189
202,171,150,171
199,161,156,189
202,168,153,187
200,167,161,155
219,170,150,134
207,166,172,162
184,162,172,186
167,149,191,183
187,140,162,210
187,154,166,163
202,153,166,170
211,152,162,186
190,152,181,203
186,168,173,165
191,167,168,169
182,166,181,184
197,179,159,150
193,171,160,160
189,178,164,175
184,173,176,146
187,169,178,179
187,144,179,195
205,146,153,188
204,136,148,209
189,135,168,216
181,119,164,231
173,120,174,234
152,105,207,257
176,112,180,244
190,126,155,241
199,156,173,205
201,162,158,181
189,170,171,169
201,177,155,143
186,176,185,147
185,174,198,140
178,175,205,155
193,179,167,142
191,176,181,154
192,183,181,151
186,179,189,153
187,181,184,157
182,160,190,168
193,147,171,194
193,154,173,183
185,167,179,183
185,175,183,161
182,183,177,168
178,170,184,165
191,173,162,160
182,176,178,173
189,179,166,159
180,168,177,179
188,183,162,150
189,176,163,151
185,176,178,177
171,180,188,162
169,171,204,196
187,177,174,174
197,168,161,200
180,164,186,189
193,170,173,177
187,180,180,152
179,184,191,131
176,183,190,142
182,185,191,126
187,180,183,150
172,172,204,183
174,170,213,163
186,170,188,177
179,173,177,170
172,177,180,173
177,187,169,144
187,176,148,173
197,161,127,199
204,161,135,196
189,174,158,170
185,177,162,166
194,162,141,187
196,165,146,194
200,172,148,179
203,174,146,170
194,168,157,183
184,161,167,191
179,183,174,158
175,162,168,177
186,154,162,195
181,158,167,194
197,169,129,170
195,168,144,182
199,166,139,183
190,174,154,171
193,163,138,189
190,171,157,178
184,175,162,174
188,164,148,188
194,173,139,181
194,160,131,193
190,172,142,178
197,168,133,189
195,162,145,190
189,176,151,183
187,163,157,196
193,170,151,203
188,162,158,188
196,171,151,187
187,162,163,186
178,177,172,182
182,161,166,197
196,170,146,190
193,158,148,207
192,168,146,190
187,164,157,198
177,169,171,195
181,166,160,188
183,167,162,181
190,166,154,184
200,172,136,187
191,169,155,183
200,176,136,182
184,172,156,180
196,165,142,186
190,170,175,176
178,162,210,191
176,169,212,170
188,168,211,166
157,162,241,200
175,167,238,182
198,167,193,168
169,169,199,171
178,171,188,164
171,178,226,144
173,170,240,187
151,176,240,166
174,168,223,175
189,172,199,144
168,172,202,165
