96,69,136,153
88,67,147,158
96,65,134,160
89,64,142,156
86,66,146,157
89,62,140,161
77,65,156,161
90,66,140,154
89,56,139,170
93,50,134,174
91,52,135,176
86,49,141,179
88,49,137,182
87,51,138,182
92,54,129,175
92,57,131,178
83,62,142,177
87,66,138,169
82,73,144,162
80,68,147,170
76,60,147,176
77,69,145,177
80,68,142,177
76,77,143,162
84,73,140,173
82,79,137,161
85,77,132,167
84,74,129,172
77,75,138,174
81,79,131,167
76,77,140,169
80,72,130,173
75,77,135,174
71,81,140,166
69,86,142,157
69,81,143,164
74,77,136,166
70,79,138,165
68,83,140,160
69,79,139,165
67,81,137,163
67,80,134,167
63,91,142,150
72,84,133,157
74,80,127,166
66,81,138,163
64,77,137,165
69,80,131,166
66,79,138,164
68,80,134,163
64,83,137,162
67,82,141,156
67,84,137,151
75,76,131,157
72,71,134,157
68,67,137,156
71,67,140,154
75,56,133,161
76,43,131,169
82,32,123,174
83,25,126,177
86,20,118,177
88,21,121,173
85,14,128,172
83,10,130,173
84,13,131,164
81,11,139,166
83,9,137,167
93,8,129,161
83,18,145,145
88,9,141,147
86,8,141,146
91,8,140,144
87,6,141,140
96,4,135,142
100,3,129,136
99,0,133,137
101,6,131,134
108,2,121,136
106,6,124,133
103,5,128,137
100,4,130,142
99,0,133,150
101,1,128,151
95,10,134,145
100,9,134,150
99,9,131,158
94,12,138,163
96,17,134,158
92,26,137,159
94,25,137,165
92,30,135,171
101,26,122,184
107,39,116,178
102,45,121,179
102,54,120,180
98,73,126,170
96,79,125,166
100,80,117,166
94,91,124,158
91,86,127,169
88,87,128,168
92,73,119,181
93,73,117,187
89,74,119,184
85,72,131,190
93,74,119,182
78,71,137,182
85,64,131,194
85,70,134,186
89,71,129,182
85,79,139,178
87,79,139,179
83,76,146,186
90,77,143,188
101,75,139,193
118,86,129,187
112,93,160,177
111,101,175,168
118,98,173,174
123,96,165,179
131,94,153,183
133,104,154,180
146,92,140,195
158,100,126,184
153,100,136,192
151,108,138,183
151,96,139,203
137,107,157,197
132,94,176,223
129,87,155,253
125,65,149,292
124,53,137,277
129,52,113,275
123,47,111,253
121,41,114,263
117,31,121,279
112,72,126,269
112,60,125,281
103,53,137,285
98,69,135,270
94,90,135,249
93,86,136,239
97,90,122,217
97,99,125,202
99,87,116,225
95,89,123,217
94,94,125,210
98,83,119,232
99,78,119,226
98,84,122,219
100,84,117,216
94,91,127,224
96,95,126,234
98,94,121,232
101,100,123,229
103,99,120,232
124,43,103,246
101,110,129,226
125,40,122,246
158,58,132,225
129,41,155,247
121,28,142,288
122,18,133,320
128,6,114,341
139,3,91,342
159,11,109,343
143,9,95,317
212,27,90,287
142,26,112,303
135,29,157,305
132,15,141,332
137,21,130,351
139,17,145,335
148,8,142,344
146,8,143,323
149,9,136,307
148,17,134,306
144,16,135,315
134,13,146,326
125,14,155,313
120,10,157,317
109,7,170,319
86,12,192,324
53,5,235,323
53,2,230,329
49,17,196,311
52,37,147,284
60,45,138,281
57,58,133,245
50,68,141,215
59,75,123,194
53,87,131,170
57,86,129,169
59,87,124,159
62,85,125,167
68,85,123,170
65,93,127,154
69,93,133,151
71,92,133,150
75,83,133,158
88,85,125,153
102,85,111,151
109,94,116,143
112,92,122,144
115,100,127,140
122,110,125,134
125,120,130,133
136,127,119,138
139,119,119,149
143,116,117,153
145,129,119,144
154,127,113,147
149,123,120,156
145,132,126,148
151,126,127,155
151,124,121,159
146,120,130,161
156,123,123,153
149,130,127,152
145,129,137,151
142,124,135,152
149,126,137,157
146,130,134,147
148,131,129,149
148,129,126,150
143,126,133,159
153,128,117,147
149,130,113,148
156,124,107,155
150,135,114,143
147,136,118,145
139,135,127,148
147,133,111,146
145,141,112,137
144,132,109,146
145,132,104,147
140,121,110,160
136,115,113,167
138,123,112,158
140,136,112,144
136,129,114,153
137,116,109,164
134,133,117,143
139,128,110,150
139,132,111,150
138,131,113,150
139,135,112,147
134,132,116,153
135,129,114,155
136,132,109,151
129,138,120,142
136,133,108,146
134,141,114,138
127,140,123,138
125,132,126,137
122,139,132,136
122,137,138,127
125,131,129,135
117,112,142,157
125,114,141,159
117,116,161,143
119,109,150,160
114,104,171,158
113,101,162,165
120,92,161,182
114,93,167,190
115,94,179,184
121,80,161,191
117,87,169,204
117,95,173,186
115,97,171,182
116,113,176,167
111,116,188,158
110,117,183,161
116,131,175,148
113,127,178,144
111,126,182,152
112,133,178,145
105,117,208,158
107,106,194,168
117,85,167,190
114,127,183,189
116,115,200,170
121,87,258,194
78,46,248,226
73,18,259,260
85,90,288,251
14,30,296,256
29,38,283,273
45,18,230,277
117,42,243,273
34,10,242,283
99,25,253,305
71,11,296,291
38,12,301,299
36,9,269,320
27,1,308,351
31,10,331,329
23,11,339,334
30,5,345,332
18,14,353,312
6,17,369,304
16,8,374,319
11,14,375,317
15,6,347,318
38,23,281,299
34,2,258,296
102,8,268,308
54,13,315,310
38,12,325,307
17,14,367,320
18,13,364,311
40,11,335,302
6,7,373,318
7,15,368,304
26,23,355,284
58,18,316,285
21,29,334,273
7,16,367,288
11,43,387,258
28,11,336,296
15,12,360,311
14,-1,360,323
9,29,360,272
14,17,366,297
19,16,357,293
30,25,337,279
13,19,371,318
10,22,384,296
13,20,377,305
10,7,379,334
8,20,364,305
15,8,363,308
19,24,364,301
2,15,401,318
18,6,361,330
12,17,381,311
10,18,371,311
7,21,380,318
14,22,372,314
15,18,371,313
16,24,374,293
21,17,362,310
13,6,367,321
11,16,378,310
6,21,389,308
7,39,382,306
15,12,362,322
12,19,370,317
28,27,352,291
15,17,345,299
12,49,368,251
13,53,366,245
18,34,357,274
21,45,359,269
32,6,302,321
31,15,314,295
3,38,367,248
14,40,357,258
3,30,371,261
9,25,363,283
29,25,342,278
7,32,379,274
18,34,367,257
8,32,377,275
-3,16,396,291
14,20,357,296
7,18,377,290
23,16,351,301
32,15,337,296
12,20,374,277
8,12,372,323
4,11,377,324
24,11,362,315
22,11,365,314
35,17,341,294
5,27,381,284
7,22,393,306
16,25,359,302
11,21,370,286
27,29,333,270
11,29,354,264
6,42,353,277
19,23,341,288
21,25,315,271
18,33,341,258
26,23,327,277
31,25,309,265
6,15,371,302
11,32,381,291
12,16,370,304
12,8,366,320
18,16,358,314
13,13,358,308
13,12,368,300
18,11,346,317
19,8,360,321
12,19,369,294
25,31,362,284
24,14,354,291
13,19,367,293
5,22,377,282
15,19,348,284
20,47,356,242
0,44,376,243
15,41,362,252
1,37,384,247
-12,30,393,281
-13,29,401,275
4,35,381,259
14,27,371,261
23,20,351,297
14,15,364,289
25,14,354,283
19,14,362,306
15,13,361,306
23,10,368,309
13,4,381,335
0,0,387,332
11,11,374,325
32,14,351,328
23,24,354,292
13,31,369,284
10,18,365,291
17,33,370,260
9,52,366,235
4,36,373,263
14,23,371,268
17,27,365,279
18,26,353,285
10,32,365,269
8,30,374,268
17,28,359,263
5,27,387,290
11,34,360,280
20,55,349,245
21,33,350,264
18,30,365,261
15,39,372,286
21,23,348,317
12,38,376,286
24,19,333,298
17,23,369,279
13,35,352,263
14,30,358,269
12,41,373,248
3,32,372,273
0,33,387,261
16,26,350,270
17,7,374,307
14,14,359,305
3,17,372,285
14,13,365,281
4,9,374,313
13,5,373,307
25,16,343,285
11,11,367,321
12,15,355,304
50,4,320,302
5,25,360,300
13,11,380,333
26,23,345,305
41,11,307,300
17,24,344,275
31,17,308,289
35,11,290,291
52,12,271,283
76,12,244,291
60,4,238,285
64,16,240,267
45,4,262,294
64,13,241,289
100,11,206,288
123,10,159,278
133,10,134,300
136,-14,97,322
210,19,72,332
147,-13,72,344
144,-7,73,340
202,8,70,347
141,-2,69,325
131,5,91,344
140,-2,117,338
125,-4,123,340
122,6,116,302
125,9,112,285
184,52,98,299
127,8,113,282
126,5,99,291
214,58,66,303
142,4,86,282
133,38,79,267
135,5,101,284
213,90,71,272
144,34,76,265
131,31,91,274
140,8,89,294
133,6,104,282
131,36,90,282
137,16,85,282
134,9,97,276
131,1,110,289
135,6,106,290
138,6,89,300
142,11,85,287
139,11,93,287
138,0,94,292
136,39,94,301
145,4,79,317
142,6,86,290
133,24,99,314
149,-2,71,330
145,6,78,300
141,6,88,295
148,2,73,305
145,2,81,306
142,4,88,301
150,-2,71,309
148,-4,75,318
139,-8,94,353
144,-3,82,319
146,-2,77,322
149,-4,76,330
148,-9,73,358
153,-15,65,358
149,-9,68,345
205,10,81,349
148,-22,93,372
150,-10,136,377
149,19,146,344
120,-13,174,364
135,19,161,330
156,46,134,308
159,38,127,313
135,6,155,317
157,39,122,323
130,1,143,356
140,25,147,325
150,42,131,309
141,25,133,325
145,32,115,321
140,35,112,317
133,29,116,327
132,14,99,332
120,25,106,328
105,9,140,350
107,3,121,356
85,-1,150,355
83,5,146,344
75,11,142,351
63,11,156,346
57,6,168,354
49,0,177,349
31,5,199,353
28,6,219,342
22,2,242,343
10,6,260,327
15,11,255,312
13,4,255,317
15,5,256,348
13,1,244,352
5,6,273,347
7,3,278,327
16,13,264,330
4,8,272,330
5,1,273,350
9,17,282,323
14,-1,257,349
2,15,269,314
-8,7,293,338
3,34,301,296
0,32,343,288
2,20,333,320
-6,22,377,315
-13,25,407,332
-11,21,391,325
-2,34,362,307
6,18,327,314
-7,24,369,307
-8,31,398,311
5,23,332,314
0,17,359,322
-2,24,336,303
-6,30,351,294
-12,26,380,300
-7,27,379,305
3,10,327,334
4,10,310,326
3,8,304,325
1,9,311,308
-1,6,335,338
28,15,275,312
4,7,305,321
3,7,313,330
12,-3,276,350
29,3,257,307
30,-3,242,327
35,-5,206,343
36,2,223,318
29,3,250,313
36,-8,210,335
51,-2,222,321
58,0,190,336
61,1,165,304
56,11,184,323
60,1,196,290
64,2,191,292
68,5,183,297
78,-3,137,308
181,14,96,287
97,1,100,292
91,-6,112,299
90,2,117,328
85,-14,116,339
76,-3,134,356
182,8,100,348
92,-4,113,338
92,-7,115,354
89,-12,114,368
87,-15,118,374
87,-12,125,374
90,-17,114,382
80,-17,127,374
86,-7,128,370
91,-7,132,356
102,-16,99,381
109,-14,95,371
105,-10,105,367
108,-8,95,358
142,8,116,348
132,1,130,349
118,-8,153,370
118,12,158,339
125,2,145,349
126,-13,148,362
126,0,156,335
130,8,156,308
126,17,163,311
124,22,171,279
126,7,164,314
125,5,174,290
115,3,178,311
112,-9,161,364
113,-15,128,356
113,-9,124,359
118,-20,120,378
128,-12,97,370
170,-15,102,359
139,-12,97,371
125,-5,102,358
117,-10,106,354
108,-16,124,369
98,-20,121,377
103,-13,126,362
91,-15,129,362
86,-13,129,373
79,-10,160,368
69,-7,152,363
71,-8,170,360
75,-9,167,363
68,-15,173,367
63,-9,183,355
61,-11,203,359
60,-13,198,350
58,-2,206,334
55,-5,229,321
78,-3,186,301
66,7,217,266
74,0,188,295
72,1,193,286
69,4,196,274
79,6,168,264
82,1,184,297
82,-3,167,316
106,-4,127,360
100,-13,140,375
94,-9,143,370
98,-3,151,345
95,-2,151,362
99,0,147,355
83,-3,169,356
94,-10,162,367
92,-3,155,356
101,-1,150,352
105,-4,144,339
103,-2,152,313
106,-5,149,339
110,-4,146,325
106,0,157,295
109,2,155,301
112,2,153,293
112,0,148,282
110,5,152,313
76,6,189,294
97,6,159,279
101,4,145,277
98,9,149,276
100,8,141,283
96,4,135,302
89,2,148,287
82,-1,155,283
87,3,147,298
89,0,138,281
82,10,149,261
93,8,138,282
98,8,133,270
100,3,129,291
102,1,130,289
102,1,134,272
104,7,133,288
100,9,144,282
96,8,153,287
96,6,160,279
81,9,180,271
88,13,183,271
88,4,182,286
81,2,182,302
76,-7,181,357
80,-7,171,352
82,-4,165,357
90,-1,154,356
82,-6,155,360
77,-8,157,365
72,0,171,336
78,-3,165,346
70,-1,176,342
54,0,191,357
62,-10,178,363
50,0,196,331
50,1,201,335
57,-5,191,365
87,0,156,321
68,0,181,345
74,0,159,360
83,4,169,352
82,7,164,329
94,9,170,303
75,12,188,327
59,-3,207,344
48,5,235,343
35,7,248,345
25,3,263,348
15,3,284,359
11,3,313,356
19,30,310,311
20,27,335,310
32,17,283,305
42,3,268,355
36,19,291,337
31,13,315,342
24,8,307,347
11,14,354,336
28,2,305,362
11,16,357,326
12,20,339,333
18,10,328,349
1,12,378,336
15,9,350,352
14,14,365,358
33,15,319,347
20,10,339,355
6,15,347,347
16,17,375,346
19,12,320,340
19,7,338,357
44,38,299,320
47,2,286,362
67,-1,257,360
96,14,202,319
86,-7,190,368
96,4,167,370
92,-3,166,333
98,-11,151,340
96,-10,162,323
95,-12,155,367
93,-13,146,365
98,-17,141,351
94,-17,132,361
97,-11,131,361
81,-17,145,376
93,-20,141,375
81,-17,140,388
81,-11,147,354
86,-17,125,383
86,-15,136,358
79,-11,149,370
73,-15,157,368
79,-18,157,365
76,-13,140,365
93,-9,124,363
100,-7,107,366
97,-5,110,360
91,-11,119,375
75,-15,145,347
75,-10,150,362
89,-16,127,372
73,-12,152,367
49,-13,187,373
56,-19,170,379
63,-17,168,374
55,-14,176,373
58,-7,163,361
50,-7,178,370
61,-9,169,374
66,-5,142,374
60,-5,162,365
65,-2,164,363
52,-5,164,362
64,-10,158,361
59,-5,161,354
51,-8,171,375
39,-10,197,361
56,-5,173,325
71,-3,157,313
73,-8,154,312
73,-5,150,345
73,-13,149,339
76,-10,144,319
79,-8,144,296
73,-1,152,307
95,-7,126,322
114,-8,105,304
32,59,106,297
103,-9,93,314
116,11,96,328
136,-21,86,351
56,33,104,334
54,51,125,296
43,9,175,333
23,1,202,346
57,5,175,321
62,8,175,326
62,1,178,295
52,18,198,305
76,8,178,316
113,0,148,351
83,16,183,336
97,2,163,364
107,13,176,348
118,-2,161,358
122,2,152,344
129,-5,117,353
128,-10,105,344
146,-13,75,345
131,-15,93,308
143,48,93,307
137,-3,95,300
136,-6,92,279
150,39,82,297
141,-8,91,285
143,3,95,323
150,1,86,356
148,-15,92,366
147,-14,88,364
160,-12,67,362
198,-17,97,334
159,-14,72,342
157,-15,81,355
160,-23,72,368
159,-27,75,371
163,-29,68,378
162,-26,76,366
159,-26,82,380
159,-16,90,359
153,-15,128,343
155,-11,131,330
153,-16,138,344
132,-24,162,374
145,-24,144,348
92,-21,197,345
126,-22,159,351
134,-18,145,325
137,-16,138,319
132,-15,126,326
129,-11,135,327
129,-12,136,321
120,-14,138,330
114,-8,140,307
116,-12,135,328
108,-13,139,319
116,-15,129,343
100,-19,153,336
82,-24,172,366
106,-18,140,355
69,-10,181,314
59,-8,199,312
56,-7,198,320
61,-1,188,297
70,-5,177,305
74,-5,174,298
69,-11,183,307
73,-6,177,297
55,-7,196,305
59,-6,197,308
74,-10,174,320
53,-7,201,317
55,-8,200,318
64,-2,186,297
76,-2,176,297
67,-8,191,304
66,-9,190,309
82,-1,177,294
85,-7,167,307
94,-12,161,351
102,-13,154,333
97,-9,156,313
116,-10,136,316
110,-9,148,304
116,-8,138,309
122,-4,133,293
124,-5,131,304
123,-12,135,319
122,-11,134,334
124,-9,137,311
127,-11,134,316
126,-8,132,307
126,-9,135,307
125,-4,136,316
124,-5,140,334
118,-8,141,323
122,-8,135,334
118,-12,138,350
110,-5,149,323
104,-8,153,311
99,-10,159,302
90,-6,169,317
80,-18,179,333
80,-12,174,318
69,-4,188,304
64,-10,187,309
68,-2,191,306
67,1,187,306
66,-7,192,316
60,-5,188,307
54,-3,196,302
57,-1,190,298
60,0,187,294
52,2,191,291
52,6,194,285
50,-1,186,301
48,-2,194,312
53,1,202,285
53,5,197,291
51,3,199,290
44,0,197,310
53,5,206,279
56,3,201,292
60,6,199,276
71,-2,183,292
70,2,168,285
59,-1,190,287
60,0,194,292
54,0,205,291
55,3,199,290
69,0,186,300
68,-1,173,299
59,0,192,294
66,1,183,291
68,1,176,296
57,0,199,288
40,3,212,294
23,9,231,296
32,8,220,284
37,11,213,281
42,8,209,294
24,7,215,290
31,8,210,283
37,6,216,284
39,4,206,307
41,7,200,303
27,-1,222,310
33,12,208,308
27,5,226,318
20,3,236,342
21,0,233,353
36,0,215,330
39,12,224,288
34,11,228,293
42,0,229,310
48,3,217,326
57,5,221,294
51,9,219,275
62,7,213,292
74,17,206,267
75,8,198,288
70,13,208,276
64,3,217,321
79,7,199,306
71,4,213,285
87,4,195,292
96,6,182,286
111,4,173,280
118,5,159,273
129,8,147,267
122,11,159,294
121,3,158,302
126,4,154,292
130,2,154,301
131,1,153,299
127,5,161,320
128,1,167,305
134,6,155,270
125,11,164,292
133,8,154,270
133,13,156,268
133,16,156,267
125,11,165,274
134,3,151,314
140,14,142,264
143,8,138,288
136,15,150,267
137,5,148,273
137,6,145,273
137,-1,142,308
132,0,153,352
131,2,150,349
132,1,145,329
127,12,157,319
147,3,130,271
129,8,155,280
122,11,160,280
129,8,157,278
130,4,156,279
136,8,161,268
125,5,174,270
127,2,175,273
118,5,191,274
121,4,191,280
110,3,198,290
84,1,218,305
82,1,228,286
91,0,214,291
105,3,192,291
93,0,202,300
95,-1,219,289
97,0,188,303
89,7,194,299
96,8,182,297
108,6,161,284
111,-2,155,291
110,4,153,278
112,2,149,295
118,4,137,282
119,0,131,298
118,0,140,304
111,-4,145,298
114,4,150,285
113,-4,154,297
116,3,143,300
119,0,145,292
119,-5,147,304
123,-1,144,288
128,-1,137,300
125,-1,133,306
125,0,136,306
125,0,142,291
130,0,134,299
129,-1,137,294
127,0,146,300
132,-6,138,306
130,0,149,288
132,6,147,275
119,9,159,288
123,2,155,294
136,3,138,282
133,8,145,274
121,9,157,289
128,6,148,284
135,3,140,291
137,0,138,283
119,8,159,291
120,6,162,302
126,2,152,303
127,3,151,290
129,7,147,282
128,3,149,283
127,7,146,276
127,3,142,296
128,11,142,277
123,1,149,292
125,11,149,275
127,2,147,282
127,5,143,297
130,6,143,284
133,6,137,274
131,-4,139,306
129,-7,144,303
124,-5,150,306
126,-3,152,294
133,-1,142,283
125,-3,156,306
127,-3,151,293
124,-4,154,300
124,-5,157,304
124,-2,157,287
126,0,155,286
123,-5,153,296
128,4,147,277
128,1,154,294
126,-1,155,293
127,3,155,286
131,1,152,282
132,7,146,277
112,9,177,270
117,13,168,272
106,14,196,267
81,25,228,244
61,18,248,266
52,15,273,264
39,17,278,276
33,15,273,292
29,23,285,300
23,19,295,273
15,21,287,294
13,13,283,318
7,8,286,290
13,12,276,308
7,10,267,303
19,5,260,324
10,3,248,325
4,17,271,292
13,13,243,298
14,12,247,289
17,17,239,289
20,19,233,296
22,18,222,288
25,23,216,307
31,11,210,327
42,1,193,321
49,11,182,285
70,4,162,330
76,1,161,316
84,-3,156,320
83,-3,160,345
82,-4,163,351
87,-6,160,346
87,-9,159,349
91,-3,156,304
89,2,161,288
67,-5,183,287
76,-4,173,290
77,0,175,282
80,9,172,275
94,-3,153,295
105,0,145,286
94,-8,157,312
77,-7,180,302
79,-2,173,292
69,4,188,284
68,4,188,280
75,-1,177,300
71,-9,184,304
68,-3,185,295
78,1,177,281
81,-5,173,294
76,1,182,289
79,-1,176,298
78,-3,175,301
74,2,182,297
76,0,178,322
70,0,193,299
65,2,207,320
56,-5,204,358
52,-4,214,343
44,-4,217,349
32,-3,248,357
25,-6,259,355
20,0,273,348
22,6,310,330
15,3,293,349
6,0,316,332
9,8,330,321
20,-8,284,358
12,4,302,351
4,2,316,336
-2,3,338,346
-8,10,337,338
20,-15,293,351
26,-7,273,359
36,2,277,323
20,-8,291,357
19,-4,286,338
8,-2,310,360
18,8,305,339
18,6,307,320
21,0,317,363
42,6,281,339
66,4,249,331
99,9,211,280
117,9,189,268
114,5,182,282
133,12,161,263
126,13,175,266
119,16,182,265
110,7,189,281
131,26,164,244
130,32,172,240
129,23,171,252
114,56,188,213
120,44,186,224
124,60,171,199
127,67,174,177
125,79,176,153
131,93,173,125
127,84,173,123
127,90,171,130
127,87,169,135
127,88,168,128
129,82,165,141
144,91,147,138
120,85,171,138
133,89,160,139
136,89,155,133
142,80,147,140
143,92,149,129
126,77,164,147
134,79,156,142
130,89,163,123
127,80,164,142
138,90,147,133
131,76,156,151
140,62,144,172
128,63,157,179
135,54,145,199
123,51,161,206
127,26,151,235
136,14,137,258
123,26,157,240
122,16,152,261
124,16,149,249
134,5,136,267
136,23,131,254
128,31,142,248
130,24,136,237
131,43,138,224
139,28,127,239
138,22,130,245
131,16,133,256
142,15,119,264
146,12,120,256
145,10,123,266
140,4,132,264
137,6,138,260
145,8,126,263
140,23,134,250
137,14,142,248
133,0,146,268
133,9,146,256
128,70,151,258
137,8,144,259
135,73,143,256
139,6,144,259
122,37,162,309
129,16,154,322
142,5,140,354
136,-9,149,372
149,0,134,359
143,-6,146,351
144,-1,138,359
142,-2,141,361
143,4,143,336
149,8,135,340
154,1,125,357
152,-6,123,362
133,-6,151,365
140,-7,144,335
122,15,158,348
137,15,147,342
128,2,149,324
129,0,146,317
117,8,155,339
115,10,149,353
101,-12,161,374
103,13,139,348
94,-7,152,370
70,3,171,352
54,0,200,340
53,5,199,330
35,3,216,349
32,-7,211,364
43,-3,203,371
42,-11,211,368
23,-1,234,327
34,-4,215,353
40,-2,207,333
30,-8,215,349
24,-6,227,355
23,-12,225,359
36,-6,205,352
30,-4,214,349
27,-8,218,352
17,-10,228,350
43,-10,191,349
40,-1,195,337
38,-11,195,350
28,-7,207,345
34,-4,195,347
29,-6,203,350
33,-3,197,332
42,-2,187,334
35,-10,193,350
33,-2,197,338
32,-5,192,338
16,-5,209,357
35,-2,190,334
31,3,196,330
36,-5,183,347
34,0,180,339
34,1,184,338
40,-5,168,351
35,0,181,342
43,-8,166,352
51,-4,156,354
45,-7,165,340
54,-6,154,326
55,-6,156,313
42,-11,169,356
38,-13,178,378
58,-9,154,375
45,-8,170,365
38,-9,186,375
43,-3,181,379
31,0,200,376
44,-4,184,364
37,-5,192,367
31,-5,201,362
39,-5,197,335
46,5,193,326
60,4,177,307
86,4,151,270
88,6,149,278
68,4,176,277
45,0,203,279
41,6,202,289
41,3,198,338
29,-3,219,334
28,0,221,328
34,6,211,347
29,1,215,346
23,-5,225,341
30,-2,210,349
39,-6,200,361
31,-2,207,364
25,-4,215,343
20,3,223,330
29,3,203,349
27,-8,201,356
34,-3,195,339
27,-5,197,329
27,-5,198,346
32,-11,188,353
17,-1,209,324
22,0,200,342
31,0,185,344
21,-8,193,356
18,6,204,336
26,-7,190,361
20,0,203,347
24,-4,191,335
10,1,205,333
16,7,196,320
19,-1,187,350
22,0,190,362
19,-4,192,343
9,-10,201,365
18,-2,189,358
18,-6,188,372
19,-14,184,368
17,3,185,343
21,-9,180,349
23,0,179,336
24,-10,178,354
17,-5,190,345
23,-16,181,366
13,2,196,364
18,-5,186,365
21,-3,177,360
17,11,189,350
36,-8,167,362
24,0,177,337
28,0,173,351
24,-4,176,358
27,-2,177,347
23,-7,179,352
22,-11,185,372
26,-4,179,362
24,-4,178,368
34,-3,170,356
20,-5,181,358
27,-10,177,368
27,-12,176,371
25,-8,177,357
24,-11,183,375
30,-3,180,365
30,-6,182,360
32,-4,180,355
29,-3,187,327
30,-6,182,347
24,-2,194,338
28,-7,189,356
31,0,184,327
32,-7,176,340
42,-7,167,377
41,0,170,362
38,1,174,349
40,-4,168,360
43,0,167,353
40,-2,166,361
39,4,163,357
46,6,162,357
57,3,148,358
57,0,153,358
70,3,141,364
68,6,146,362
60,16,160,349
58,12,166,351
50,9,178,361
69,16,158,352
59,11,175,356
65,8,171,360
76,20,157,343
66,19,172,326
57,9,186,346
55,19,191,348
65,22,178,333
67,20,173,349
49,9,197,359
56,13,186,350
63,-1,175,378
56,3,189,358
48,7,197,359
43,-5,202,363
46,0,201,367
42,3,207,353
43,7,205,362
57,0,185,316
54,7,190,302
52,7,191,299
56,5,187,307
60,4,175,297
64,6,185,295
53,0,190,302
67,-7,173,318
66,-1,175,309
66,-2,173,305
59,-3,185,305
60,1,185,302
49,-1,190,314
53,0,183,293
53,0,180,293
58,0,179,298
47,2,196,292
43,1,208,298
45,0,200,295
44,-1,199,323
44,-3,196,325
43,3,199,334
35,0,206,325
45,8,188,305
38,2,197,309
46,0,189,313
43,0,190,318
41,-7,188,347
41,-6,186,337
29,-2,202,329
35,0,186,351
37,-4,178,345
30,-13,185,362
37,-21,171,381
44,3,161,345
40,-3,165,331
29,-11,178,360
27,-8,175,360
22,-11,180,364
27,-8,179,360
30,-7,171,360
26,-13,179,368
29,-5,170,358
39,-8,157,358
38,-11,161,359
28,-12,176,364
33,-5,171,358
32,-4,169,359
26,-6,182,350
26,-1,181,343
29,-5,178,348
33,-5,171,350
23,-7,184,353
22,3,185,322
30,-6,173,353
30,-3,176,346
21,-6,187,354
19,-7,184,356
14,13,187,338
16,11,184,341
19,11,178,357
17,15,173,338
16,22,177,326
16,27,176,327
13,37,175,312
11,34,185,322
10,20,188,324
11,37,186,299
6,40,207,295
11,66,190,280
0,86,216,249
22,39,187,278
12,55,191,296
11,54,196,296
28,3,195,317
16,22,205,327
19,9,196,337
32,14,180,342
26,5,186,362
9,56,209,305
25,8,191,345
24,-3,194,360
25,6,190,349
28,-1,188,353
21,5,192,347
29,-7,183,367
26,-8,187,353
22,2,191,356
22,-5,195,357
32,-10,185,365
27,-13,197,367
18,4,204,347
19,-4,204,347
28,3,188,353
29,-1,188,344
33,-10,184,377
33,-6,188,372
31,-9,190,356
21,0,203,343
7,13,218,324
21,9,197,342
22,12,203,341
38,6,180,347
24,-4,201,370
35,5,187,360
40,10,176,343
33,5,188,356
14,6,209,334
23,4,199,354
19,13,204,333
28,0,195,351
32,3,193,345
32,6,194,350
39,8,190,355
21,11,212,356
25,16,218,343
16,12,230,342
17,27,231,323
14,32,237,324
12,17,254,348
7,29,266,322
-2,79,271,270
2,66,273,277
6,66,267,265
2,74,282,252
-4,77,296,250
0,81,291,246
-2,94,292,230
-6,87,303,234
-5,85,309,233
-3,87,301,246
4,88,288,246
-2,90,299,236
-3,91,294,235
-9,93,294,248
-1,87,294,263
-6,79,300,264
-5,71,299,267
-1,73,286,260
-8,70,305,249
5,70,296,238
1,70,283,246
-4,65,294,273
0,46,282,288
29,38,260,259
11,28,272,295
12,22,260,303
8,13,267,319
18,0,257,350
9,4,259,353
18,0,239,357
19,9,238,355
25,-4,233,357
11,2,249,348
43,12,212,339
20,1,243,343
26,8,231,323
25,8,229,315
32,1,227,320
31,-1,221,330
36,6,226,318
41,1,192,332
32,-10,210,332
35,-9,214,348
51,-16,159,354
65,-12,150,315
59,-11,151,345
46,-12,174,336
31,-11,193,346
28,-8,185,366
26,-7,182,346
15,-2,231,321
19,-3,218,356
27,-3,191,341
16,-16,199,364
18,-9,204,374
23,-4,199,354
14,3,232,319
24,-7,195,337
19,1,211,324
16,-4,223,335
21,-7,209,348
16,-1,219,335
24,6,205,290
15,3,221,301
22,-4,204,338
18,-6,205,339
23,-12,197,345
22,-3,197,343
18,-12,205,340
23,-4,204,334
14,-3,212,325
18,-9,203,356
18,-6,208,329
23,-6,199,339
23,-8,193,323
26,-10,195,325
21,-4,201,311
21,-8,203,318
16,-6,209,343
10,-8,219,362
12,-14,213,358
26,-10,199,341
23,-8,209,330
23,-10,206,335
23,-5,202,318
25,-4,197,338
7,-9,212,337
7,1,222,319
17,-3,218,325
14,-10,211,354
13,-4,234,333
9,8,252,313
22,-4,207,328
39,-11,144,353
20,-15,174,371
24,-16,176,349
26,-12,171,362
16,-12,176,362
26,-15,168,358
27,-19,165,357
21,-15,177,349
19,-9,181,351
19,-12,183,358
21,-14,182,332
23,-8,172,364
26,-8,166,328
31,-16,159,361
16,-12,161,356
18,-9,171,347
23,-8,166,347
25,-15,165,353
27,-11,162,351
28,-21,160,361
29,-17,159,337
23,-8,180,308
21,-3,169,334
27,-18,150,362
27,-19,151,365
21,-19,164,378
25,-17,158,368
22,-16,170,369
11,-10,215,332
10,-6,250,351
14,-3,240,323
14,-2,236,317
16,1,247,295
12,7,235,296
15,1,243,306
24,-2,204,317
18,0,216,332
18,-3,207,353
33,-20,156,384
15,-9,205,334
27,-5,193,323
14,-5,215,332
12,-14,207,357
27,-6,189,357
25,-19,193,375
22,-9,207,327
19,0,215,315
15,0,224,290
6,6,248,286
13,0,214,309
27,1,224,332
11,4,227,288
21,-1,235,300
31,-3,199,313
16,-2,232,337
22,0,224,325
26,0,224,298
16,1,221,314
19,2,236,307
23,-4,220,312
23,3,237,282
14,0,236,294
17,-7,239,334
29,-2,224,325
15,-9,236,361
19,-11,227,360
33,-10,180,362
34,-17,165,334
25,-22,211,384
28,-7,203,362
32,-8,179,345
39,-10,194,318
29,-6,231,333
24,-5,208,339
25,-9,214,352
24,-8,220,364
34,-19,179,376
16,-18,233,363
27,-14,214,347
15,-7,221,335
7,-4,237,334
19,0,211,333
13,-5,236,324
24,-2,210,326
19,-7,196,344
25,-8,178,348
26,-16,162,370
25,-19,164,358
27,-17,160,340
20,-18,172,363
28,-22,161,368
31,-19,154,365
27,-20,154,361
34,-14,149,350
36,-17,146,339
31,-8,151,319
23,-14,161,321
28,-20,157,352
21,-12,165,325
32,-15,153,320
29,-8,156,341
24,-16,159,361
31,-14,158,357
30,-17,164,369
32,-19,152,352
28,-8,157,322
25,-12,152,326
32,-9,146,302
45,-15,131,342
32,-15,140,361
21,-10,166,335
36,-13,134,353
30,-11,150,349
25,-16,161,344
32,-19,145,363
29,-20,156,369
36,-19,156,367
35,-17,145,352
17,-12,181,368
24,-1,201,333
37,-9,154,333
19,-10,196,358
27,-2,176,314
23,-9,209,352
10,0,226,339
4,6,240,309
14,-5,205,358
3,2,244,317
11,0,231,306
2,10,249,327
0,8,234,332
7,11,243,336
2,5,238,335
5,12,261,322
0,8,273,302
7,5,223,333
9,20,200,295
14,11,204,300
10,10,239,294
3,5,226,312
21,15,157,331
12,5,190,356
20,10,168,331
20,3,170,348
19,9,181,288
12,23,201,276
20,37,184,252
20,71,180,217
18,80,174,213
35,76,156,195
38,77,147,200
28,80,165,201
38,69,144,234
48,71,128,212
44,28,145,254
44,9,119,275
42,15,145,287
35,5,171,286
22,1,206,307
23,25,179,282
25,6,187,286
22,-1,182,346
17,-1,208,348
32,24,153,303
33,12,145,312
33,16,131,293
30,12,138,315
23,22,156,333
11,22,195,322
11,2,208,325
19,25,166,310
13,-8,199,345
12,0,210,352
9,1,196,359
4,0,214,348
7,3,205,328
10,19,177,286
15,52,135,251
14,76,128,219
17,78,124,220
15,67,128,233
15,72,129,226
18,79,123,220
19,88,121,208
21,79,116,222
23,74,115,226
24,85,115,215
23,76,114,218
24,79,113,227
26,76,112,222
23,78,113,234
23,82,114,219
23,87,117,209
25,89,115,210
19,82,125,219
25,74,116,231
24,85,120,222
25,78,119,218
24,81,118,222
24,78,118,224
20,78,122,225
25,78,118,217
13,80,131,224
14,80,130,215
20,84,121,215
18,78,121,216
18,63,120,231
26,67,112,222
23,72,118,220
26,63,112,230
25,73,113,225
23,76,116,225
22,77,120,218
24,77,117,215
22,77,120,210
23,71,123,216
26,74,118,213
13,72,131,231
19,75,120,227
11,68,130,228
16,73,126,229
14,65,126,232
25,92,110,201
14,84,127,209
19,96,124,199
16,85,125,210
25,82,111,214
19,78,118,223
18,89,113,200
18,92,121,212
22,89,111,209
20,81,109,212
22,88,114,215
17,85,119,209
23,87,110,203
11,75,134,230
17,86,122,228
20,75,122,228
18,79,129,232
19,87,126,218
23,94,127,204
22,86,150,220
19,86,159,235
20,80,158,242
25,82,164,269
44,26,136,316
39,24,147,322
47,2,142,366
60,-1,137,362
59,4,183,344
50,13,202,347
33,11,226,342
35,16,222,297
23,35,224,291
36,16,203,329
50,7,185,362
59,8,178,349
60,5,175,333
37,14,192,333
48,3,176,345
49,-3,180,363
34,9,194,345
31,11,195,322
32,0,204,326
23,10,209,323
21,11,211,309
13,61,237,265
4,93,248,203
8,105,249,174
0,105,259,181
2,114,256,166
2,108,250,172
13,113,231,164
23,108,207,171
0,108,241,169
4,117,234,162
8,116,224,172
17,111,217,177
27,112,195,169
32,96,191,186
40,105,167,177
52,90,159,207
57,82,153,204
61,78,158,229
70,80,150,224
75,80,147,214
78,87,159,185
67,89,178,192
43,84,223,179
23,95,254,167
6,106,284,156
8,108,286,167
3,107,296,158
-9,104,309,169
0,106,320,167
-8,81,309,198
-8,60,310,224
-9,82,331,189
-18,67,333,212
-19,70,348,209
-22,48,343,242
-14,29,297,293
-5,20,255,286
2,-1,223,339
1,-4,199,347
3,-3,238,344
0,-2,225,338
0,2,241,328
-6,7,264,298
2,5,244,316
4,1,237,311
5,-1,218,348
8,0,218,330
8,4,234,316
9,31,178,307
13,35,148,307
23,5,151,345
21,1,160,358
21,3,163,354
25,-1,162,361
24,28,165,330
19,22,195,336
22,7,213,336
30,6,205,346
34,9,202,353
37,-4,199,354
46,1,193,345
52,2,188,355
66,6,177,335
56,11,192,323
73,27,187,305
55,25,209,310
51,11,218,324
48,28,227,313
35,34,234,291
33,10,271,334
13,39,261,297
11,46,282,277
6,66,302,265
-1,87,321,214
-1,91,302,198
3,101,285,174
-3,107,309,169
-11,96,319,184
-5,107,329,169
-15,105,323,177
-7,103,312,182
-13,106,321,177
-7,111,305,160
-1,114,310,177
1,111,295,174
-6,114,299,175
10,118,276,164
30,106,256,193
49,118,233,161
48,118,237,174
56,117,224,180
64,117,206,183
85,122,179,175
99,113,158,206
120,120,141,207
113,114,138,230
70,60,168,255
87,82,145,243
93,101,142,226
86,102,159,206
81,103,158,199
76,101,163,238
63,59,171,261
58,77,188,267
64,70,156,279
51,60,162,295
54,34,157,313
59,-1,148,351
50,-7,157,374
49,0,152,355
39,7,161,350
34,20,162,340
32,-4,166,369
27,-3,176,365
27,-5,169,375
28,-10,171,384
29,-3,159,375
20,2,176,363
23,2,168,351
14,2,180,361
7,0,182,347
15,11,175,347
11,2,179,358
14,2,179,363
7,10,188,340
10,5,184,351
13,-3,178,356
19,-7,178,350
28,-14,152,362
27,-5,154,359
31,-7,155,359
29,-11,144,335
24,-6,154,335
29,-1,146,317
17,-8,165,360
18,-7,149,345
9,-14,158,365
19,-13,152,341
12,-3,154,350
18,-9,151,350
26,-6,147,333
26,-8,145,322
26,-9,139,343
31,-9,137,352
19,-3,160,336
20,-9,161,338
26,-14,138,364
28,-11,144,359
32,-15,144,379
27,-20,130,366
36,-10,133,361
26,-14,146,356
26,-14,159,350
27,-6,147,331
33,-5,145,312
29,21,140,327
37,-4,137,363
19,-7,166,344
21,-14,172,335
36,-9,144,318
22,1,153,328
23,3,163,306
34,0,153,300
41,3,148,306
39,-6,149,340
32,4,156,357
40,-3,148,317
50,-2,145,297
46,-5,147,312
32,2,172,316
48,1,151,316
45,-2,158,335
61,-1,151,285
58,9,145,278
68,-1,139,291
67,6,130,289
80,3,125,286
43,28,152,311
58,5,148,321
72,3,153,282
47,32,149,325
73,0,134,301
87,15,98,273
31,61,97,263
78,33,115,262
89,24,104,268
78,17,120,270
80,15,117,276
35,46,159,301
67,23,129,304
58,13,132,341
64,14,134,318
70,15,122,323
70,11,126,306
46,14,161,290
