289,184,17,21
290,185,16,17
292,186,17,15
293,186,16,15
293,186,16,16
293,185,16,17
295,185,16,18
297,187,14,17
297,188,14,14
296,188,15,13
296,186,17,15
297,187,17,12
297,185,18,14
298,185,16,14
297,187,17,15
297,188,18,16
298,186,19,17
298,184,20,17
304,180,17,19
309,177,16,18
307,182,19,16
309,182,19,17
310,180,19,17
310,180,19,18
313,183,19,18
312,186,21,17
316,184,20,17
322,185,17,16
320,184,20,17
323,186,19,15
322,191,19,15
324,194,20,14
329,194,18,15
333,194,16,15
335,198,18,14
338,198,17,17
341,199,18,17
338,199,22,17
344,199,18,15
344,199,18,17
349,198,16,16
346,202,18,14
345,201,20,16
344,201,21,15
351,197,17,14
351,196,15,17
350,196,17,18
348,194,20,17
348,191,20,15
347,189,21,15
350,186,18,14
350,183,17,15
349,180,18,17
348,177,21,17
348,178,22,14
352,178,20,13
353,177,19,16
352,179,21,17
350,181,24,18
350,182,25,18
351,186,22,17
352,186,22,16
352,186,21,18
353,187,19,18
351,192,19,16
352,194,18,14
352,196,18,16
351,196,20,17
355,193,19,20
353,192,21,18
353,189,23,20
353,186,25,19
354,185,25,18
360,181,21,18
363,177,19,16
364,176,19,16
361,178,22,16
360,179,19,18
360,181,19,15
361,182,17,14
361,182,17,17
360,185,19,17
359,183,22,16
366,179,18,18
367,180,17,16
369,180,17,18
368,180,20,19
372,181,20,17
370,178,23,20
375,172,23,21
379,169,21,18
379,169,22,17
377,166,25,18
380,160,22,19
380,154,23,19
386,150,19,18
387,150,18,17
386,151,20,18
386,157,19,16
385,160,21,17
389,160,19,17
389,163,18,16
388,164,20,16
387,166,19,18
387,168,19,17
386,172,17,16
385,172,20,15
383,173,22,18
384,176,19,18
385,177,20,16
385,176,17,16
383,177,19,14
382,178,18,13
381,181,17,14
385,180,15,14
383,179,18,14
383,178,19,16
382,178,21,15
382,178,22,15
384,179,19,16
384,179,19,15
386,181,19,14
385,184,18,15
385,187,19,16
386,190,18,17
386,192,17,17
389,193,16,13
388,192,19,16
390,194,17,13
390,194,18,14
389,199,18,13
394,198,16,15
392,199,18,13
390,200,21,15
391,200,20,17
394,201,19,15
395,201,18,16
394,203,19,15
400,204,16,13
399,206,17,14
403,207,16,12
400,211,18,11
404,211,18,13
403,213,20,14
402,215,22,14
408,216,19,12
406,218,20,13
407,220,20,16
407,223,18,16
405,225,21,17
406,228,18,15
406,228,19,15
404,229,22,16
405,231,21,16
404,234,21,16
404,240,21,16
404,239,20,17
404,238,21,15
408,234,19,17
408,233,18,18
407,235,18,16
409,236,18,17
409,236,18,15
409,236,18,15
412,233,15,15
410,234,18,15
407,234,20,13
410,233,19,15
409,237,20,15
415,238,16,13
414,238,19,15
417,236,16,15
418,237,18,15
422,238,16,14
424,237,15,15
423,240,16,15
422,244,18,15
426,245,15,13
426,246,17,13
424,247,19,14
423,247,19,17
423,249,20,17
425,249,19,17
430,249,16,14
430,249,17,14
430,251,16,15
429,251,17,16
430,251,16,15
431,248,15,14
431,247,15,16
429,246,16,17
429,247,17,15
430,248,15,16
431,247,18,17
429,249,19,18
428,250,20,18
429,251,21,18
429,253,21,16
429,251,23,19
429,251,24,18
429,251,24,17
432,250,25,17
435,250,26,17
435,249,28,18
440,250,26,18
439,248,27,19
444,247,30,19
444,245,30,20
450,245,26,18
448,245,28,18
447,244,31,21
448,248,29,22
452,249,32,20
453,249,31,18
453,248,30,21
456,250,29,20
458,250,28,21
461,251,28,20
462,253,26,21
464,255,26,17
464,254,28,16
465,253,26,16
468,253,24,17
468,252,24,19
468,252,26,19
471,251,25,21
471,251,26,20
473,251,24,18
471,249,26,19
475,249,24,18
482,249,20,16
484,249,19,16
485,249,19,18
485,249,20,17
484,248,23,19
485,248,23,18
488,248,22,17
488,247,23,20
489,249,27,19
489,248,26,20
493,250,21,18
492,250,23,17
492,249,24,18
492,248,27,18
499,249,25,18
502,249,24,19
508,250,20,20
507,248,23,22
513,250,21,17
512,250,24,18
513,250,25,20
513,249,29,21
514,247,32,25
515,248,32,25
516,248,33,22
520,247,28,21
520,247,28,20
522,246,26,18
524,242,24,21
524,239,26,23
527,240,22,21
529,239,22,25
530,241,21,25
529,242,21,25
528,244,22,22
528,244,23,22
527,244,25,24
531,244,24,26
536,243,20,29
538,244,19,27
538,243,20,25
542,243,22,24
544,241,24,22
549,239,22,26
550,237,24,29
553,239,24,29
557,238,21,30
563,245,25,30
569,251,26,29
570,249,26,32
573,253,31,36
566,252,36,41
562,254,40,35
553,258,39,32
552,266,43,29
542,263,50,29
536,263,49,32
531,264,44,30
530,263,38,33
530,263,33,31
521,262,40,26
522,261,40,28
519,258,41,32
512,252,38,25
512,249,40,28
510,247,39,31
508,246,42,32
517,252,42,36
502,241,47,37
504,240,50,39
506,236,53,43
503,235,47,39
498,236,46,34
489,235,50,34
481,236,48,36
471,243,49,37
470,253,47,39
468,257,50,43
454,249,54,37
447,240,53,39
440,233,52,39
432,230,57,39
426,227,51,44
424,230,51,40
421,234,51,39
416,235,53,39
409,237,53,41
399,240,58,41
395,242,58,41
389,241,66,44
388,237,71,51
384,231,76,49
371,230,88,47
359,232,85,52
350,241,81,46
342,249,71,51
324,261,74,51
307,269,67,43
294,284,78,34
286,290,71,37
272,298,73,46
254,302,89,43
235,303,96,45
223,307,90,45
212,313,85,41
196,315,79,41
178,316,77,44
167,316,83,39
155,319,76,40
141,318,78,39
129,318,80,39
133,313,76,41
132,300,82,46
133,284,77,58
116,285,92,52
100,280,99,52
98,276,102,49
101,269,101,47
101,258,93,51
100,255,98,49
88,250,103,39
83,244,101,43
84,242,96,40
81,237,93,43
79,235,94,51
68,237,90,48
70,239,97,47
56,232,99,47
56,230,104,50
43,230,114,51
33,239,105,52
40,238,97,51
26,239,106,51
31,239,106,53
24,243,106,51
14,245,95,56
15,260,91,47
0,263,93,51
6,265,88,51
-3,267,86,49
-3,267,80,51
-2,268,79,52
-5,269,84,49
-7,275,85,49
-4,275,80,39
0,271,73,50
1,259,64,53
9,242,62,53
9,242,62,53
2,240,64,51
2,240,64,51
28,227,66,39
20,214,66,41
25,214,68,38
31,211,74,39
31,205,75,45
32,206,86,44
37,205,85,45
40,203,77,49
48,203,64,47
60,205,57,41
60,198,53,38
64,189,55,35
64,180,60,35
66,175,63,32
84,175,66,35
81,171,63,37
81,171,69,39
79,170,70,37
80,169,68,36
83,169,62,37
83,168,61,37
81,170,53,40
91,181,54,34
87,182,56,35
89,188,46,33
92,190,38,28
96,192,35,25
103,190,30,29
108,181,30,29
106,174,37,29
118,164,30,26
122,155,30,28
123,149,32,28
124,145,28,24
130,147,28,23
133,150,30,19
139,149,29,20
142,149,31,23
140,148,37,23
139,151,34,23
141,151,34,22
151,158,31,21
149,154,32,26
146,154,33,24
144,153,34,19
144,149,31,22
144,144,28,24
144,140,30,24
147,133,35,28
150,132,31,24
152,127,30,25
154,127,25,25
155,127,25,27
157,126,23,27
160,125,21,28
159,125,21,30
159,125,20,30
162,132,16,26
166,141,15,26
168,144,15,26
172,144,18,26
174,144,14,27
177,144,14,25
178,141,14,25
180,138,13,26
183,135,12,29
187,130,13,26
192,122,12,28
194,121,13,29
196,121,14,28
200,127,16,26
205,138,14,23
209,136,12,26
212,140,9,24
210,141,12,26
212,141,11,26
211,143,12,25
214,146,11,22
217,149,12,23
219,147,11,24
218,148,13,23
218,147,13,23
219,149,13,24
220,147,12,25
221,147,12,25
224,149,10,26
228,148,7,28
229,146,7,26
228,142,9,25
228,144,10,24
228,148,11,22
229,148,11,22
229,150,11,22
229,153,12,22
229,153,12,21
229,151,10,24
228,154,12,23
228,156,13,20
227,160,15,19
227,163,14,18
227,164,12,20
226,166,14,18
226,167,12,19
225,166,13,19
223,165,14,21
222,166,16,19
220,166,17,16
218,163,17,16
217,160,16,14
216,156,16,14
214,154,18,16
213,148,18,19
215,144,17,18
214,139,18,18
214,135,15,17
212,133,17,19
208,134,15,17
206,133,17,16
205,130,17,15
206,126,17,14
205,121,18,16
203,121,18,15
202,121,16,14
201,120,14,14
200,120,17,12
200,118,16,12
200,116,17,12
201,114,15,13
200,115,17,13
200,115,16,13
200,114,15,13
199,112,15,13
199,111,16,12
198,110,15,12
197,107,16,13
197,106,17,12
194,101,15,11
197,102,14,10
194,99,14,11
191,98,14,11
188,97,16,12
187,96,17,12
184,96,15,10
184,99,16,10
181,99,14,9
180,97,16,11
179,98,19,11
178,97,17,11
179,99,16,11
178,98,16,11
178,99,15,11
178,98,15,11
178,97,15,12
178,94,16,14
178,95,16,13
180,98,16,12
180,97,17,11
181,95,17,12
181,94,18,11
181,91,16,13
182,88,13,11
183,85,12,11
182,83,12,12
183,84,11,10
183,85,12,10
182,83,12,12
185,84,10,10
185,82,11,12
186,80,12,12
187,79,12,11
189,78,10,11
191,78,11,11
194,77,12,10
197,74,11,11
199,71,10,12
198,71,10,11
198,69,10,13
198,68,10,13
197,69,11,12
197,68,9,11
196,62,9,13
193,58,10,14
191,52,11,13
188,45,10,13
184,39,11,12
182,36,12,13
181,35,13,12
178,28,13,13
174,20,13,14
174,12,11,17
174,7,11,18
169,4,12,16
168,4,12,15
165,6,12,14
165,6,12,15
168,10,12,16
172,13,10,15
174,15,11,14
177,20,11,12
178,24,12,11
180,28,12,12
182,30,15,13
184,31,13,12
187,33,12,14
191,35,11,15
194,41,11,12
197,43,10,10
199,43,12,11
202,39,12,13
204,32,11,13
206,26,12,14
208,19,11,13
210,15,11,16
211,14,12,16
213,16,13,15
213,11,13,17
217,4,10,18
217,1,13,17
217,1,13,17
217,1,13,17
217,1,13,17
219,-1,10,13
218,1,11,12
218,1,10,13
221,2,10,14
221,2,11,14
222,3,10,14
225,5,10,14
224,4,11,14
223,7,12,17
223,11,13,17
223,16,14,14
227,17,12,12
228,16,13,12
229,13,12,13
230,13,11,14
231,20,12,15
234,25,12,13
237,26,12,13
236,26,12,13
236,27,12,10
236,27,11,10
237,30,10,11
241,35,8,10
243,41,8,12
245,44,9,11
247,45,10,11
248,46,9,11
253,47,11,11
256,46,12,11
263,50,12,11
266,55,15,11
269,61,16,11
273,64,16,12
277,67,17,13
284,75,17,11
291,78,15,10
295,78,16,10
298,75,17,12
303,71,15,13
306,65,13,15
309,60,13,14
313,57,13,16
318,62,12,13
325,68,12,13
330,72,15,11
334,71,14,13
337,73,14,13
334,72,15,15
330,68,17,16
331,61,15,18
332,59,19,19
332,58,17,18
340,57,14,16
346,59,13,15
350,59,12,12
351,56,11,12
353,56,10,10
353,55,11,12
353,56,9,11
353,58,10,10
351,56,10,9
351,57,11,8
351,59,11,7
351,60,12,8
349,63,12,9
347,66,13,9
