167,228,56,52
168,232,51,41
172,228,42,46
168,229,46,44
166,232,45,38
162,230,51,37
159,230,53,36
159,227,53,37
158,226,53,35
156,223,53,36
154,221,54,37
155,219,49,37
154,216,49,38
154,216,49,36
153,216,49,36
151,217,48,34
150,218,49,35
149,218,49,35
150,217,49,37
149,217,50,37
152,220,46,36
150,224,48,36
149,232,46,34
147,237,48,39
150,236,47,40
152,236,44,39
155,230,45,43
159,225,43,44
163,225,42,46
165,231,44,42
174,229,39,47
176,227,43,49
184,222,41,47
188,216,41,53
196,214,42,58
203,214,41,57
204,210,46,57
212,207,45,54
218,208,45,49
225,206,45,55
231,212,46,53
238,211,46,53
246,207,46,51
251,202,46,51
255,200,48,51
260,201,48,54
265,205,50,51
270,208,48,52
273,216,49,46
278,222,47,47
277,226,49,47
280,230,49,47
284,239,49,45
287,243,45,45
287,252,49,45
284,259,52,42
282,264,53,42
283,268,51,42
282,270,46,40
279,267,49,44
276,267,48,43
272,262,46,45
273,266,41,44
268,264,42,49
266,262,39,49
261,260,44,52
248,263,53,42
250,263,49,45
248,258,43,47
240,255,41,45
235,250,47,52
235,249,41,49
225,249,41,46
228,248,34,45
225,246,35,43
218,246,39,45
217,245,42,45
215,244,40,45
217,240,38,46
213,238,40,46
215,235,38,44
215,233,41,46
216,233,42,46
219,233,42,45
223,232,42,47
226,231,43,47
234,231,42,45
235,229,48,46
245,228,46,44
253,226,43,49
266,223,39,53
275,224,38,44
283,223,41,45
289,224,46,43
301,225,44,41
309,226,46,40
317,228,49,38
329,225,49,40
337,221,47,41
342,215,50,49
352,213,46,45
357,209,48,45
359,206,53,48
367,211,50,42
375,210,45,43
374,208,53,41
371,203,60,43
374,195,51,50
371,194,55,46
370,194,50,45
368,197,50,46
362,201,52,46
356,203,52,49
352,205,50,50
345,210,47,49
336,215,50,48
323,212,51,50
319,209,48,60
305,210,53,55
291,208,56,60
276,212,61,56
275,212,50,52
261,206,55,58
254,201,51,59
250,197,47,56
239,191,49,57
233,188,51,54
224,190,55,51
215,192,57,56
208,199,57,53
200,202,57,60
202,211,49,57
195,220,52,52
193,221,48,51
189,222,47,51
188,223,45,49
181,222,49,49
179,222,50,47
178,219,51,45
178,218,51,43
181,214,46,45
178,214,49,42
175,205,55,36
177,196,52,40
181,187,46,45
184,178,43,46
185,173,44,43
189,169,39,42
190,166,38,47
191,165,41,44
193,166,42,40
194,165,42,43
196,166,44,43
201,166,40,46
203,165,41,46
205,168,41,41
209,170,43,40
212,167,43,45
215,169,44,48
218,179,48,41
221,183,46,50
225,194,48,49
228,199,50,50
230,201,53,47
232,205,57,42
239,204,51,44
244,205,52,49
249,205,51,47
252,205,53,47
256,204,54,45
264,201,48,45
269,198,46,48
273,199,44,44
271,201,48,44
274,199,41,46
274,199,41,46
274,199,41,46
274,199,41,46
274,199,41,46
274,199,41,46
274,199,41,46
274,199,41,46
274,199,41,46
274,199,41,46
274,199,41,46
274,199,41,46
274,199,41,46
182,231,43,48
189,216,51,55
200,209,60,62
216,206,62,73
237,214,62,68
251,218,61,61
272,220,61,58
287,218,60,58
300,216,57,57
310,213,57,56
319,210,60,53
330,207,56,51
329,202,62,49
340,197,53,52
342,194,55,50
343,192,55,50
348,192,49,47
344,189,50,49
344,192,49,45
342,193,54,47
340,197,51,42
343,195,44,49
339,193,46,52
334,198,47,45
334,196,43,51
324,199,46,47
319,198,48,47
316,202,46,44
309,202,49,49
303,207,49,45
294,207,53,50
291,209,49,53
284,215,53,52
274,219,57,54
268,223,57,51
257,220,55,52
256,214,49,57
240,207,61,54
233,201,64,57
221,192,63,59
215,187,65,60
205,175,63,64
199,166,62,69
191,159,60,65
183,155,62,64
175,150,62,62
168,151,62,58
168,148,58,61
163,152,59,53
156,148,69,61
150,154,69,57
144,161,74,58
144,173,70,50
138,176,71,56
138,182,72,53
139,189,72,51
142,193,67,54
148,192,63,59
153,194,59,57
159,192,54,56
162,192,58,48
172,178,54,49
178,165,51,52
183,158,51,50
189,153,49,50
194,149,48,49
199,147,49,47
201,145,50,48
206,143,49,46
210,147,47,37
214,143,45,43
215,142,46,41
222,142,38,40
221,144,41,38
220,142,43,42
222,143,40,38
220,143,44,39
217,142,43,41
215,142,42,42
211,140,43,43
208,139,44,42
204,137,45,42
199,134,45,45
191,134,51,42
187,133,49,43
185,129,46,43
178,125,47,48
174,122,46,51
172,121,46,47
165,119,54,48
165,114,52,51
164,108,53,53
167,108,50,52
169,103,54,53
175,102,50,53
180,98,52,52
188,99,50,55
193,96,52,57
203,98,49,55
209,96,51,57
222,99,45,52
232,94,45,59
239,98,51,50
251,101,45,43
259,97,44,52
268,98,43,49
275,97,42,47
277,97,45,47
281,95,46,48
283,95,50,46
286,97,46,40
287,97,47,37
284,95,51,39
282,97,52,38
279,98,49,40
275,100,50,44
273,102,45,46
263,106,48,44
250,109,54,47
242,114,52,44
235,117,46,46
225,120,48,46
215,115,43,52
200,114,44,51
186,114,50,53
172,121,51,44
156,125,56,38
141,125,57,41
128,131,59,43
121,130,57,43
109,131,63,48
104,136,61,39
107,139,58,37
109,137,57,41
121,144,53,35
123,138,55,40
129,136,58,40
146,133,55,41
158,130,48,42
174,131,46,39
187,126,45,41
197,123,48,45
211,125,46,41
224,126,45,40
238,127,44,36
246,123,48,44
257,123,47,41
272,125,40,41
278,124,44,44
286,127,42,39
294,126,39,41
295,127,41,43
300,130,37,42
302,129,34,47
301,133,34,46
298,135,36,49
292,141,36,47
283,142,38,50
270,146,44,50
253,152,52,51
239,160,55,47
228,164,51,48
214,165,51,47
195,166,52,52
176,169,59,48
147,172,71,45
127,181,68,35
107,179,61,38
98,174,56,41
98,175,53,40
93,172,54,44
82,171,53,44
73,169,48,45
62,170,54,40
55,170,51,40
54,171,49,37
57,167,40,42
54,170,44,42
51,170,49,42
49,175,55,40
52,179,56,36
63,181,54,39
70,184,50,37
77,185,50,35
89,183,47,40
100,183,46,41
106,182,42,46
116,182,48,43
124,184,48,40
134,187,44,36
142,182,44,45
153,184,43,37
157,187,43,37
163,187,45,41
168,186,46,45
172,186,48,47
175,188,47,44
179,189,42,47
180,188,42,51
182,185,38,56
179,189,39,50
175,192,43,47
170,194,45,43
165,196,49,44
156,195,50,45
146,197,54,45
141,199,54,44
134,201,53,45
130,202,52,43
120,204,54,45
118,207,47,43
114,211,44,43
108,210,42,46
104,212,45,45
101,216,43,39
99,214,40,42
95,218,43,42
90,214,48,48
88,217,53,47
102,221,44,41
99,223,51,36
113,222,42,39
117,224,40,36
124,222,43,41
132,225,40,34
136,221,41,41
139,223,45,33
143,224,45,31
153,222,41,34
157,222,41,34
161,220,39,38
164,218,42,39
167,215,41,40
167,216,44,37
166,212,46,42
169,216,42,34
168,210,42,40
169,209,40,42
168,207,37,44
166,205,35,46
161,209,36,38
153,209,40,38
149,208,41,37
141,204,43,42
140,202,40,44
133,204,42,43
124,204,40,40
123,206,40,35
114,202,41,38
111,202,41,36
104,202,39,34
90,199,46,39
84,200,55,39
75,200,63,40
72,198,67,43
63,203,76,37
58,203,81,37
67,195,72,47
75,195,65,42
83,196,55,41
88,198,53,34
89,197,48,37
90,196,48,37
95,194,45,44
97,195,47,46
99,197,46,45
100,198,50,44
105,201,48,46
108,205,47,46
109,215,52,39
113,216,51,40
117,217,52,43
123,218,53,45
131,217,49,45
137,218,50,40
142,217,51,37
150,218,43,36
159,218,40,34
166,214,34,41
168,212,39,43
174,212,40,43
177,210,41,43
182,210,38,43
185,208,38,45
188,205,36,41
187,205,37,41
187,204,37,39
187,203,36,38
183,201,38,38
177,199,40,36
177,200,40,34
174,200,42,35
171,201,43,33
165,197,45,36
164,199,47,34
156,200,48,32
146,199,50,33
134,198,50,39
130,202,44,35
116,199,45,40
105,196,44,47
91,197,47,51
79,194,47,52
68,195,48,52
58,189,45,57
52,188,42,53
45,183,38,50
25,177,47,51
10,175,50,45
5,173,60,42
4,173,62,40
-2,161,69,42
2,163,75,40
6,157,68,49
15,166,68,40
19,165,74,42
38,169,66,41
44,174,64,50
60,181,63,51
75,184,53,55
91,193,48,50
101,191,53,55
117,195,50,52
130,194,48,51
140,190,45,51
155,190,43,42
164,187,41,42
173,183,41,41
179,181,40,39
185,173,39,43
187,168,41,42
188,165,44,41
190,159,41,44
192,157,39,44
191,149,37,42
189,143,37,46
185,139,38,42
180,134,38,42
174,132,38,42
165,128,42,41
157,119,43,45
149,113,43,44
138,107,44,40
123,101,54,42
119,85,50,44
110,74,51,42
105,65,50,42
92,55,54,43
85,55,55,43
84,57,51,44
72,58,56,48
71,60,58,46
72,60,58,45
72,65,61,45
78,69,55,42
86,71,53,47
96,73,50,48
104,77,52,43
116,80,56,40
126,82,54,38
137,81,55,43
152,84,53,39
165,86,49,39
180,81,42,47
190,82,38,43
196,80,40,42
204,76,40,43
206,73,44,43
212,69,43,44
212,67,48,45
217,64,40,52
217,63,42,49
214,61,43,50
208,63,43,48
202,61,43,52
194,61,45,53
188,67,46,47
173,65,46,45
156,60,53,47
136,56,53,47
119,55,54,41
98,39,48,46
79,23,54,56
63,16,53,58
50,4,47,54
21,3,55,49
4,-3,53,43
4,-3,53,43
4,-3,53,43
4,-3,53,43
4,-3,53,43
4,-3,53,43
4,-3,53,43
4,-3,53,43
4,-3,53,43
4,-3,53,43
-7,79,42,35
0,109,42,34
5,136,45,34
5,136,45,34
52,181,50,36
60,197,57,42
67,220,69,54
85,233,71,58
105,253,73,53
126,262,66,51
146,266,57,47
169,274,48,49
181,283,47,48
197,295,42,49
208,312,42,42
208,312,42,42
208,312,42,42
208,312,42,42
208,312,42,42
208,312,42,42
208,312,42,42
208,312,42,42
208,312,42,42
208,312,42,42
208,312,42,42
208,312,42,42
208,312,42,42
208,312,42,42
208,312,42,42
208,312,42,42
208,312,42,42
208,312,42,42
208,312,42,42
208,312,42,42
208,312,42,42
208,312,42,42
208,312,42,42
208,312,42,42
208,312,42,42
208,312,42,42
208,312,42,42
208,312,42,42
208,312,42,42
208,312,42,42
208,312,42,42
208,312,42,42
208,312,42,42
208,312,42,42
208,312,42,42
208,312,42,42
208,312,42,42
208,312,42,42
208,312,42,42
208,312,42,42
208,312,42,42
208,312,42,42
208,312,42,42
208,312,42,42
161,296,35,48
161,296,35,48
207,318,40,38
204,296,41,45
198,270,41,51
191,245,48,62
193,231,47,61
191,214,51,50
190,197,55,56
190,189,52,50
193,179,49,51
192,174,52,49
194,168,52,49
196,160,52,47
200,154,51,50
202,150,53,51
205,146,50,55
207,148,52,53
212,144,46,62
211,146,51,61
213,149,50,61
212,153,54,61
212,155,55,64
211,162,57,63
213,172,55,59
209,174,57,64
210,183,53,62
207,186,59,65
202,199,59,63
198,210,58,69
191,225,62,66
184,239,71,63
178,253,72,57
175,257,69,62
163,263,69,73
160,269,70,71
150,284,61,69
157,290,46,63
147,302,52,58
150,304,45,51
140,319,46,40
136,326,52,31
140,330,45,25
140,336,44,19
144,334,41,20
137,333,40,21
137,334,40,21
146,332,40,21
148,333,37,22
156,332,36,21
158,332,33,21
166,331,33,21
171,329,31,21
177,328,31,24
177,325,35,27
185,325,36,26
190,323,37,26
195,320,34,29
199,316,32,33
204,312,33,37
202,310,40,42
206,307,42,44
208,306,43,46
209,300,45,52
214,300,43,55
216,297,45,58
218,296,42,57
219,294,40,60
218,293,41,57
219,292,43,58
214,291,46,59
212,287,46,61
211,287,43,64
208,285,42,66
206,285,40,65
202,293,41,56
197,295,41,57
186,301,48,51
181,298,44,57
181,303,37,49
179,303,35,50
174,305,37,49
167,310,40,43
159,307,41,47
152,306,41,51
142,306,51,51
140,308,51,46
140,305,48,46
137,302,50,51
135,298,52,52
138,303,45,42
140,295,48,47
145,291,42,52
149,288,42,51
152,284,40,43
161,280,36,44
167,277,38,44
175,274,36,42
180,269,38,43
191,265,33,42
195,260,34,48
195,260,39,45
203,258,39,44
203,258,45,45
205,258,49,41
212,259,45,38
213,258,45,40
216,256,44,45
219,260,42,43
221,263,44,44
220,267,43,47
222,269,41,47
214,277,48,53
211,288,48,48
206,294,47,49
206,298,39,51
197,308,42,40
189,317,37,34
175,319,39,32
165,319,34,30
153,316,36,36
132,314,39,37
111,313,47,39
98,307,47,42
81,307,44,45
69,302,44,47
63,305,38,41
63,305,38,41
63,305,38,41
63,305,38,41
63,305,38,41
63,305,38,41
63,305,38,41
63,305,38,41
53,320,31,33
61,323,36,28
69,328,35,24
84,328,34,25
95,326,37,25
112,322,34,31
128,323,36,27
140,317,41,32
161,311,33,37
176,306,35,38
191,299,36,42
200,290,37,42
210,283,40,40
220,276,42,41
230,272,44,40
240,267,40,40
249,264,41,38
255,259,37,41
260,257,38,43
262,257,38,41
267,256,38,41
267,261,40,38
267,262,40,42
269,265,38,43
265,274,39,42
262,283,41,42
259,288,42,42
250,292,46,44
245,304,47,43
230,302,50,48
218,309,43,49
208,307,38,44
201,308,33,42
187,314,38,39
176,314,34,37
153,313,40,39
140,305,42,44
124,301,45,46
113,298,51,48
104,296,54,49
95,292,59,51
98,285,56,58
98,280,54,57
102,276,55,52
107,273,55,47
121,264,51,45
127,258,48,52
141,251,39,49
146,245,42,43
156,239,46,43
169,232,44,38
181,221,43,42
192,215,40,37
204,207,38,39
216,197,34,42
222,192,37,39
230,184,40,40
241,175,36,40
247,166,37,43
254,158,38,42
257,150,42,45
263,145,41,43
269,139,40,44
273,134,43,44
278,130,42,48
281,129,41,48
283,129,42,51
286,135,41,50
286,135,42,52
286,139,41,52
284,140,44,53
282,148,41,50
276,148,43,56
263,157,49,50
252,154,45,57
236,151,46,53
219,152,47,54
201,152,45,55
188,160,43,50
162,169,48,48
134,179,51,47
115,189,59,47
99,188,56,57
72,199,68,52
63,199,62,52
60,192,55,59
52,194,63,56
49,193,58,49
50,191,58,50
49,193,57,45
51,196,57,42
50,207,55,33
51,212,57,36
56,218,53,39
58,224,51,45
62,230,49,51
63,240,54,52
68,251,52,52
73,258,53,52
76,273,56,47
84,278,59,46
97,285,59,51
109,291,54,52
119,291,53,53
132,295,52,50
145,297,46,51
155,299,42,47
167,300,40,45
180,304,35,37
185,307,36,42
192,308,38,42
199,310,37,42
204,310,37,40
209,312,37,36
212,309,38,41
213,306,43,44
217,300,47,51
223,295,47,51
229,294,48,47
238,293,46,49
246,288,49,55
248,287,54,57
260,288,51,62
268,295,51,59
280,302,50,55
292,307,49,49
303,312,46,39
309,315,42,33
314,312,42,39
316,309,44,44
313,305,52,52
315,308,50,46
315,304,43,53
312,304,43,50
305,308,44,45
303,306,39,52
291,300,43,58
281,298,43,57
269,292,50,60
255,289,58,66
245,286,59,71
242,287,52,62
227,285,54,65
215,278,59,60
208,274,56,63
205,266,52,74
197,268,53,63
194,264,47,59
183,261,47,63
181,261,47,60
171,263,52,52
163,260,51,51
159,262,53,45
154,258,52,47
154,257,47,47
151,253,44,51
145,253,48,52
145,256,44,46
145,251,43,54
144,251,44,53
143,252,44,54
143,251,45,55
144,252,43,52
146,251,42,51
147,249,41,56
149,250,43,50
152,248,41,48
153,246,42,49
157,248,38,43
158,242,40,48
160,240,40,52
164,238,36,49
162,236,39,50
161,234,42,53
163,237,35,47
158,235,40,48
158,239,38,44
157,236,37,42
154,234,38,46
152,232,35,49
147,231,39,49
145,231,36,44
140,229,39,47
138,231,36,42
131,229,37,41
131,227,34,42
129,225,33,44
126,225,32,42
121,222,35,44
119,222,36,43
119,221,33,45
119,221,32,44
116,221,36,43
116,220,34,43
115,219,33,40
112,217,34,45
112,217,33,43
110,216,35,44
111,215,33,46
110,216,36,46
110,215,39,45
111,216,38,45
113,216,37,45
114,216,41,44
115,217,42,44
117,214,42,50
121,214,39,47
124,215,39,46
127,219,37,41
129,216,41,45
131,215,42,46
134,214,38,48
135,217,39,45
138,216,37,47
138,216,39,46
140,216,36,44
142,215,35,48
141,215,36,47
141,216,35,47
140,216,36,48
141,216,34,46
140,216,32,46
138,216,36,46
136,216,38,45
134,217,35,43
133,216,33,46
130,217,33,43
129,217,33,43
127,217,34,43
122,217,36,42
123,217,32,45
121,217,31,43
119,217,32,42
115,217,35,46
116,219,32,40
118,219,29,42
118,218,32,44
117,217,35,45
117,221,36,40
119,222,37,38
122,218,36,43
123,218,37,42
125,216,39,44
129,215,36,42
132,213,34,44
133,211,36,45
133,208,41,47
135,205,44,49
139,206,37,44
140,201,41,47
145,197,36,50
147,195,38,46
148,192,41,45
151,188,43,46
154,185,44,46
156,182,45,42
161,180,46,41
165,175,46,42
170,172,47,41
175,159,47,51
178,157,52,48
186,150,47,50
195,146,45,51
200,144,48,48
208,142,48,48
216,136,47,54
225,142,46,49
231,140,50,48
240,136,51,54
251,136,49,57
255,135,52,58
267,134,48,58
269,136,52,58
277,134,48,63
280,137,53,61
283,140,54,61
288,141,51,61
289,146,51,61
286,151,53,62
285,155,52,60
285,158,49,61
281,165,49,55
275,169,51,55
269,169,50,55
264,169,49,59
251,173,54,57
244,171,55,60
235,170,58,58
229,174,57,55
216,171,60,53
213,174,59,49
206,177,59,43
203,171,54,49
199,169,55,49
195,169,55,45
195,168,52,44
191,165,56,50
193,167,51,47
191,167,56,51
193,169,61,47
202,171,58,47
210,172,57,49
222,174,52,48
230,179,55,47
240,177,54,53
252,178,57,54
267,179,52,51
278,181,54,54
288,179,55,58
301,180,55,55
317,181,51,57
331,178,49,63
330,180,58,56
339,176,60,63
342,181,64,54
354,179,57,56
359,176,61,61
368,175,61,61
373,179,57,53
376,179,57,56
375,178,62,55
377,181,61,54
376,186,57,50
372,190,63,47
371,192,59,46
368,195,57,43
365,197,56,43
361,197,51,48
351,195,52,53
342,197,52,50
331,200,55,44
325,202,54,40
320,201,50,45
318,199,49,45
309,202,53,38
304,197,53,45
302,197,53,44
298,193,56,53
294,195,60,47
299,196,49,42
295,193,50,48
293,194,57,46
294,198,55,42
295,193,55,48
296,197,59,44
302,196,55,47
305,200,57,43
312,202,56,45
315,203,60,48
322,203,61,48
329,205,58,50
340,205,63,51
346,202,64,50
353,202,60,47
359,201,58,56
363,199,59,64
366,212,60,54
372,220,61,52
376,221,60,54
379,223,63,47
385,218,61,52
391,218,54,49
391,215,60,50
393,209,61,56
396,214,56,48
396,209,57,53
393,206,62,53
393,202,62,55
391,201,64,53
391,199,63,52
394,200,60,55
389,206,60,55
388,214,65,57
389,217,59,62
385,221,59,68
386,224,59,66
379,224,63,68
375,231,70,64
373,234,70,70
360,246,71,74
365,250,63,65
359,244,61,76
352,237,64,83
351,244,59,79
345,255,60,78
343,269,59,83
333,277,63,77
331,282,60,65
325,277,59,65
316,271,61,66
316,267,55,72
312,263,57,68
310,257,56,64
311,254,51,64
314,252,44,56
307,250,49,58
311,250,41,57
307,251,44,54
304,252,47,56
307,256,41,48
302,257,48,48
298,263,51,39
297,255,52,47
293,249,55,49
285,237,50,51
287,236,45,50
281,234,44,48
277,235,43,44
271,240,49,38
268,249,46,36
265,256,48,37
257,259,48,38
252,262,54,42
250,266,46,42
250,262,44,47
250,256,43,55
249,253,44,54
251,251,47,50
253,246,45,52
255,239,46,49
261,237,45,46
268,234,40,48
274,229,45,47
281,226,45,52
287,224,48,51
294,226,47,55
301,225,49,62
308,232,47,59
310,245,52,52
317,257,50,47
317,259,54,54
324,270,56,49
325,271,57,49
321,271,59,48
321,271,58,45
316,269,62,49
311,263,59,51
305,259,60,50
296,248,60,54
287,234,56,60
273,230,55,53
256,225,60,49
244,214,51,55
235,208,48,55
220,199,52,55
209,194,45,54
180,187,54,55
163,183,57,53
153,180,57,52
139,177,61,50
131,170,52,43
127,164,57,46
126,153,54,50
125,149,54,50
128,139,54,54
133,142,46,44
138,140,52,46
143,134,57,50
153,137,57,44
168,132,53,54
184,138,48,47
198,137,50,53
210,141,49,50
224,149,54,50
239,154,46,40
251,156,48,44
260,160,55,43
278,163,48,47
287,162,52,52
295,166,49,54
300,172,50,51
302,182,55,50
306,190,55,51
311,199,54,52
304,211,62,52
306,225,54,59
303,238,53,65
297,260,55,53
286,274,58,54
272,296,58,47
252,311,54,44
236,318,58,37
223,322,51,32
220,323,53,29
220,323,53,29
220,323,53,29
220,323,53,29
220,323,53,29
220,323,53,29
220,323,53,29
155,324,49,28
167,323,46,29
173,320,45,31
180,314,44,38
190,313,40,37
204,308,35,42
225,304,33,45
237,304,31,42
207,305,32,40
214,305,35,36
218,302,32,37
220,299,34,37
225,294,28,40
222,295,30,34
222,295,25,32
219,292,24,35
210,291,27,32
208,288,30,38
208,288,30,38
208,288,30,38
208,288,30,38
208,288,30,38
179,288,26,30
171,291,25,26
164,290,27,27
156,292,31,29
150,295,33,26
143,294,35,29
135,296,37,29
133,296,33,30
126,293,34,34
123,294,33,31
119,291,32,34
119,289,30,34
116,282,30,35
116,276,30,34
116,271,29,33
117,262,28,37
118,261,29,35
118,261,32,32
121,257,33,33
123,256,37,36
127,254,42,36
137,256,37,36
142,260,37,37
146,266,35,35
157,269,34,35
222,262,36,42
242,265,39,44
177,277,38,41
181,280,40,39
191,283,30,43
196,286,30,42
199,290,31,36
207,293,24,30
209,293,21,32
209,291,24,32
209,290,22,29
207,290,21,29
200,289,20,30
200,287,21,32
198,288,21,30
188,294,24,26
182,293,21,26
175,298,23,24
173,297,24,27
167,300,27,26
165,300,28,25
156,298,30,31
147,300,34,29
140,301,36,31
132,298,40,34
125,293,39,38
117,293,40,33
118,285,36,36
119,280,29,32
119,275,30,31
117,268,32,32
119,262,33,32
123,256,30,33
128,250,34,35
135,250,33,30
141,249,35,30
147,248,42,29
203,234,48,36
216,235,45,43
230,242,41,43
245,245,41,45
198,262,40,41
212,270,36,36
221,275,28,32
223,277,29,34
226,278,27,35
226,279,26,34
225,280,26,34
225,282,25,33
219,281,24,32
211,284,28,27
202,281,30,30
193,284,32,27
192,283,26,27
186,283,25,24
175,285,28,25
159,286,32,28
153,290,26,22
147,288,25,28
132,291,29,24
124,295,32,24
118,293,29,26
119,294,26,26
113,291,24,26
114,287,21,23
114,287,21,23
114,287,21,23
114,287,21,23
114,287,21,23
114,287,21,23
118,260,19,24
120,253,22,27
124,244,24,31
168,227,26,36
176,225,25,40
180,225,32,42
188,228,37,43
198,230,40,45
212,236,40,46
187,252,38,39
200,258,33,39
205,266,31,37
211,273,30,35
213,276,28,35
215,278,30,36
217,281,26,31
216,279,25,36
211,279,28,31
207,281,29,28
202,279,29,28
199,281,27,23
194,279,24,24
189,277,26,23
183,279,29,22
179,277,26,24
177,278,24,25
172,281,23,23
166,286,24,22
160,290,24,24
154,292,23,26
146,296,27,29
145,300,27,30
139,304,31,32
140,303,26,35
135,304,28,34
129,314,33,28
124,312,41,28
125,296,40,35
124,294,42,38
131,283,42,41
130,269,46,47
182,253,41,46
176,246,42,44
176,243,40,43
176,239,42,46
175,238,49,44
175,241,55,42
181,245,56,39
187,248,64,39
201,251,61,44
221,256,61,41
189,271,52,39
198,280,42,31
198,286,41,35
203,290,33,32
203,298,31,27
200,299,34,29
197,302,33,25
198,304,28,24
194,302,28,24
188,301,31,24
186,300,30,26
181,296,29,27
178,298,30,23
176,295,27,25
172,295,27,25
169,298,28,22
163,298,31,24
158,299,29,26
156,304,30,25
154,306,34,23
153,308,33,22
152,307,31,29
152,312,28,33
151,315,31,29
150,317,31,32
149,317,33,33
152,321,29,27
155,319,31,29
153,318,36,32
156,309,39,38
162,301,41,40
165,298,43,34
174,289,41,37
229,272,33,42
227,269,34,41
227,260,34,44
229,257,32,41
233,257,33,37
236,258,34,37
245,259,33,34
253,260,34,35
214,269,35,35
217,276,33,33
219,280,32,33
218,286,32,31
217,293,30,28
214,296,32,30
213,301,30,31
207,305,31,27
202,308,32,24
198,309,30,26
197,312,26,22
191,309,26,26
186,308,26,26
183,311,26,22
178,308,26,25
178,306,23,27
172,305,24,26
167,307,25,24
164,306,28,27
160,308,29,26
158,309,32,24
156,311,34,25
155,312,36,24
158,312,31,28
159,313,29,30
160,315,30,26
158,312,34,32
161,311,33,30
162,307,35,31
162,299,37,35
167,297,36,32
170,291,36,32
179,286,31,30
181,279,32,32
186,276,29,32
188,271,31,32
193,269,29,31
194,266,30,32
196,265,32,32
199,269,31,31
203,271,26,30
203,275,29,30
204,281,32,29
202,284,35,30
204,289,31,32
203,291,29,34
205,296,25,32
202,299,25,32
199,298,28,34
199,301,25,29
197,299,24,33
193,299,26,29
188,298,26,31
190,297,23,32
187,296,23,28
184,294,26,30
184,294,26,28
183,293,22,28
183,292,21,29
180,292,25,32
180,293,23,30
178,295,25,30
175,296,27,30
172,300,29,26
173,301,28,25
170,303,31,28
166,301,36,31
163,305,37,26
163,303,36,28
162,298,32,32
158,293,35,32
152,289,39,36
152,278,36,40
149,274,35,39
149,267,32,41
148,264,34,37
146,259,37,38
144,258,38,35
145,255,36,35
146,255,36,35
149,257,34,36
151,260,36,36
152,265,37,38
153,271,41,36
158,279,39,32
165,283,38,36
171,290,35,36
178,295,33,35
186,300,30,31
188,301,31,30
192,299,31,32
195,299,29,30
197,297,30,29
198,293,33,30
202,289,30,31
202,285,29,29
204,283,28,27
207,278,25,28
206,277,26,27
204,275,28,30
205,276,27,26
206,277,25,23
206,275,24,27
203,276,27,29
204,279,25,26
202,281,26,27
201,284,25,29
198,286,26,30
193,290,27,28
186,293,29,29
182,297,32,31
170,294,35,34
160,292,37,37
150,291,34,36
136,289,40,35
133,279,41,39
126,272,47,34
181,244,49,42
167,235,52,45
154,229,53,43
148,224,52,44
144,219,53,43
144,219,52,38
143,220,55,38
150,225,50,41
155,230,50,45
103,256,45,39
186,241,45,50
200,251,48,55
126,283,46,44
132,294,44,43
143,298,37,35
160,310,37,29
168,308,39,28
182,308,34,28
189,306,35,27
198,303,31,28
203,298,33,26
211,293,30,27
214,286,31,27
220,282,27,26
225,277,26,25
226,274,26,25
227,272,26,24
228,271,27,23
226,272,31,22
228,273,28,23
229,274,28,24
229,278,25,25
226,281,27,27
223,284,28,29
218,289,29,30
212,294,31,28
206,298,27,30
196,297,30,30
185,299,34,32
176,298,33,30
169,296,28,31
149,291,30,35
139,283,34,36
127,277,36,33
119,270,38,28
114,261,34,32
117,259,27,27
117,257,22,27
116,255,21,31
116,257,20,29
117,259,20,31
118,267,23,30
120,275,25,29
123,282,29,33
130,288,32,36
136,293,38,35
143,292,40,36
151,293,43,35
162,297,40,29
174,298,36,29
184,301,32,24
188,299,34,26
190,301,34,22
198,298,28,25
198,296,29,24
199,298,29,20
200,294,26,24
202,294,22,23
199,291,24,27
198,291,23,25
195,294,23,23
193,295,22,24
192,297,22,24
185,299,25,26
185,302,25,25
182,305,24,27
180,310,25,24
176,312,27,23
174,314,25,26
172,313,26,31
169,314,27,29
165,309,30,32
160,305,36,31
158,301,38,32
156,294,38,28
154,286,42,26
156,274,40,30
157,265,40,29
192,248,43,34
199,245,40,35
195,242,42,37
201,243,43,37
181,251,38,33
184,257,34,33
190,263,30,32
193,273,29,29
193,276,31,35
194,285,32,35
194,293,29,32
194,299,26,32
192,302,25,30
187,300,28,33
184,299,31,34
178,297,29,36
178,297,28,31
173,291,28,30
172,296,26,26
167,290,25,29
162,289,25,29
155,289,27,26
155,289,27,26
155,289,27,26
147,283,26,28
147,283,26,28
147,283,26,28
147,283,26,28
134,292,28,27
133,295,29,30
129,298,34,31
130,301,33,35
131,304,31,37
127,312,37,34
132,315,38,30
135,310,35,36
135,304,37,40
140,295,41,40
139,293,46,40
147,284,50,37
156,276,47,33
161,267,44,29
210,246,39,35
177,249,35,33
208,235,39,35
180,244,34,28
216,231,34,34
190,244,30,28
194,248,29,29
195,253,30,32
200,258,33,30
200,266,32,34
200,273,31,39
196,284,33,37
190,294,34,34
186,301,32,33
184,306,29,34
175,310,33,29
172,311,32,28
168,315,30,26
161,313,30,26
154,308,29,30
153,308,29,25
148,309,32,20
142,307,32,18
141,298,34,22
143,299,31,25
142,302,30,23
143,299,28,27
142,299,31,28
140,301,32,24
140,302,35,28
142,301,30,35
142,303,33,35
146,308,28,31
148,306,30,34
150,305,30,35
152,301,30,40
154,298,30,41
158,296,33,38
159,291,37,35
162,283,37,36
167,276,38,31
169,269,37,36
174,262,35,31
175,255,33,33
183,248,28,38
185,248,27,35
188,246,25,36
187,247,28,41
187,253,30,34
186,259,34,34
188,267,31,31
191,272,27,36
188,279,29,39
188,287,29,34
188,292,28,36
188,297,27,34
184,304,31,29
184,301,27,31
181,303,31,32
182,301,30,31
184,300,24,31
182,299,26,26
183,297,25,26
183,295,24,24
183,291,26,26
184,289,25,25
183,289,25,22
185,289,25,21
187,286,24,25
188,289,23,24
187,289,24,27
187,292,24,25
186,294,27,27
190,295,26,28
189,297,26,29
192,298,22,32
189,298,28,34
189,297,27,38
191,295,25,37
186,292,30,38
188,291,27,36
182,286,32,36
180,278,31,38
178,271,31,37
176,265,31,38
171,262,36,35
170,259,37,33
171,257,32,35
170,257,34,33
170,260,37,30
172,262,37,30
173,266,37,33
182,273,32,34
181,281,32,32
183,284,33,35
186,287,27,32
187,288,27,36
186,289,30,34
185,290,34,34
184,293,32,30
183,292,33,30
182,290,31,30
182,287,29,32
181,284,26,28
178,280,26,27
175,276,27,24
172,273,26,23
171,272,25,21
172,270,22,20
171,270,20,18
171,270,18,17
171,272,15,18
169,276,16,17
166,280,18,16
164,283,19,18
158,290,22,20
156,292,23,24
153,301,26,25
154,303,27,28
153,308,32,30
150,309,37,30
153,308,36,34
153,307,41,33
155,297,41,36
158,290,43,36
162,280,43,36
162,271,46,33
211,248,42,38
169,250,39,31
206,231,37,38
204,225,36,38
208,224,37,38
211,225,37,39
183,238,31,35
188,245,32,34
189,252,32,35
187,259,34,36
187,270,30,31
186,276,28,33
183,282,30,33
177,290,34,29
175,291,30,29
173,294,28,29
171,297,28,24
162,293,31,27
159,295,31,23
157,290,32,27
157,288,28,26
152,287,28,22
152,287,28,22
152,287,28,22
152,287,28,22
152,287,28,22
152,285,27,26
146,291,31,25
143,292,33,23
141,296,36,23
139,295,38,27
142,301,34,23
142,299,33,30
140,299,33,33
141,299,34,32
143,299,33,34
143,295,33,35
146,293,29,35
145,281,31,40
146,270,31,44
145,259,32,46
146,254,33,40
145,245,34,40
148,240,30,38
148,233,32,35
148,232,33,33
150,231,32,34
148,232,35,34
150,237,36,36
150,245,38,32
157,252,35,34
157,261,35,38
157,271,39,34
161,283,35,32
166,292,32,35
164,296,35,35
164,303,33,31
167,303,29,30
168,305,28,26
167,303,27,24
167,298,27,27
166,293,24,26
167,294,25,22
167,288,21,22
166,286,22,18
166,281,22,20
166,276,19,21
164,274,21,21
165,273,20,20
163,268,21,19
162,268,21,19
160,266,21,23
157,263,24,25
153,258,25,26
151,252,26,25
146,248,27,27
145,242,29,31
141,235,30,29
135,227,33,24
135,210,29,26
130,203,30,23
123,184,35,28
122,168,42,31
122,168,42,31
97,115,41,36
110,115,32,39
146,180,30,39
146,180,30,39
146,180,30,39
146,180,30,39
146,180,30,39
145,176,27,44
145,176,27,44
143,179,31,41
143,179,31,41
143,179,31,41
143,179,31,41
143,179,31,41
143,179,31,41
113,141,26,36
113,151,24,32
113,151,24,32
110,160,25,31
107,162,26,28
108,164,22,22
110,163,18,21
110,163,18,21
110,163,18,21
110,163,18,21
110,163,18,21
110,163,18,21
145,179,21,22
145,179,21,22
145,179,21,22
145,179,21,22
145,179,21,22
145,179,21,22
145,179,21,22
145,179,21,22
112,173,18,20
116,171,15,21
118,165,18,22
118,165,18,22
118,165,18,22
118,165,18,22
118,165,18,22
151,181,16,23
151,181,16,23
151,181,16,23
151,181,16,23
151,181,16,23
150,181,18,22
149,181,19,25
148,181,22,24
148,181,23,25
146,181,25,26
146,181,25,26
150,180,24,28
150,180,24,32
134,175,18,29
131,175,22,30
125,183,21,27
117,185,25,27
111,187,28,24
112,187,25,24
108,188,24,21
109,188,21,19
111,188,17,16
113,187,13,16
114,185,13,18
115,184,11,19
115,184,12,18
116,185,14,18
115,184,16,20
118,184,17,21
118,184,21,25
121,185,23,27
124,183,23,31
129,184,25,29
132,183,28,33
136,180,32,30
142,179,30,28
142,182,31,23
144,182,35,18
146,181,32,13
146,178,28,13
146,178,28,13
147,187,25,15
146,185,25,17
146,182,25,21
146,180,26,24
148,179,25,29
148,180,25,30
148,182,27,31
149,182,26,37
139,171,27,35
137,175,30,29
133,179,31,29
132,182,30,29
131,184,29,27
124,186,31,29
127,188,24,26
126,188,25,29
127,189,23,27
124,192,26,22
123,190,25,23
124,191,26,20
124,191,27,21
124,192,29,19
123,193,31,18
124,193,33,18
126,193,31,19
128,194,31,19
127,194,32,20
129,194,32,22
129,197,34,19
133,194,29,24
133,192,30,26
137,190,25,27
134,184,28,31
134,181,29,29
133,176,34,32
133,179,39,25
125,167,39,28
139,179,37,21
142,183,35,27
142,182,37,31
140,179,38,39
141,179,33,40
144,178,29,38
147,177,28,37
146,176,28,33
149,180,23,27
140,174,25,25
131,175,30,22
138,177,32,23
137,181,34,27
141,188,29,27
143,186,27,33
144,196,26,26
145,200,28,21
148,202,27,24
150,204,27,21
149,203,29,21
147,203,33,19
150,202,29,21
149,203,32,19
149,200,32,21
149,201,31,19
148,201,33,19
149,202,30,17
150,201,28,19
149,201,29,20
148,202,30,20
147,203,31,20
146,200,30,25
142,203,32,20
139,199,28,23
139,194,28,26
135,185,31,31
130,182,36,33
126,178,42,31
120,171,35,32
119,172,35,26
118,164,28,25
140,179,29,24
113,155,25,27
116,156,20,27
116,157,21,24
118,159,19,24
117,164,19,24
117,169,19,26
118,176,20,24
118,180,23,27
121,185,26,29
125,193,27,28
131,199,29,28
132,202,31,25
141,206,29,22
145,207,32,22
155,206,27,23
162,207,27,20
165,203,28,24
169,200,26,22
171,196,25,23
172,194,25,22
174,189,23,23
173,188,26,22
170,188,28,20
170,187,27,21
168,187,26,20
167,191,25,19
165,190,23,23
156,194,28,25
147,196,34,23
145,199,30,23
138,204,27,22
130,204,28,25
124,208,26,23
117,206,25,25
112,205,22,22
112,205,22,22
112,205,22,22
112,205,22,22
112,205,22,22
112,205,22,22
112,205,22,22
112,205,22,22
112,205,22,22
112,205,22,22
112,205,22,22
112,205,22,22
113,160,19,20
116,164,19,19
118,169,20,21
127,179,21,20
133,182,25,22
143,186,29,24
148,193,27,22
153,194,28,25
157,196,30,25
161,198,30,23
161,198,31,20
161,197,31,20
160,196,33,19
161,195,29,18
161,193,27,19
158,193,28,19
157,193,26,19
154,196,27,15
148,197,27,16
145,200,26,17
141,201,27,18
137,204,23,19
135,207,22,21
130,207,19,22
124,208,21,25
118,207,25,27
113,205,26,32
115,203,21,33
114,198,16,32
114,198,16,32
114,198,16,32
114,198,16,32
114,198,16,32
114,198,16,32
114,198,16,32
114,198,16,32
114,198,16,32
114,198,16,32
114,198,16,32
115,149,17,27
116,152,22,28
117,152,19,27
120,168,21,23
118,167,25,23
123,176,26,26
130,183,28,30
137,190,31,35
143,203,32,33
149,215,30,32
154,224,31,32
158,230,32,30
169,235,25,32
174,244,25,25
177,245,23,26
182,252,24,23
184,254,25,25
188,258,23,28
191,266,25,26
198,273,20,25
198,280,23,25
201,287,24,26
203,295,26,28
205,302,25,28
209,310,22,26
207,315,24,29
209,320,21,28
208,320,19,31
201,318,22,32
190,317,27,32
182,315,31,32
177,307,27,33
150,311,28,30
146,297,30,32
135,284,35,35
119,267,30,40
113,254,26,39
113,254,26,39
113,254,26,39
175,184,30,33
163,159,36,37
151,140,45,44
144,128,49,50
137,120,55,57
136,113,53,61
136,111,60,64
136,115,64,61
144,120,62,60
161,129,55,56
182,139,60,63
199,150,66,66
224,158,64,62
254,169,71,53
285,170,69,57
303,165,74,61
324,164,77,57
347,161,76,54
372,154,68,57
391,148,64,56
408,139,54,52
413,128,59,54
421,122,58,50
428,115,49,47
430,111,47,43
428,105,48,42
428,104,47,40
424,103,45,36
420,104,45,42
413,104,44,46
403,112,48,43
394,118,49,45
385,125,47,43
375,132,44,44
359,140,48,45
343,146,51,45
326,152,47,47
308,154,50,49
296,150,41,54
272,154,46,48
247,152,53,45
230,138,54,50
212,124,54,56
193,112,56,58
187,103,56,51
171,89,56,53
165,79,51,55
147,69,62,57
147,59,62,62
142,56,65,59
139,53,73,61
141,55,74,53
149,52,68,65
164,57,63,62
184,60,52,61
194,64,54,60
208,73,59,55
221,80,62,55
236,88,65,44
255,90,66,50
276,95,60,57
294,94,56,64
309,101,57,58
323,105,56,60
340,108,53,55
348,105,58,63
356,109,64,54
368,108,58,59
374,109,61,54
382,110,59,58
388,111,58,57
392,108,62,61
395,110,63,60
397,109,64,62
398,108,66,63
403,112,62,56
399,112,62,58
398,114,64,57
391,118,64,55
387,114,67,66
379,120,67,68
366,126,72,68
357,132,71,69
341,141,76,68
326,151,77,72
316,157,79,75
307,162,85,77
297,172,81,72
280,178,82,77
264,193,74,64
239,203,73,66
224,202,69,76
204,202,67,76
187,216,71,68
172,211,67,74
159,216,69,67
147,209,67,76
146,218,57,66
136,224,60,61
134,226,57,63
133,232,58,62
136,241,53,60
137,244,53,61
142,246,53,62
154,252,53,56
168,251,57,58
186,255,49,50
198,249,54,60
217,247,51,55
237,244,52,53
254,246,44,43
274,238,50,40
297,234,46,50
309,226,53,49
328,220,51,49
342,214,54,48
360,209,51,47
373,203,55,47
387,197,52,45
396,193,56,43
403,185,50,46
398,176,58,46
398,170,63,46
393,163,66,48
394,162,56,44
382,155,59,47
368,154,60,45
348,147,66,50
333,144,60,50
321,143,50,48
299,139,52,48
280,136,53,47
259,135,50,40
241,130,47,44
227,123,51,44
211,120,42,54
197,119,42,54
195,115,36,54
182,114,42,50
180,112,40,51
178,111,38,43
177,110,35,41
179,107,36,44
182,109,29,39
182,117,34,38
191,114,33,42
200,112,30,46
208,114,32,50
215,112,38,58
229,116,42,49
239,113,47,45
255,117,53,44
275,116,46,44
288,111,49,49
299,103,51,50
311,95,55,47
319,88,61,49
331,76,58,57
337,71,59,56
339,65,64,57
340,57,66,61
336,58,69,57
332,60,69,58
323,63,75,57
323,69,60,57
310,77,63,53
300,84,56,57
288,95,58,53
273,103,54,50
257,109,51,51
237,118,55,49
220,114,59,56
211,117,48,49
208,116,40,53
198,112,39,54
189,109,43,48
186,105,43,51
185,101,39,50
185,96,36,50
184,94,36,49
187,91,36,47
187,90,41,46
190,93,41,44
196,91,41,48
202,90,36,52
213,96,35,51
218,103,40,49
226,106,49,45
235,113,51,44
245,110,52,47
259,113,51,43
267,107,59,53
282,103,62,53
297,100,54,49
306,92,55,56
311,85,62,59
314,78,70,61
319,71,72,62
318,70,78,57
316,66,82,59
320,68,68,56
312,67,75,65
309,73,67,64
305,76,68,64
298,79,68,69
295,77,75,67
255,106,66,58
249,113,73,53
243,120,72,49
230,123,65,46
218,122,60,43
207,123,73,50
199,123,61,46
201,121,51,47
202,119,45,48
196,117,43,45
195,112,42,45
192,109,42,42
190,105,44,48
195,105,38,45
200,102,34,46
204,106,31,48
208,104,36,50
209,109,39,48
212,113,41,46
218,119,46,48
229,124,44,46
232,121,47,48
246,126,46,45
255,125,52,49
265,123,56,49
274,115,53,55
285,110,54,51
296,105,53,52
308,96,52,58
310,86,58,61
314,80,64,61
317,78,69,57
318,75,71,58
320,75,70,60
319,73,65,66
314,78,72,63
311,87,66,59
304,94,65,58
301,104,59,56
294,114,58,54
285,120,53,55
276,126,51,50
267,133,47,43
255,136,50,41
251,136,44,39
243,136,44,37
237,131,44,40
234,129,43,40
233,127,36,44
232,126,32,41
230,123,32,38
226,119,36,39
227,117,35,40
228,116,36,40
230,117,35,41
231,117,38,44
234,120,38,40
238,121,39,40
240,124,43,39
253,129,37,39
261,130,40,44
271,128,39,49
288,127,34,50
295,124,40,52
302,123,46,54
312,118,51,54
321,113,52,53
330,107,53,53
337,100,53,61
346,97,54,57
348,96,58,59
353,93,54,67
354,96,51,65
353,100,50,63
349,106,54,60
342,109,54,62
334,114,54,63
313,121,65,59
313,126,57,55
302,129,49,58
289,128,51,62
278,136,53,49
268,135,45,48
260,136,42,40
245,131,45,38
239,126,38,38
230,120,37,37
227,113,39,38
215,111,43,35
212,105,46,39
210,103,44,39
207,101,46,41
204,98,53,45
204,102,46,41
206,104,46,44
209,102,43,52
213,106,49,49
221,106,53,45
226,116,54,44
240,108,55,47
255,106,55,47
272,102,53,50
288,95,53,54
299,90,58,55
314,80,58,59
329,73,58,58
342,61,62,61
352,49,66,64
360,42,65,69
365,38,64,70
366,35,71,73
368,43,65,64
363,42,66,72
358,49,64,70
351,59,63,65
337,70,66,61
321,82,70,61
304,91,69,63
293,99,63,58
278,109,61,53
264,123,55,42
253,122,57,41
241,120,62,41
237,114,53,50
223,120,56,41
213,113,57,48
202,111,54,48
196,107,48,49
192,104,50,48
187,106,51,41
187,102,50,41
186,104,51,36
185,102,52,39
186,105,53,36
195,103,45,37
201,105,41,43
209,106,40,48
217,114,42,43
223,114,50,51
238,119,46,45
250,122,49,47
262,125,52,50
277,119,56,57
293,113,56,61
307,109,61,69
326,105,58,63
336,100,63,63
348,92,65,63
363,81,59,67
368,76,63,62
370,66,68,73
374,59,65,75
368,58,72,76
373,52,60,79
364,61,64,74
347,63,71,76
327,72,78,73
320,86,72,64
297,98,78,62
282,106,75,56
266,111,73,60
253,118,66,51
241,123,57,44
224,120,56,50
212,122,51,48
199,117,55,52
195,114,50,50
186,114,49,44
183,108,52,45
182,102,49,48
182,103,46,41
180,100,50,41
185,99,48,40
188,97,46,44
192,101,48,39
198,104,48,41
203,107,47,43
213,107,47,45
221,115,52,47
232,115,50,51
249,116,51,51
259,117,59,52
277,114,54,57
292,110,53,57
304,103,58,61
315,98,60,62
330,91,57,60
340,85,58,59
347,77,59,60
352,70,59,62
356,65,58,63
356,62,60,64
352,64,60,66
343,70,64,68
338,75,62,69
327,86,64,62
312,93,66,64
302,101,62,61
282,105,69,62
268,115,69,58
256,119,63,51
238,122,62,50
223,121,59,50
208,116,68,57
204,112,63,56
194,107,63,48
192,103,55,50
186,104,58,40
183,100,55,43
182,99,55,41
183,96,52,42
185,99,50,38
187,101,52,37
190,100,54,44
197,105,49,40
201,111,52,47
214,113,48,50
220,124,56,46
233,133,50,48
249,140,46,42
259,151,54,48
274,160,55,53
287,168,63,59
299,172,67,64
313,180,71,66
326,183,70,64
349,183,56,70
354,182,59,70
361,185,62,66
366,189,56,69
367,191,58,75
361,200,62,70
359,206,55,66
346,211,61,65
334,214,64,64
312,219,75,64
302,227,69,59
298,228,62,60
279,225,61,58
258,228,67,45
246,217,64,47
237,214,57,42
230,202,56,49
225,196,55,50
218,190,53,48
220,192,47,42
210,181,50,43
203,174,52,42
199,168,49,44
200,163,42,43
194,159,47,46
194,157,43,45
193,159,41,45
198,160,35,49
200,161,40,50
201,167,45,49
204,173,48,46
216,177,46,47
225,182,46,46
236,186,48,46
250,189,46,48
263,191,53,46
281,190,54,49
297,187,53,52
308,182,62,53
327,176,53,56
339,170,57,53
346,160,62,53
361,158,57,49
372,154,57,47
378,151,57,46
380,146,60,48
383,149,61,44
379,150,65,42
376,150,66,43
377,152,58,43
366,157,60,41
356,159,58,41
343,159,59,44
327,159,60,43
312,159,60,43
296,149,59,48
282,142,53,47
261,132,51,40
243,123,51,37
229,105,51,44
209,99,46,47
201,89,39,44
189,87,40,46
176,82,46,43
168,86,43,38
160,83,42,45
153,79,44,54
154,86,41,46
154,91,42,46
155,99,45,46
157,109,50,53
164,120,50,52
180,130,44,48
196,146,41,42
215,160,46,49
235,170,48,46
263,182,55,40
293,183,51,45
317,178,53,55
343,176,57,50
372,173,54,44
393,160,61,49
422,154,55,47
440,146,52,48
456,138,53,47
468,130,55,48
481,122,52,52
493,119,49,49
491,117,56,49
491,124,59,40
491,125,57,42
491,134,54,40
481,143,54,42
470,154,55,42
456,164,54,45
434,177,63,48
403,188,69,47
371,195,71,44
340,201,74,44
309,200,63,44
279,194,58,45
227,173,53,53
191,147,57,40
149,115,58,37
114,70,51,41
59,23,49,36
61,4,40,38
61,4,40,38
61,4,40,38
61,4,40,38
61,4,40,38
61,4,40,38
61,4,40,38
61,4,40,38
61,4,40,38
61,4,40,38
61,4,40,38
61,4,40,38
61,4,40,38
61,4,40,38
61,4,40,38
61,4,40,38
68,5,36,34
68,5,36,34
68,5,36,34
68,5,36,34
68,5,36,34
68,5,36,34
68,5,36,34
68,5,36,34
68,5,36,34
68,5,36,34
68,5,36,34
68,5,36,34
68,5,36,34
68,5,36,34
68,5,36,34
68,5,36,34
68,5,36,34
68,5,36,34
68,5,36,34
68,5,36,34
68,5,36,34
68,5,36,34
68,5,36,34
68,5,36,34
68,5,36,34
68,5,36,34
68,5,36,34
68,5,36,34
68,5,36,34
68,5,36,34
68,5,36,34
68,5,36,34
68,5,36,34
68,5,36,34
68,5,36,34
68,5,36,34
68,5,36,34
68,5,36,34
68,5,36,34
68,5,36,34
68,5,36,34
68,5,36,34
68,5,36,34
68,5,36,34
68,5,36,34
68,5,36,34
68,5,36,34
68,5,36,34
68,5,36,34
68,5,36,34
68,5,36,34
68,5,36,34
68,5,36,34
68,5,36,34
68,5,36,34
68,5,36,34
68,5,36,34
68,5,36,34
68,5,36,34
68,5,36,34
68,5,36,34
68,5,36,34
68,5,36,34
68,5,36,34
68,5,36,34
68,5,36,34
68,5,36,34
68,5,36,34
68,5,36,34
68,5,36,34
68,5,36,34
68,5,36,34
68,5,36,34
68,5,36,34
68,5,36,34
68,5,36,34
68,5,36,34
68,5,36,34
68,5,36,34
68,5,36,34
68,5,36,34
68,5,36,34
68,5,36,34
68,5,36,34
68,5,36,34
68,5,36,34
68,5,36,34
68,5,36,34
68,5,36,34
68,5,36,34
68,5,36,34
68,5,36,34
68,5,36,34
68,5,36,34
68,5,36,34
68,5,36,34
68,5,36,34
68,5,36,34
68,5,36,34
68,5,36,34
68,5,36,34
68,5,36,34
68,5,36,34
68,5,36,34
68,5,36,34
68,5,36,34
68,5,36,34
68,5,36,34
68,5,36,34
68,5,36,34
68,5,36,34
68,5,36,34
68,5,36,34
68,5,36,34
68,5,36,34
68,5,36,34
68,5,36,34
68,5,36,34
68,5,36,34
68,5,36,34
68,5,36,34
68,5,36,34
68,5,36,34
68,5,36,34
68,5,36,34
68,5,36,34
68,5,36,34
68,5,36,34
68,5,36,34
68,5,36,34
68,5,36,34
68,5,36,34
68,5,36,34
68,5,36,34
68,5,36,34
68,5,36,34
68,5,36,34
68,5,36,34
68,5,36,34
68,5,36,34
68,5,36,34
68,5,36,34
68,5,36,34
68,5,36,34
68,5,36,34
68,5,36,34
68,5,36,34
68,5,36,34
68,5,36,34
68,5,36,34
68,5,36,34
68,5,36,34
68,5,36,34
68,5,36,34
68,5,36,34
68,5,36,34
68,5,36,34
68,5,36,34
68,5,36,34
68,5,36,34
68,5,36,34
68,5,36,34
68,5,36,34
68,5,36,34
68,5,36,34
68,5,36,34
68,5,36,34
68,5,36,34
68,5,36,34
68,5,36,34
68,5,36,34
68,5,36,34
68,5,36,34
68,5,36,34
68,5,36,34
68,5,36,34
68,5,36,34
68,5,36,34
68,5,36,34
68,5,36,34
68,5,36,34
68,5,36,34
68,5,36,34
68,5,36,34
68,5,36,34
68,5,36,34
68,5,36,34
68,5,36,34
68,5,36,34
68,5,36,34
68,5,36,34
68,5,36,34
68,5,36,34
68,5,36,34
68,5,36,34
68,5,36,34
68,5,36,34
68,5,36,34
68,5,36,34
68,5,36,34
68,5,36,34
68,5,36,34
68,5,36,34
68,5,36,34
68,5,36,34
68,5,36,34
68,5,36,34
68,5,36,34
68,5,36,34
68,5,36,34
68,5,36,34
68,5,36,34
68,5,36,34
68,5,36,34
68,5,36,34
68,5,36,34
68,5,36,34
68,5,36,34
68,5,36,34
68,5,36,34
68,5,36,34
68,5,36,34
68,5,36,34
68,5,36,34
68,5,36,34
68,5,36,34
68,5,36,34
68,5,36,34
68,5,36,34
68,5,36,34
68,5,36,34
68,5,36,34
68,5,36,34
68,5,36,34
68,5,36,34
68,5,36,34
68,5,36,34
68,5,36,34
68,5,36,34
68,5,36,34
68,5,36,34
68,5,36,34
68,5,36,34
68,5,36,34
68,5,36,34
68,5,36,34
68,5,36,34
68,5,36,34
68,5,36,34
68,5,36,34
68,5,36,34
68,5,36,34
68,5,36,34
68,5,36,34
68,5,36,34
68,5,36,34
68,5,36,34
68,5,36,34
68,5,36,34
68,5,36,34
68,5,36,34
68,5,36,34
68,5,36,34
68,5,36,34
68,5,36,34
68,5,36,34
68,5,36,34
68,5,36,34
68,5,36,34
68,5,36,34
68,5,36,34
68,5,36,34
68,5,36,34
68,5,36,34
68,5,36,34
68,5,36,34
68,5,36,34
68,5,36,34
68,5,36,34
68,5,36,34
68,5,36,34
68,5,36,34
68,5,36,34
68,5,36,34
68,5,36,34
68,5,36,34
68,5,36,34
68,5,36,34
68,5,36,34
68,5,36,34
68,5,36,34
68,5,36,34
68,5,36,34
68,5,36,34
68,5,36,34
68,5,36,34
68,5,36,34
68,5,36,34
68,5,36,34
68,5,36,34
68,5,36,34
68,5,36,34
68,5,36,34
68,5,36,34
68,5,36,34
68,5,36,34
68,5,36,34
68,5,36,34
68,5,36,34
68,5,36,34
68,5,36,34
68,5,36,34
68,5,36,34
68,5,36,34
68,5,36,34
68,5,36,34
68,5,36,34
68,5,36,34
68,5,36,34
68,5,36,34
68,5,36,34
68,5,36,34
68,5,36,34
68,5,36,34
68,5,36,34
68,5,36,34
68,5,36,34
68,5,36,34
68,5,36,34
68,5,36,34
68,5,36,34
68,5,36,34
68,5,36,34
68,5,36,34
68,5,36,34
68,5,36,34
68,5,36,34
68,5,36,34
68,5,36,34
68,5,36,34
68,5,36,34
68,5,36,34
68,5,36,34
68,5,36,34
68,5,36,34
68,5,36,34
68,5,36,34
68,5,36,34
68,5,36,34
68,5,36,34
68,5,36,34
68,5,36,34
68,5,36,34
68,5,36,34
68,5,36,34
68,5,36,34
68,5,36,34
68,5,36,34
68,5,36,34
68,5,36,34
68,5,36,34
68,5,36,34
68,5,36,34
68,5,36,34
68,5,36,34
68,5,36,34
68,5,36,34
68,5,36,34
68,5,36,34
68,5,36,34
68,5,36,34
68,5,36,34
68,5,36,34
68,5,36,34
68,5,36,34
68,5,36,34
68,5,36,34
68,5,36,34
68,5,36,34
68,5,36,34
68,5,36,34
68,5,36,34
68,5,36,34
68,5,36,34
68,5,36,34
68,5,36,34
68,5,36,34
68,5,36,34
68,5,36,34
68,5,36,34
68,5,36,34
68,5,36,34
68,5,36,34
68,5,36,34
68,5,36,34
68,5,36,34
68,5,36,34
68,5,36,34
68,5,36,34
68,5,36,34
68,5,36,34
68,5,36,34
68,5,36,34
68,5,36,34
68,5,36,34
68,5,36,34
68,5,36,34
68,5,36,34
68,5,36,34
68,5,36,34
68,5,36,34
68,5,36,34
68,5,36,34
68,5,36,34
68,5,36,34
68,5,36,34
68,5,36,34
68,5,36,34
68,5,36,34
68,5,36,34
68,5,36,34
68,5,36,34
68,5,36,34
68,5,36,34
68,5,36,34
68,5,36,34
68,5,36,34
68,5,36,34
68,5,36,34
68,5,36,34
68,5,36,34
68,5,36,34
68,5,36,34
68,5,36,34
68,5,36,34
68,5,36,34
68,5,36,34
68,5,36,34
68,5,36,34
68,5,36,34
68,5,36,34
68,5,36,34
68,5,36,34
68,5,36,34
68,5,36,34
68,5,36,34
68,5,36,34
68,5,36,34
68,5,36,34
68,5,36,34
68,5,36,34
68,5,36,34
68,5,36,34
68,5,36,34
68,5,36,34
68,5,36,34
68,5,36,34
68,5,36,34
68,5,36,34
68,5,36,34
68,5,36,34
68,5,36,34
68,5,36,34
68,5,36,34
68,5,36,34
68,5,36,34
68,5,36,34
68,5,36,34
68,5,36,34
68,5,36,34
68,5,36,34
68,5,36,34
68,5,36,34
68,5,36,34
68,5,36,34
68,5,36,34
68,5,36,34
68,5,36,34
68,5,36,34
68,5,36,34
68,5,36,34
68,5,36,34
68,5,36,34
68,5,36,34
68,5,36,34
68,5,36,34
68,5,36,34
68,5,36,34
68,5,36,34
68,5,36,34
68,5,36,34
68,5,36,34
68,5,36,34
68,5,36,34
68,5,36,34
68,5,36,34
68,5,36,34
68,5,36,34
68,5,36,34
68,5,36,34
68,5,36,34
68,5,36,34
68,5,36,34
68,5,36,34
68,5,36,34
68,5,36,34
68,5,36,34
68,5,36,34
68,5,36,34
68,5,36,34
68,5,36,34
68,5,36,34
68,5,36,34
68,5,36,34
68,5,36,34
68,5,36,34
68,5,36,34
68,5,36,34
68,5,36,34
68,5,36,34
68,5,36,34
68,5,36,34
68,5,36,34
68,5,36,34
68,5,36,34
68,5,36,34
68,5,36,34
68,5,36,34
68,5,36,34
68,5,36,34
68,5,36,34
68,5,36,34
68,5,36,34
68,5,36,34
68,5,36,34
68,5,36,34
68,5,36,34
68,5,36,34
68,5,36,34
68,5,36,34
68,5,36,34
68,5,36,34
68,5,36,34
68,5,36,34
68,5,36,34
68,5,36,34
68,5,36,34
68,5,36,34
68,5,36,34
68,5,36,34
68,5,36,34
68,5,36,34
68,5,36,34
68,5,36,34
68,5,36,34
68,5,36,34
68,5,36,34
68,5,36,34
68,5,36,34
68,5,36,34
68,5,36,34
68,5,36,34
68,5,36,34
68,5,36,34
68,5,36,34
68,5,36,34
68,5,36,34
68,5,36,34
68,5,36,34
68,5,36,34
68,5,36,34
68,5,36,34
68,5,36,34
68,5,36,34
68,5,36,34
68,5,36,34
68,5,36,34
68,5,36,34
68,5,36,34
68,5,36,34
68,5,36,34
68,5,36,34
68,5,36,34
68,5,36,34
68,5,36,34
68,5,36,34
68,5,36,34
68,5,36,34
68,5,36,34
68,5,36,34
68,5,36,34
68,5,36,34
68,5,36,34
68,5,36,34
68,5,36,34
68,5,36,34
68,5,36,34
68,5,36,34
68,5,36,34
68,5,36,34
68,5,36,34
68,5,36,34
68,5,36,34
68,5,36,34
68,5,36,34
68,5,36,34
68,5,36,34
68,5,36,34
68,5,36,34
68,5,36,34
68,5,36,34
68,5,36,34
68,5,36,34
68,5,36,34
68,5,36,34
68,5,36,34
68,5,36,34
68,5,36,34
68,5,36,34
68,5,36,34
68,5,36,34
68,5,36,34
68,5,36,34
68,5,36,34
68,5,36,34
68,5,36,34
68,5,36,34
68,5,36,34
68,5,36,34
68,5,36,34
68,5,36,34
68,5,36,34
68,5,36,34
68,5,36,34
68,5,36,34
68,5,36,34
68,5,36,34
68,5,36,34
68,5,36,34
68,5,36,34
68,5,36,34
68,5,36,34
68,5,36,34
68,5,36,34
68,5,36,34
68,5,36,34
68,5,36,34
68,5,36,34
68,5,36,34
68,5,36,34
68,5,36,34
68,5,36,34
68,5,36,34
68,5,36,34
68,5,36,34
68,5,36,34
68,5,36,34
68,5,36,34
68,5,36,34
68,5,36,34
68,5,36,34
68,5,36,34
68,5,36,34
68,5,36,34
68,5,36,34
68,5,36,34
68,5,36,34
68,5,36,34
68,5,36,34
68,5,36,34
68,5,36,34
68,5,36,34
68,5,36,34
68,5,36,34
68,5,36,34
68,5,36,34
68,5,36,34
68,5,36,34
68,5,36,34
68,5,36,34
68,5,36,34
68,5,36,34
68,5,36,34
68,5,36,34
68,5,36,34
68,5,36,34
68,5,36,34
68,5,36,34
68,5,36,34
68,5,36,34
68,5,36,34
68,5,36,34
68,5,36,34
68,5,36,34
68,5,36,34
68,5,36,34
68,5,36,34
68,5,36,34
68,5,36,34
68,5,36,34
68,5,36,34
68,5,36,34
68,5,36,34
68,5,36,34
68,5,36,34
68,5,36,34
68,5,36,34
68,5,36,34
68,5,36,34
68,5,36,34
68,5,36,34
68,5,36,34
68,5,36,34
68,5,36,34
68,5,36,34
68,5,36,34
68,5,36,34
68,5,36,34
68,5,36,34
68,5,36,34
68,5,36,34
68,5,36,34
68,5,36,34
68,5,36,34
68,5,36,34
68,5,36,34
68,5,36,34
68,5,36,34
68,5,36,34
68,5,36,34
68,5,36,34
68,5,36,34
68,5,36,34
68,5,36,34
68,5,36,34
68,5,36,34
68,5,36,34
68,5,36,34
68,5,36,34
68,5,36,34
68,5,36,34
68,5,36,34
68,5,36,34
68,5,36,34
68,5,36,34
68,5,36,34
68,5,36,34
68,5,36,34
68,5,36,34
68,5,36,34
68,5,36,34
68,5,36,34
68,5,36,34
68,5,36,34
68,5,36,34
68,5,36,34
68,5,36,34
68,5,36,34
68,5,36,34
68,5,36,34
68,5,36,34
68,5,36,34
68,5,36,34
68,5,36,34
68,5,36,34
68,5,36,34
68,5,36,34
68,5,36,34
68,5,36,34
68,5,36,34
68,5,36,34
68,5,36,34
68,5,36,34
68,5,36,34
68,5,36,34
68,5,36,34
68,5,36,34
68,5,36,34
68,5,36,34
68,5,36,34
68,5,36,34
68,5,36,34
68,5,36,34
68,5,36,34
68,5,36,34
68,5,36,34
68,5,36,34
68,5,36,34
68,5,36,34
68,5,36,34
68,5,36,34
68,5,36,34
68,5,36,34
68,5,36,34
68,5,36,34
68,5,36,34
68,5,36,34
68,5,36,34
68,5,36,34
68,5,36,34
68,5,36,34
68,5,36,34
68,5,36,34
68,5,36,34
68,5,36,34
68,5,36,34
68,5,36,34
68,5,36,34
68,5,36,34
68,5,36,34
68,5,36,34
68,5,36,34
68,5,36,34
68,5,36,34
68,5,36,34
68,5,36,34
68,5,36,34
68,5,36,34
68,5,36,34
68,5,36,34
68,5,36,34
68,5,36,34
68,5,36,34
68,5,36,34
68,5,36,34
68,5,36,34
68,5,36,34
68,5,36,34
68,5,36,34
68,5,36,34
68,5,36,34
68,5,36,34
68,5,36,34
68,5,36,34
68,5,36,34
68,5,36,34
68,5,36,34
68,5,36,34
68,5,36,34
68,5,36,34
68,5,36,34
68,5,36,34
68,5,36,34
68,5,36,34
68,5,36,34
68,5,36,34
68,5,36,34
68,5,36,34
68,5,36,34
68,5,36,34
68,5,36,34
68,5,36,34
68,5,36,34
68,5,36,34
68,5,36,34
68,5,36,34
68,5,36,34
68,5,36,34
68,5,36,34
68,5,36,34
68,5,36,34
68,5,36,34
68,5,36,34
68,5,36,34
68,5,36,34
68,5,36,34
68,5,36,34
68,5,36,34
68,5,36,34
68,5,36,34
68,5,36,34
68,5,36,34
68,5,36,34
68,5,36,34
68,5,36,34
68,5,36,34
68,5,36,34
68,5,36,34
68,5,36,34
68,5,36,34
68,5,36,34
68,5,36,34
68,5,36,34
68,5,36,34
68,5,36,34
68,5,36,34
68,5,36,34
68,5,36,34
68,5,36,34
68,5,36,34
68,5,36,34
68,5,36,34
68,5,36,34
68,5,36,34
68,5,36,34
68,5,36,34
68,5,36,34
68,5,36,34
68,5,36,34
68,5,36,34
68,5,36,34
68,5,36,34
68,5,36,34
68,5,36,34
68,5,36,34
68,5,36,34
68,5,36,34
68,5,36,34
68,5,36,34
68,5,36,34
68,5,36,34
68,5,36,34
68,5,36,34
68,5,36,34
68,5,36,34
68,5,36,34
68,5,36,34
68,5,36,34
68,5,36,34
68,5,36,34
68,5,36,34
68,5,36,34
68,5,36,34
68,5,36,34
68,5,36,34
68,5,36,34
68,5,36,34
68,5,36,34
68,5,36,34
68,5,36,34
68,5,36,34
68,5,36,34
68,5,36,34
68,5,36,34
68,5,36,34
68,5,36,34
68,5,36,34
68,5,36,34
68,5,36,34
68,5,36,34
68,5,36,34
68,5,36,34
68,5,36,34
68,5,36,34
68,5,36,34
68,5,36,34
68,5,36,34
68,5,36,34
68,5,36,34
68,5,36,34
68,5,36,34
68,5,36,34
68,5,36,34
68,5,36,34
68,5,36,34
68,5,36,34
68,5,36,34
68,5,36,34
68,5,36,34
68,5,36,34
68,5,36,34
68,5,36,34
68,5,36,34
68,5,36,34
68,5,36,34
68,5,36,34
68,5,36,34
68,5,36,34
68,5,36,34
68,5,36,34
68,5,36,34
68,5,36,34
68,5,36,34
68,5,36,34
68,5,36,34
68,5,36,34
68,5,36,34
68,5,36,34
68,5,36,34
68,5,36,34
68,5,36,34
68,5,36,34
68,5,36,34
68,5,36,34
68,5,36,34
68,5,36,34
68,5,36,34
68,5,36,34
68,5,36,34
68,5,36,34
68,5,36,34
68,5,36,34
68,5,36,34
68,5,36,34
68,5,36,34
68,5,36,34
68,5,36,34
68,5,36,34
68,5,36,34
68,5,36,34
68,5,36,34
68,5,36,34
68,5,36,34
68,5,36,34
68,5,36,34
68,5,36,34
68,5,36,34
68,5,36,34
68,5,36,34
68,5,36,34
68,5,36,34
68,5,36,34
68,5,36,34
68,5,36,34
68,5,36,34
68,5,36,34
68,5,36,34
68,5,36,34
68,5,36,34
68,5,36,34
68,5,36,34
68,5,36,34
68,5,36,34
68,5,36,34
68,5,36,34
68,5,36,34
68,5,36,34
68,5,36,34
68,5,36,34
68,5,36,34
68,5,36,34
68,5,36,34
68,5,36,34
68,5,36,34
68,5,36,34
68,5,36,34
68,5,36,34
68,5,36,34
68,5,36,34
68,5,36,34
68,5,36,34
68,5,36,34
68,5,36,34
68,5,36,34
