167,228,56,52
169,228,47,47
167,231,47,40
167,231,45,38
164,231,47,36
162,228,48,36
160,226,48,35
159,225,47,35
158,223,45,35
157,220,47,35
157,214,44,42
156,214,44,39
155,215,45,34
154,215,45,33
153,216,45,34
151,215,44,36
151,216,43,36
151,214,43,39
153,214,40,40
153,213,40,40
153,221,37,37
151,223,39,38
151,229,39,38
151,235,37,38
151,236,41,40
152,233,40,42
157,229,40,41
158,227,39,41
162,226,41,44
167,227,39,46
172,226,39,49
176,223,39,51
181,221,41,46
185,217,44,50
197,214,37,56
204,217,37,58
206,211,41,59
213,208,45,55
218,207,41,44
224,213,44,44
229,216,49,49
238,211,47,53
246,207,45,51
255,204,42,48
256,202,43,43
262,206,44,51
265,205,47,52
268,208,48,49
274,214,46,52
275,217,46,48
279,227,44,47
282,235,44,47
285,236,40,46
286,246,41,42
287,253,45,43
284,260,44,41
285,265,47,43
281,264,42,42
281,268,37,36
281,266,32,36
277,264,38,42
272,263,37,42
268,262,37,43
266,263,41,43
264,262,39,49
258,259,42,48
254,258,40,50
244,259,47,43
244,255,44,48
243,252,36,45
239,251,37,47
231,247,36,48
230,245,35,51
226,244,32,46
223,243,32,47
218,241,33,47
215,241,37,47
215,240,34,49
215,237,34,50
216,235,34,48
216,232,34,49
214,231,35,46
217,232,38,47
218,232,40,46
223,230,39,46
225,229,41,50
232,228,42,50
238,226,44,46
248,224,37,48
257,227,41,42
265,226,38,42
274,224,39,42
284,225,39,43
293,223,41,45
300,221,44,49
307,222,50,46
315,224,47,43
326,221,45,46
334,217,45,48
341,214,52,48
346,211,50,43
355,208,50,44
359,210,49,40
368,207,53,47
374,206,48,48
374,202,51,50
374,196,49,50
375,192,52,50
368,190,54,48
367,191,55,48
370,196,48,45
364,199,46,48
358,200,48,51
349,204,50,48
341,205,47,52
337,214,47,48
320,212,53,55
316,208,49,54
304,210,49,53
286,207,58,60
281,210,52,55
275,209,46,50
264,207,48,52
259,202,40,48
248,195,47,53
242,190,45,50
236,184,43,55
228,184,47,55
216,193,49,53
209,194,53,57
199,205,54,56
199,212,49,55
195,220,45,52
194,224,43,43
190,222,42,46
182,221,49,50
182,220,43,49
181,218,42,47
179,214,42,49
174,213,51,47
177,211,51,45
172,208,55,44
176,203,48,42
176,194,50,40
179,187,47,44
182,179,42,42
184,174,42,41
188,169,38,40
191,164,34,45
193,163,37,42
198,162,33,43
200,165,34,40
200,165,36,42
204,167,36,42
203,168,40,40
205,166,40,43
208,168,42,39
211,169,44,41
215,170,45,44
220,175,41,44
221,183,43,49
225,194,47,43
228,200,50,43
236,202,41,44
243,201,39,46
243,202,43,46
249,203,44,47
254,208,43,37
257,205,43,44
262,201,42,48
264,200,42,49
268,197,42,48
267,199,49,45
273,199,42,42
271,199,43,48
271,199,43,48
271,199,43,48
271,199,43,48
271,199,43,48
271,199,43,48
271,199,43,48
271,199,43,48
271,199,43,48
271,199,43,48
271,199,43,48
271,199,43,48
172,245,34,48
173,216,29,42
200,225,36,46
206,213,44,45
227,219,51,54
237,214,56,62
252,215,58,64
268,219,63,60
284,217,60,56
304,214,51,57
313,213,51,57
320,209,56,55
325,206,58,49
333,200,53,49
339,196,53,49
342,193,53,48
343,189,54,48
347,186,47,49
347,188,48,45
344,189,49,45
343,192,48,46
345,192,42,46
341,194,42,43
338,193,42,49
337,194,40,46
332,199,42,43
326,195,38,50
324,195,38,52
312,197,47,50
313,201,40,50
302,206,43,48
300,206,43,52
287,205,49,57
284,213,47,56
277,219,51,54
266,220,50,53
260,220,48,49
252,217,53,47
238,210,59,52
232,198,58,55
227,190,51,57
220,182,48,59
208,177,52,60
202,165,53,62
193,161,53,59
186,154,53,59
177,153,54,53
169,149,54,55
163,146,58,56
161,149,57,57
159,152,58,54
156,151,56,58
152,158,57,60
147,164,61,64
145,174,59,57
141,182,63,52
141,188,63,54
143,193,64,54
149,190,58,61
151,193,59,55
156,192,57,53
159,185,60,49
170,174,54,52
175,162,53,54
181,157,52,52
188,151,47,51
193,146,46,51
201,145,43,46
204,141,41,48
210,140,42,46
215,141,39,44
219,139,37,46
220,139,38,45
222,139,38,45
221,139,38,44
223,140,39,42
220,138,42,44
219,143,44,36
218,139,40,42
215,137,42,45
213,139,41,40
206,136,44,43
204,139,43,37
201,135,42,38
194,129,42,46
190,127,41,45
184,126,44,43
179,120,43,51
173,117,47,53
168,117,49,50
168,119,46,43
167,112,48,49
165,107,48,50
167,104,45,53
170,103,47,50
173,99,49,53
179,95,45,61
187,93,47,63
194,93,48,61
204,94,44,55
215,94,43,57
223,93,44,55
229,93,50,59
240,95,48,55
251,97,43,49
259,95,41,52
268,97,40,49
276,97,38,48
282,97,39,47
283,93,38,48
288,94,39,48
291,94,35,43
288,93,41,43
287,95,43,40
284,95,45,40
282,97,43,42
280,100,40,43
270,98,47,50
267,106,42,44
255,104,45,50
247,109,45,49
235,115,47,47
225,116,42,46
215,112,38,52
202,112,40,53
189,113,41,49
173,113,42,51
155,114,51,51
142,118,54,55
125,119,60,54
115,125,61,45
113,127,59,46
99,127,60,45
103,129,57,47
107,132,57,46
113,132,64,44
120,137,57,37
130,130,60,44
139,131,61,41
151,128,59,41
168,124,53,45
185,125,44,44
196,122,49,47
210,120,45,45
227,121,40,43
243,124,37,37
252,122,39,43
263,122,39,43
275,123,35,44
284,123,34,43
291,124,32,44
292,123,35,46
296,125,36,43
299,127,35,46
300,131,36,44
299,130,35,49
297,135,34,48
292,137,34,49
282,146,36,44
271,153,39,44
263,151,32,50
251,159,33,47
231,163,40,49
215,163,42,50
200,167,44,44
175,166,52,50
155,170,55,43
130,179,49,36
112,176,43,38
99,171,47,41
102,174,39,36
88,171,44,43
86,167,44,47
77,164,40,51
62,164,47,47
59,161,45,50
56,162,41,49
58,164,35,44
52,171,41,40
53,172,40,37
52,178,45,36
54,175,46,42
61,179,50,37
71,181,44,36
81,181,40,38
88,181,41,41
96,181,46,42
105,183,44,41
117,182,40,40
126,180,41,44
137,183,37,41
143,184,40,40
151,183,40,41
159,185,40,37
166,182,37,44
173,186,36,41
176,188,37,40
179,187,35,43
180,188,38,45
180,187,37,45
181,187,37,46
179,186,36,49
176,189,36,48
172,192,40,43
165,194,45,44
158,194,46,43
154,198,44,42
141,197,49,45
136,195,49,49
133,197,43,46
120,200,50,48
119,204,45,45
111,207,42,44
109,210,41,42
103,207,45,48
100,211,44,46
100,214,38,39
97,216,39,40
91,217,41,41
95,219,42,41
91,220,49,41
101,220,47,40
108,222,43,35
116,220,42,41
124,219,42,43
127,218,44,44
136,220,42,39
139,220,41,35
146,217,41,40
150,218,43,36
154,216,41,37
158,217,42,34
165,215,40,40
167,217,40,36
171,215,35,35
168,212,40,40
171,212,36,37
171,212,36,37
169,207,36,42
167,204,37,45
166,204,35,46
158,205,38,42
156,204,33,38
151,203,36,40
145,202,36,42
137,201,37,44
132,203,40,39
124,200,40,41
124,203,34,34
114,203,37,36
105,200,41,36
103,201,38,36
92,200,37,39
86,198,46,38
78,196,51,41
75,198,54,40
91,198,42,36
90,197,41,36
91,192,37,42
92,190,36,44
92,192,39,44
93,190,35,49
95,191,36,48
92,192,42,45
95,192,41,44
99,194,40,45
100,197,40,42
104,195,40,48
108,196,41,50
107,205,45,47
108,209,49,45
114,212,47,43
119,214,50,46
124,215,50,45
127,216,51,42
132,214,52,40
147,215,40,40
150,217,40,32
157,216,41,37
161,216,41,34
172,212,35,39
176,210,35,43
179,209,35,43
182,209,36,43
186,207,34,40
187,205,33,41
187,205,33,38
188,201,32,39
187,200,31,37
184,199,32,35
179,199,36,32
177,200,38,30
172,197,40,35
170,200,42,31
166,196,40,35
166,197,40,34
157,195,44,34
148,197,44,34
139,197,38,38
129,194,41,43
118,195,38,44
108,191,39,53
93,192,42,53
79,191,46,54
69,189,43,56
57,189,45,55
45,186,49,52
33,181,51,52
17,179,59,49
2,172,68,46
-1,169,63,41
2,168,60,40
0,157,70,46
6,150,65,56
6,157,67,50
17,166,65,40
27,163,64,45
36,163,60,54
51,169,53,57
61,177,53,53
72,184,54,55
83,184,57,59
97,189,57,57
117,193,47,55
129,191,45,52
140,195,43,42
151,192,44,41
164,184,42,44
173,182,40,42
177,177,40,41
180,173,44,39
186,167,43,41
188,164,43,39
193,159,35,41
192,156,37,40
189,150,38,39
188,143,36,42
184,139,37,38
182,134,32,41
174,131,34,40
167,125,36,42
160,122,37,39
147,117,42,36
136,108,44,38
127,97,44,42
120,85,44,44
115,72,44,42
108,61,44,46
93,55,54,43
84,52,53,42
80,53,53,48
73,51,57,56
68,57,60,51
69,62,57,39
66,65,62,44
75,67,53,42
83,69,50,48
91,71,52,54
101,73,51,47
114,75,49,45
126,75,49,51
138,78,50,46
153,79,48,48
166,80,44,45
178,78,44,46
188,79,43,46
197,78,41,42
204,74,41,43
208,69,43,47
211,66,45,44
214,67,43,42
217,64,40,46
216,61,41,47
216,61,37,49
211,61,38,48
202,63,39,44
196,66,40,42
186,63,44,46
172,61,46,49
158,59,47,50
134,48,48,53
118,50,52,47
97,33,48,47
79,26,55,54
57,10,65,64
38,1,64,63
19,4,64,48
1,-4,61,47
1,-4,61,47
1,-4,61,47
1,-4,61,47
1,-4,61,47
1,-4,61,47
1,-4,61,47
1,-4,61,47
1,-4,61,47
1,-4,61,47
-12,76,54,53
-12,76,54,53
4,125,49,45
14,151,51,46
48,179,45,44
57,198,55,48
67,227,65,43
89,238,67,49
109,251,62,52
131,255,53,57
153,265,44,48
169,281,42,39
181,282,44,47
198,296,38,47
206,312,41,40
206,312,41,40
206,312,41,40
206,312,41,40
206,312,41,40
206,312,41,40
206,312,41,40
206,312,41,40
206,312,41,40
206,312,41,40
206,312,41,40
206,312,41,40
206,312,41,40
206,312,41,40
206,312,41,40
206,312,41,40
206,312,41,40
206,312,41,40
206,312,41,40
206,312,41,40
206,312,41,40
206,312,41,40
206,312,41,40
206,312,41,40
206,312,41,40
206,312,41,40
206,312,41,40
206,312,41,40
206,312,41,40
206,312,41,40
206,312,41,40
206,312,41,40
206,312,41,40
206,312,41,40
206,312,41,40
206,312,41,40
206,312,41,40
206,312,41,40
206,312,41,40
206,312,41,40
206,312,41,40
206,312,41,40
206,312,41,40
206,312,41,40
206,312,41,40
206,312,41,40
209,320,40,36
205,295,40,45
195,267,47,54
190,251,49,55
191,233,50,58
190,210,53,52
192,197,47,54
191,186,49,50
191,176,48,52
193,171,48,50
195,160,47,56
198,155,46,55
199,152,49,51
203,149,47,50
203,145,49,57
208,143,48,58
208,144,49,60
212,148,48,56
215,150,45,57
217,152,45,58
219,156,41,59
220,163,42,57
216,172,44,56
216,177,45,56
213,183,48,56
210,188,50,60
203,202,52,56
201,213,48,57
193,224,53,63
189,238,54,64
182,249,53,63
178,258,56,53
165,269,58,61
162,269,57,69
149,287,59,63
154,292,48,55
152,306,44,48
151,307,41,53
146,319,41,44
135,323,43,35
136,329,41,29
137,333,44,27
140,331,41,24
144,336,36,20
147,334,34,21
150,332,33,22
149,331,35,22
157,331,33,22
159,331,32,22
164,330,35,22
167,330,38,22
173,328,37,25
174,326,37,25
181,323,38,29
188,321,38,29
193,320,34,28
198,317,34,31
204,313,31,34
207,311,32,38
206,307,37,41
211,304,36,44
208,302,44,47
212,299,43,51
216,296,41,57
218,294,41,55
217,292,43,57
219,290,38,59
221,288,36,61
217,288,37,57
215,284,39,61
210,287,43,60
210,285,39,61
205,287,39,58
200,287,39,61
199,291,37,59
187,294,42,58
183,296,41,56
181,299,39,52
176,305,38,48
175,307,36,42
166,306,36,45
161,305,36,46
152,305,36,50
148,303,40,53
140,302,46,53
138,305,43,49
141,302,41,47
137,297,45,52
138,297,44,47
139,294,46,48
143,291,42,48
148,287,43,51
152,284,39,49
157,277,43,50
163,276,44,46
171,271,42,44
177,267,45,44
187,265,37,40
195,260,35,47
195,257,38,45
200,257,42,45
204,260,41,38
210,258,43,38
213,256,38,39
213,254,42,46
218,256,44,41
222,259,38,40
222,261,40,48
222,264,38,47
221,269,39,54
216,274,42,58
209,284,45,56
204,292,47,55
201,294,43,52
192,305,44,47
183,310,40,39
169,320,44,32
158,319,43,30
150,315,38,35
131,314,38,34
110,313,44,37
96,307,49,41
77,305,47,48
68,303,47,46
61,300,41,48
61,300,41,48
61,300,41,48
61,300,41,48
61,300,41,48
61,300,41,48
61,300,41,48
61,300,41,48
51,315,38,42
59,318,40,36
64,325,43,31
79,327,41,28
96,326,38,26
113,324,37,27
124,322,40,28
141,312,41,35
160,310,36,39
181,306,26,41
195,295,27,46
203,287,30,44
210,281,38,43
218,269,42,50
227,268,46,45
237,265,45,38
248,262,41,37
257,256,35,44
262,255,34,41
265,254,33,42
270,256,30,42
271,257,32,41
273,261,29,42
269,265,36,45
267,268,34,46
265,276,33,46
260,287,37,45
247,287,45,50
240,295,53,53
229,293,44,58
217,297,40,56
203,302,46,52
194,305,39,47
183,308,38,47
169,312,37,40
145,307,45,48
131,304,50,49
120,299,49,50
106,295,53,53
101,294,53,52
96,285,53,58
96,282,51,56
100,277,46,57
104,273,48,52
111,264,48,52
119,259,49,54
126,257,48,49
138,248,46,46
146,245,43,43
160,237,42,37
171,231,42,40
182,220,39,41
191,212,41,40
202,204,38,40
213,197,36,40
220,190,39,38
230,182,38,38
241,172,34,40
243,165,40,41
254,156,36,42
259,150,37,41
263,145,40,41
269,141,39,39
275,135,40,44
279,129,38,49
281,126,40,51
283,132,43,46
287,137,39,47
288,137,38,48
290,144,34,44
288,140,34,49
286,147,34,49
280,149,36,50
266,150,41,55
253,149,41,58
238,150,41,55
219,152,46,52
199,150,50,56
184,154,44,54
154,168,55,45
130,179,54,47
113,184,58,53
94,186,57,59
72,192,65,56
60,192,63,58
51,194,67,53
46,190,65,54
44,185,60,58
44,186,61,55
48,187,56,53
46,192,56,48
48,193,54,49
49,204,55,49
52,210,55,44
55,223,51,46
61,231,49,49
64,242,45,45
72,248,46,54
74,258,46,52
80,260,54,56
80,275,58,51
93,285,61,57
105,286,57,60
115,288,57,56
127,290,57,60
138,294,53,57
150,294,47,59
161,299,46,50
172,301,45,49
185,303,36,49
188,305,40,47
197,307,38,46
202,307,39,43
206,311,38,36
209,308,42,40
214,306,43,40
217,301,46,42
223,296,47,44
227,295,47,42
236,289,47,47
242,285,52,52
251,285,51,56
261,285,48,59
272,290,47,57
281,298,49,58
298,306,45,51
303,309,44,46
311,311,40,38
312,308,46,46
316,305,40,50
317,303,43,50
312,300,48,56
315,304,44,49
316,301,36,53
306,302,39,51
302,301,43,53
291,301,44,51
278,297,49,57
266,293,48,63
251,289,55,67
248,287,52,61
235,287,52,59
225,282,53,64
209,277,63,58
203,272,64,59
199,263,55,68
199,263,48,67
188,263,50,63
182,262,50,58
174,262,54,53
168,260,51,52
163,260,48,47
158,256,48,47
153,255,50,46
150,254,48,43
150,252,47,47
144,253,49,49
146,251,42,50
145,250,41,53
142,251,44,52
142,251,42,52
143,249,43,53
142,248,44,55
146,250,42,51
148,246,41,56
148,246,42,54
151,243,40,56
152,242,41,53
155,245,41,46
158,240,38,51
159,238,39,53
162,238,37,49
163,235,35,51
161,234,36,51
161,235,37,49
157,232,40,49
157,234,38,48
156,232,35,48
153,231,36,48
151,231,35,44
144,231,37,46
144,229,32,46
141,228,33,46
137,227,33,46
133,226,34,44
129,226,35,41
125,223,35,44
120,222,40,41
118,219,36,45
118,222,35,40
115,218,36,46
115,219,34,44
115,217,31,44
117,218,30,43
114,218,30,41
110,216,35,42
108,216,36,45
107,214,36,47
107,214,37,45
108,216,36,44
108,215,37,44
109,212,37,47
109,218,40,43
112,214,41,43
114,217,39,43
117,215,39,45
120,215,37,46
125,213,36,47
129,215,33,44
129,214,36,46
131,216,38,42
134,212,35,49
135,214,37,46
138,214,34,46
138,216,36,43
140,217,35,43
142,215,34,46
140,214,37,48
141,213,36,48
140,216,37,44
140,217,35,43
140,214,33,48
136,214,35,44
136,214,32,46
136,213,31,49
133,213,31,48
130,212,33,48
129,213,31,45
126,214,31,45
122,214,32,45
119,217,34,38
119,218,32,40
117,217,32,41
115,215,33,45
112,217,35,42
115,217,34,45
114,216,33,44
117,219,33,41
118,218,34,42
118,217,34,44
121,218,33,45
123,216,33,43
123,213,39,47
125,212,38,46
130,211,37,42
132,209,34,44
133,206,37,46
137,204,35,48
138,201,37,50
141,199,35,46
142,197,37,48
146,193,36,46
147,192,38,45
149,189,41,44
152,184,44,44
154,183,46,39
161,178,43,41
165,171,44,44
170,168,44,43
177,160,44,47
183,153,40,50
189,148,42,49
195,144,45,50
200,143,47,48
213,139,40,50
220,138,40,49
225,138,44,53
234,135,43,56
243,134,43,56
254,136,43,55
262,134,42,59
270,134,40,58
274,134,42,57
282,135,44,57
284,135,45,60
286,139,49,58
289,144,45,54
293,146,42,56
291,150,44,56
292,155,41,56
287,159,45,53
282,166,45,53
280,168,41,53
268,168,45,56
260,171,50,51
249,170,52,54
247,175,49,47
238,172,47,48
234,171,45,53
222,171,48,52
219,168,46,51
212,169,47,47
205,168,47,50
199,170,52,41
197,166,50,46
194,168,51,42
194,165,46,46
194,162,47,51
192,169,51,45
203,166,46,51
208,169,49,47
218,169,44,53
225,169,45,53
232,175,46,53
244,176,47,52
257,174,46,54
269,178,45,54
281,181,48,48
291,181,49,50
302,177,53,56
315,180,50,54
329,178,49,56
332,176,50,60
341,178,53,56
344,181,58,50
356,177,55,54
361,179,53,52
370,179,53,52
375,180,49,48
378,178,48,52
379,178,51,54
381,179,50,55
382,185,47,51
379,187,46,48
375,189,48,47
369,190,49,51
368,190,46,50
363,191,44,55
353,192,47,53
345,193,44,54
335,197,47,45
328,197,46,49
320,198,46,46
316,198,47,44
312,197,44,42
307,194,44,47
303,196,48,45
301,195,46,44
299,195,46,41
297,193,47,45
296,196,47,40
295,195,49,44
296,194,50,44
293,193,53,46
299,195,51,42
303,196,50,46
308,196,50,47
312,195,52,51
317,201,55,47
327,201,53,52
334,205,50,44
343,201,47,49
350,203,52,50
354,198,54,54
359,198,55,54
364,203,55,49
368,212,54,48
374,217,54,49
378,219,52,53
380,217,55,53
383,217,54,48
388,212,55,51
395,216,49,45
393,211,53,50
396,211,53,48
394,209,57,47
395,204,55,50
391,200,59,52
391,199,56,48
394,201,54,44
394,199,51,52
387,204,57,54
387,216,56,53
383,219,60,57
385,223,55,59
386,224,50,56
384,229,51,47
379,231,54,49
379,236,46,51
373,246,48,56
367,245,49,63
360,243,51,68
358,239,46,73
353,242,49,81
345,247,55,94
341,269,63,83
333,270,58,80
322,275,65,69
322,274,56,67
320,269,51,67
313,265,57,67
307,260,56,65
310,258,49,58
309,252,47,61
306,252,46,50
309,249,42,55
308,247,40,56
308,250,40,52
305,251,40,53
301,253,43,50
303,255,38,49
300,257,38,42
297,253,37,45
292,244,40,46
289,236,39,43
287,235,36,39
280,233,36,38
276,232,38,43
272,235,37,42
268,243,39,43
264,251,44,45
261,258,44,45
251,255,47,50
249,258,45,48
247,257,47,51
247,254,44,53
249,251,43,54
248,247,46,51
251,245,44,49
254,239,44,47
258,234,43,46
264,231,44,49
272,226,42,50
281,225,41,50
288,224,45,53
292,222,46,58
297,225,49,58
305,229,47,58
310,241,50,55
315,255,49,50
319,258,50,52
322,263,47,53
324,266,51,52
321,268,52,52
320,265,49,48
316,264,50,52
310,261,52,50
304,256,50,52
296,248,57,52
284,242,61,51
272,230,56,49
260,225,54,47
246,219,49,44
234,212,52,48
223,198,44,57
205,194,47,54
185,188,52,53
163,184,54,52
145,177,60,61
138,171,58,56
131,169,54,54
126,158,56,56
122,154,55,50
127,146,49,52
126,141,52,50
130,138,50,50
133,135,57,53
146,132,54,53
156,136,50,47
163,135,60,49
178,135,57,49
194,136,55,51
212,140,50,49
223,147,55,55
239,151,44,48
252,152,46,48
263,156,49,49
275,159,50,48
291,163,45,48
299,167,44,47
304,171,45,49
306,182,48,47
309,190,47,49
311,201,51,49
309,210,50,57
308,221,48,65
302,234,48,75
296,255,49,69
284,274,55,62
268,293,51,54
256,303,44,54
226,316,50,44
226,318,47,36
226,318,47,36
226,318,47,36
226,318,47,36
226,318,47,36
226,318,47,36
226,318,47,36
226,318,47,36
155,323,50,30
167,321,45,31
173,320,39,29
180,315,43,35
193,313,38,36
208,308,42,43
213,303,47,46
196,304,45,46
249,296,44,49
210,300,38,45
214,300,36,39
219,298,33,37
222,294,30,41
221,295,26,35
220,293,25,34
215,292,26,30
211,292,27,27
205,288,32,32
205,288,32,32
194,290,30,26
186,291,29,22
186,291,29,22
176,289,27,27
168,289,28,28
162,290,29,26
156,290,28,29
150,289,29,32
143,293,29,30
137,291,30,35
131,290,28,36
126,290,31,36
120,289,33,37
117,286,32,39
116,285,30,37
115,279,29,37
113,274,29,36
113,271,30,33
114,266,29,32
115,261,32,33
116,259,32,31
121,256,30,34
126,257,30,33
129,254,35,36
136,255,35,35
193,244,37,42
147,263,37,36
154,272,35,32
164,273,35,35
172,276,33,38
179,273,32,42
184,273,30,45
188,281,34,44
192,285,37,37
199,285,34,40
201,288,34,38
204,287,31,36
205,287,30,32
206,290,28,27
200,287,29,28
200,287,27,29
195,287,24,28
195,287,23,30
187,289,23,28
179,286,27,31
172,295,29,29
171,294,27,29
166,298,27,28
161,296,32,28
153,302,31,27
145,299,33,32
139,297,33,33
132,294,34,35
125,292,36,35
118,292,35,32
119,286,29,32
117,281,29,32
118,273,27,35
117,265,30,37
116,262,37,31
119,253,36,35
126,248,35,36
134,248,36,30
138,245,35,33
148,246,38,32
161,247,34,32
227,236,29,38
234,241,34,41
190,258,33,40
197,263,37,37
208,267,37,37
218,274,33,35
221,275,31,34
224,277,29,34
226,280,26,32
225,280,26,32
221,280,26,32
217,279,26,33
208,280,29,30
198,280,33,30
195,281,32,28
191,284,26,23
186,284,22,21
173,286,25,23
163,287,27,21
153,291,23,22
145,290,22,24
138,291,21,23
126,295,22,25
120,294,25,25
115,293,25,25
116,294,20,20
114,290,17,20
114,290,17,20
110,284,18,23
110,284,18,23
110,284,18,23
110,284,18,23
116,262,18,27
119,254,20,28
123,246,22,28
157,247,26,24
173,227,30,24
184,228,30,27
189,231,32,33
173,239,29,37
218,236,30,42
190,251,31,38
199,258,34,37
202,265,33,36
211,268,29,38
212,275,28,36
214,278,28,34
215,278,27,36
215,277,25,36
211,279,25,28
206,278,25,31
203,278,25,27
199,279,23,24
195,277,24,25
190,277,23,22
186,277,24,22
180,276,24,24
175,275,23,26
170,282,22,21
165,287,23,19
159,290,22,21
152,293,25,24
146,296,25,29
145,295,26,32
138,301,30,35
138,301,28,33
134,305,29,37
130,301,29,40
126,297,34,42
123,295,41,41
120,293,47,36
127,280,44,44
126,275,47,41
129,268,43,36
139,259,38,40
148,256,30,37
183,238,30,44
185,238,33,41
181,240,40,41
186,241,47,41
195,246,50,43
204,249,55,45
222,252,55,46
193,266,44,43
199,276,36,39
200,285,37,35
204,292,31,31
201,294,32,31
198,296,34,32
198,301,30,26
195,300,30,28
189,299,30,29
186,296,31,30
183,296,32,26
178,294,33,25
176,294,31,25
174,294,29,24
166,293,32,25
163,292,32,26
160,297,30,27
157,296,30,27
153,303,31,24
153,307,32,25
150,306,34,23
151,309,31,27
149,308,31,31
150,314,30,31
148,316,32,31
151,317,29,30
152,318,30,32
152,317,32,31
155,315,32,32
159,310,29,37
162,304,34,35
165,295,39,38
234,281,30,41
178,280,36,42
225,266,35,42
226,261,33,41
226,257,34,42
228,257,37,36
237,256,32,38
245,258,30,34
211,267,33,32
212,269,35,33
214,275,34,35
216,276,33,37
214,283,32,34
215,292,30,29
213,293,30,31
211,301,28,29
207,303,29,29
201,302,30,32
199,307,28,27
194,307,29,26
189,305,29,30
184,306,28,28
183,306,26,25
177,306,26,25
174,305,26,27
169,305,28,26
165,304,29,24
162,304,31,27
161,303,30,29
157,303,32,29
155,307,34,30
157,308,31,31
158,308,27,31
160,310,25,31
160,309,28,34
159,307,32,35
162,305,31,36
158,304,38,31
161,299,39,34
161,296,41,31
170,290,38,32
169,284,41,31
176,279,40,31
226,266,43,35
223,263,48,34
184,266,42,35
231,256,43,36
232,256,42,33
239,256,42,37
199,268,34,32
201,275,32,30
203,279,30,30
199,283,36,32
202,286,32,34
200,291,31,32
203,294,26,31
201,298,25,30
198,298,27,33
196,298,26,34
192,298,29,33
191,298,27,28
190,295,23,31
187,295,26,31
184,294,27,28
184,293,25,28
182,291,25,29
182,291,24,31
179,290,25,30
179,290,24,31
180,291,22,32
177,292,25,32
174,294,28,32
172,297,29,30
171,299,29,27
169,299,30,32
164,299,35,31
161,295,36,38
158,297,40,35
154,294,41,34
152,291,38,34
150,289,39,30
150,280,37,37
146,276,38,36
144,269,39,37
141,264,42,36
140,260,44,35
141,257,41,34
188,241,44,40
194,242,39,38
194,242,43,42
147,258,41,35
149,263,41,38
217,260,44,42
227,260,47,50
162,277,39,44
169,288,41,38
175,288,40,43
184,293,32,39
187,295,32,36
188,298,35,34
193,299,30,28
197,294,29,32
197,292,31,31
199,286,30,30
202,284,26,28
203,280,27,27
204,277,26,28
205,276,25,26
202,277,27,22
206,276,23,25
205,274,24,27
205,275,22,28
203,276,26,28
203,277,24,28
203,280,22,29
201,281,21,31
195,285,24,32
190,287,28,31
182,285,31,38
182,291,30,35
169,291,32,38
156,294,37,30
147,291,35,34
135,289,41,34
131,280,45,37
201,253,39,41
181,241,46,49
165,236,53,44
148,226,59,47
131,222,67,48
137,221,58,40
138,218,56,42
136,220,61,37
141,221,65,44
152,226,58,49
159,229,63,49
179,242,56,51
198,250,52,54
125,280,50,46
130,294,45,39
142,297,38,34
160,301,35,35
167,302,38,34
182,302,36,33
186,301,39,33
194,300,37,30
203,296,32,29
207,289,33,31
212,284,31,28
216,282,30,27
222,276,29,24
221,274,31,24
223,271,29,25
226,272,27,22
227,270,28,23
230,271,24,24
229,272,26,24
228,276,26,27
226,279,26,29
225,282,24,30
218,288,25,29
209,294,29,29
201,294,30,31
191,295,32,34
185,291,31,37
175,292,32,37
162,291,36,37
224,276,41,39
140,279,39,42
126,274,38,36
120,266,36,37
176,237,39,42
168,232,42,44
167,229,38,40
169,228,36,42
166,229,42,43
175,230,38,45
174,238,45,53
189,249,42,50
201,259,48,49
214,270,52,46
131,287,43,40
140,291,39,34
149,290,45,38
158,290,44,38
173,291,38,37
181,294,37,33
186,294,35,31
190,295,33,29
195,296,31,25
196,295,33,23
197,295,30,21
197,295,31,20
198,292,27,24
196,292,27,21
197,293,24,21
193,293,26,23
191,295,26,21
188,296,27,23
183,296,28,27
184,301,25,26
181,304,26,25
179,308,25,27
175,308,26,30
171,309,29,31
168,311,31,32
166,312,31,29
162,309,33,30
159,306,36,30
156,304,39,25
155,293,39,30
153,283,39,31
154,273,39,36
164,264,30,29
161,257,33,31
204,244,31,35
179,243,26,40
181,246,27,37
184,249,30,35
185,255,30,36
186,263,33,33
190,270,30,33
190,276,34,33
190,283,35,36
192,292,30,31
193,296,27,35
191,299,26,31
184,298,27,35
181,297,29,34
177,297,30,29
177,295,28,28
174,293,27,28
171,292,27,32
167,289,26,30
159,290,27,25
157,286,25,26
157,286,25,26
148,286,28,26
148,286,28,26
140,286,27,25
139,287,31,22
139,287,31,22
133,291,27,26
131,296,29,26
129,301,31,27
127,300,34,30
127,307,38,33
130,307,31,33
135,309,33,33
140,300,33,34
136,302,37,37
134,297,44,38
140,289,51,38
141,287,53,32
148,276,55,32
161,264,45,35
204,245,43,37
205,239,36,38
204,234,38,35
204,233,39,33
214,232,35,33
190,241,30,31
193,246,28,31
193,251,32,33
194,257,35,34
195,264,36,36
194,271,37,43
193,283,34,38
191,291,30,36
184,300,34,33
182,308,30,29
176,306,30,33
174,311,29,29
164,311,33,30
161,309,30,27
153,308,32,24
151,306,29,24
147,303,31,25
143,300,30,26
142,298,31,25
145,295,28,28
143,294,27,31
143,293,26,32
145,296,21,29
143,297,25,30
143,299,27,30
144,300,28,33
145,301,27,35
146,303,28,36
148,302,28,39
150,302,29,39
152,299,31,39
154,296,31,39
155,294,35,36
154,291,38,32
160,283,38,33
161,274,41,35
170,268,35,33
169,260,39,33
171,252,38,35
176,251,35,32
180,247,32,34
184,245,28,37
185,248,30,35
183,252,34,34
185,259,32,33
186,264,33,35
188,271,29,35
189,278,26,38
188,286,26,37
188,291,24,36
187,298,24,34
186,298,24,36
184,299,24,34
181,300,28,34
182,299,27,33
180,297,27,31
180,296,27,30
178,292,28,30
181,292,26,26
180,289,28,26
182,289,25,23
182,288,25,21
183,288,24,21
185,288,23,21
187,290,21,22
188,288,21,25
189,292,22,23
188,294,25,25
189,294,24,28
191,296,22,29
190,297,23,30
190,297,24,33
188,296,28,34
185,296,30,34
187,290,28,38
184,287,29,36
182,282,28,38
179,278,29,38
177,269,30,39
173,265,35,37
169,260,36,36
168,258,34,34
167,256,35,33
168,255,33,32
171,258,31,32
175,260,29,33
176,263,30,35
179,271,32,37
181,275,30,37
182,282,31,39
184,285,32,33
183,290,32,34
181,288,35,34
185,290,29,30
184,290,30,32
181,290,33,30
179,287,34,30
180,286,29,30
178,283,29,27
177,281,28,23
174,276,28,24
169,274,29,22
166,270,29,21
169,267,24,22
167,267,24,21
166,270,23,18
168,273,20,15
169,275,16,16
166,279,16,18
165,282,16,20
158,287,20,23
157,291,22,28
154,295,24,32
152,302,26,32
153,302,29,33
153,301,31,36
157,301,31,36
155,301,36,39
152,297,40,37
158,290,40,38
159,279,44,38
162,269,46,35
209,248,42,37
206,239,40,39
204,230,38,40
203,224,37,39
207,222,33,36
212,224,31,38
186,237,29,37
184,245,36,32
184,251,35,33
187,259,33,33
185,266,34,37
184,275,31,36
182,280,32,39
178,283,32,35
175,290,29,33
171,290,31,32
166,290,32,29
162,290,31,28
157,288,34,30
156,288,29,27
156,287,27,25
151,286,29,22
150,287,29,20
151,284,26,18
150,282,26,19
152,286,24,23
149,284,27,23
145,290,32,25
141,289,36,28
140,288,37,29
142,293,33,30
142,293,30,31
144,297,27,35
142,298,29,32
143,297,28,35
141,293,32,39
142,292,31,38
144,290,28,35
144,281,30,37
142,270,36,42
141,262,35,42
141,254,38,36
140,245,39,38
142,237,37,35
145,235,35,32
145,231,34,33
151,229,31,35
150,226,30,40
149,235,36,37
151,240,36,37
155,250,35,39
156,259,36,40
159,266,33,44
159,279,37,40
157,290,42,35
161,296,36,32
164,302,32,32
165,300,30,34
164,301,30,30
162,298,32,29
161,296,34,27
161,294,31,25
160,291,31,25
162,289,27,22
162,284,24,21
165,280,21,20
165,276,19,21
164,274,19,18
162,271,20,21
160,267,21,21
161,266,20,22
159,263,20,24
157,261,21,25
155,258,22,26
150,253,25,24
148,249,24,26
143,242,27,26
141,235,28,27
137,224,33,30
131,212,30,32
132,199,28,29
127,180,26,32
118,159,29,26
118,159,29,26
143,179,25,21
143,179,25,21
143,179,25,21
143,179,25,21
143,179,25,21
143,179,25,21
143,179,25,21
143,179,25,21
150,212,22,18
150,212,22,18
150,212,22,18
150,212,22,18
150,212,22,18
150,212,22,18
150,212,22,18
150,212,22,18
113,168,23,16
112,164,23,18
113,162,19,23
113,163,18,23
113,163,18,23
110,164,16,22
144,180,18,22
144,180,18,22
144,180,18,22
144,180,18,22
144,180,18,22
144,180,18,22
144,180,18,22
144,180,18,22
144,180,18,22
144,180,18,22
144,180,18,22
144,180,18,22
144,180,18,22
144,180,18,22
116,167,16,25
116,163,18,23
116,163,18,23
112,122,16,26
112,114,16,29
111,78,17,24
112,79,15,23
112,111,14,23
112,116,15,21
111,112,15,24
109,108,16,22
110,113,15,19
110,112,14,20
110,113,17,18
111,116,17,20
115,130,19,17
112,129,19,16
113,114,16,14
113,82,14,14
114,80,15,17
116,83,15,17
117,83,13,16
120,85,13,16
120,87,11,16
119,88,13,17
119,90,13,16
120,90,15,15
120,92,15,14
119,90,16,14
119,93,14,11
119,89,15,14
119,90,17,12
117,87,18,15
118,89,17,12
117,90,17,11
117,88,18,12
117,89,18,13
116,90,18,14
116,89,20,15
116,91,18,15
116,91,18,14
116,92,19,15
116,93,17,16
117,94,16,15
116,96,19,13
116,96,18,13
118,97,17,12
120,98,15,11
121,96,13,11
124,96,12,13
124,97,11,12
126,96,8,12
127,95,9,12
128,95,7,12
129,95,7,13
128,94,7,13
128,94,7,13
128,94,7,13
128,94,7,13
128,94,7,13
128,94,7,13
130,92,6,14
130,92,4,14
128,90,6,13
128,91,6,14
128,92,7,15
127,92,7,16
125,92,9,15
123,92,11,16
121,91,13,17
120,92,13,16
119,92,14,16
118,92,13,15
118,94,12,13
117,93,11,14
117,95,8,15
117,96,9,14
118,95,8,15
120,97,7,14
123,96,10,15
123,96,11,14
124,97,11,12
127,100,10,12
127,100,7,13
128,100,7,13
129,99,6,14
129,98,6,15
131,99,5,15
131,99,5,15
131,99,5,14
131,99,5,14
131,99,5,14
131,99,5,14
131,99,5,14
131,99,5,14
131,99,5,14
131,99,5,14
131,99,5,14
131,99,5,14
131,99,5,14
131,99,5,14
131,99,5,14
131,99,5,14
131,99,5,14
131,99,5,14
131,99,5,14
131,99,5,14
131,99,5,14
131,99,5,14
131,99,5,14
131,99,5,14
131,99,5,14
131,99,5,14
131,99,5,14
130,104,5,12
130,104,6,11
128,105,5,10
127,105,6,9
128,106,6,11
127,106,8,11
127,104,9,12
127,104,9,11
127,105,10,12
127,102,9,14
127,103,9,13
128,103,8,14
127,103,7,12
128,104,7,12
128,106,7,11
130,107,7,11
129,106,7,10
129,106,7,10
129,106,7,10
129,106,7,10
129,106,7,10
129,106,7,10
129,106,7,10
129,106,7,10
129,106,7,10
129,106,7,10
129,106,7,10
129,106,7,10
129,106,7,10
129,106,7,10
129,106,7,10
129,106,7,10
129,106,7,10
127,105,8,8
127,106,8,7
125,107,9,7
120,107,8,6
121,106,7,7
119,108,6,6
119,107,5,5
127,113,4,6
127,112,4,5
127,112,4,5
126,113,5,6
119,109,5,5
121,109,5,5
122,110,5,5
122,110,5,5
122,110,5,5
122,112,5,6
122,111,5,7
121,111,5,7
121,111,5,7
121,111,5,7
125,116,4,7
125,116,4,7
125,115,3,7
125,115,3,7
121,108,4,7
124,114,4,6
126,115,3,5
123,107,3,5
130,113,3,5
130,113,3,5
133,115,3,4
133,115,3,3
133,114,3,3
132,114,3,3
133,114,2,2
135,116,2,2
135,116,2,2
132,116,2,2
134,117,2,2
134,117,2,2
134,117,2,2
134,119,1,2
133,119,1,2
133,119,1,2
133,119,1,2
132,120,1,2
133,119,1,2
131,121,1,2
131,121,1,2
131,121,1,2
133,119,1,2
133,119,1,2
133,119,1,2
133,119,1,2
133,119,1,2
133,119,1,2
133,119,1,2
133,119,1,2
133,119,1,2
133,119,1,2
133,119,1,2
133,119,1,2
133,119,1,2
131,121,1,1
131,121,1,1
131,121,1,1
134,122,1,1
134,122,1,1
134,122,1,1
134,122,1,1
134,122,1,1
134,122,1,1
134,122,1,1
134,122,1,1
134,122,1,1
134,122,1,1
134,122,1,1
134,122,1,1
134,122,1,1
134,122,1,1
134,122,1,1
134,122,1,1
134,122,1,1
134,122,1,1
134,122,1,1
134,122,1,1
134,122,1,1
134,122,1,1
134,122,1,1
134,122,1,1
134,122,1,1
134,122,1,1
134,122,1,1
134,122,1,1
134,122,1,1
134,122,1,1
134,122,1,1
134,122,1,1
134,122,1,1
134,122,1,1
133,124,1,1
131,122,1,1
131,122,1,1
131,122,1,1
131,122,1,1
131,122,1,1
131,122,1,1
131,122,1,1
131,122,1,1
131,122,1,1
131,122,1,1
131,122,1,1
131,122,1,1
131,122,1,1
131,122,1,1
131,122,1,1
131,122,1,1
131,122,1,1
131,122,1,1
131,122,1,1
131,122,1,1
131,122,1,1
131,122,1,1
131,122,1,1
129,123,1,1
129,123,1,1
129,123,1,1
129,123,1,1
129,123,1,1
129,123,1,1
129,123,1,1
129,123,1,1
129,123,1,1
129,123,1,1
129,123,1,1
129,123,1,1
129,123,1,1
129,123,1,1
129,123,1,1
129,123,1,1
129,123,1,1
129,123,1,1
129,123,1,1
129,123,1,1
129,123,1,1
129,123,1,1
129,123,1,1
129,123,1,1
129,123,1,1
129,123,1,1
129,123,1,1
129,123,1,1
129,123,1,1
129,123,1,1
129,123,1,1
130,121,0,1
130,121,0,1
130,121,0,1
130,121,0,1
127,122,0,1
127,122,0,1
127,122,0,1
127,122,0,1
127,122,0,1
127,122,0,1
127,122,0,1
127,122,0,1
127,122,0,1
127,122,0,1
127,122,0,1
127,122,0,1
127,122,0,1
127,122,0,1
127,122,0,1
127,122,0,1
127,122,0,1
127,122,0,1
127,122,0,1
127,122,0,1
127,122,0,1
127,122,0,1
127,122,0,1
127,122,0,1
127,122,0,1
127,122,0,1
127,122,0,1
127,122,0,1
127,122,0,1
127,122,0,1
127,122,0,1
127,122,0,1
127,122,0,1
127,122,0,1
127,122,0,1
127,122,0,1
127,122,0,1
127,122,0,1
127,122,0,1
127,122,0,1
127,122,0,1
127,122,0,1
127,122,0,1
127,122,0,1
127,122,0,1
127,122,0,1
125,120,0,0
125,120,0,0
125,120,0,0
125,120,0,0
125,120,0,0
125,120,0,0
125,120,0,0
125,120,0,0
125,120,0,0
125,120,0,0
125,120,0,0
125,120,0,0
125,120,0,0
125,120,0,0
125,120,0,0
125,120,0,0
125,120,0,0
125,120,0,0
125,120,0,0
125,120,0,0
125,120,0,0
125,120,0,0
125,120,0,0
125,120,0,0
125,120,0,0
125,120,0,0
125,120,0,0
125,120,0,0
125,120,0,0
125,120,0,0
125,120,0,0
125,120,0,0
125,120,0,0
125,120,0,0
125,120,0,0
125,120,0,0
125,120,0,0
125,120,0,0
125,120,0,0
125,120,0,0
125,120,0,0
125,120,0,0
125,120,0,0
125,120,0,0
125,120,0,0
125,120,0,0
125,120,0,0
125,120,0,0
125,120,0,0
125,120,0,0
125,120,0,0
125,120,0,0
125,120,0,0
125,120,0,0
125,120,0,0
125,120,0,0
125,120,0,0
125,120,0,0
125,120,0,0
125,120,0,0
125,120,0,0
125,120,0,0
125,120,0,0
125,120,0,0
125,120,0,0
125,120,0,0
125,120,0,0
125,120,0,0
125,120,0,0
125,120,0,0
125,120,0,0
122,122,1,0
122,122,1,0
122,122,1,0
122,122,1,0
122,122,1,0
122,122,1,0
122,122,1,0
122,122,1,0
122,122,1,0
122,122,1,0
122,122,1,0
122,122,1,0
122,122,1,0
122,122,1,0
122,122,1,0
122,122,1,0
122,122,1,0
122,122,1,0
122,122,1,0
122,122,1,0
122,122,1,0
122,122,1,0
122,122,1,0
122,122,1,0
122,122,1,0
122,122,1,0
122,122,1,0
122,122,1,0
122,122,1,0
122,122,1,0
122,122,1,0
122,122,1,0
122,122,1,0
122,122,1,0
122,122,1,0
122,122,1,0
122,122,1,0
122,122,1,0
122,122,1,0
122,122,1,0
122,122,1,0
122,122,1,0
122,122,1,0
122,122,1,0
122,122,1,0
122,122,1,0
122,122,1,0
122,122,1,0
122,122,1,0
122,122,1,0
122,122,1,0
122,122,1,0
122,122,1,0
122,122,1,0
122,122,1,0
122,122,1,0
122,122,1,0
122,122,1,0
122,122,1,0
122,122,1,0
122,122,1,0
122,122,1,0
122,122,1,0
122,122,1,0
122,122,1,0
122,122,1,0
122,122,1,0
122,122,1,0
122,122,1,0
122,122,1,0
122,122,1,0
122,122,1,0
122,122,1,0
122,122,1,0
122,122,1,0
122,122,1,0
122,122,1,0
122,122,1,0
122,122,1,0
122,122,1,0
122,122,1,0
122,122,1,0
122,122,1,0
122,122,1,0
122,122,1,0
122,122,1,0
122,122,1,0
122,122,1,0
122,122,1,0
122,123,1,0
122,123,1,0
122,123,1,0
122,123,1,0
122,123,1,0
122,123,1,0
122,123,1,0
122,123,1,0
122,123,1,0
122,123,1,0
122,123,1,0
122,123,1,0
122,123,1,0
122,123,1,0
122,123,1,0
122,123,1,0
122,123,1,0
122,123,1,0
122,123,1,0
122,123,1,0
122,123,1,0
122,123,1,0
122,123,1,0
122,123,1,0
122,123,1,0
122,123,1,0
122,123,1,0
122,123,1,0
122,123,1,0
122,123,1,0
122,123,1,0
122,123,1,0
122,123,1,0
122,123,1,0
122,123,1,0
122,123,1,0
121,123,1,0
121,123,1,0
121,123,1,0
121,123,1,0
118,124,1,0
119,124,1,0
119,124,1,0
119,124,1,0
119,124,1,0
119,124,1,0
119,124,1,0
119,124,1,0
119,124,1,0
120,124,1,0
120,124,1,0
120,124,1,0
120,124,1,0
120,124,1,0
120,124,1,0
120,124,1,0
120,124,1,0
120,124,1,0
120,124,1,0
120,124,1,0
120,124,1,0
120,124,1,0
120,124,1,0
120,124,1,0
120,124,1,0
120,124,1,0
120,124,1,0
120,124,1,0
120,124,1,0
120,124,1,0
120,124,1,0
120,124,1,0
120,124,1,0
120,124,1,0
120,124,1,0
120,124,1,0
120,124,1,0
120,124,1,0
120,124,1,0
120,124,1,0
120,124,1,0
120,124,1,0
120,124,1,0
120,124,1,0
120,124,1,0
120,124,1,0
120,124,1,0
120,124,1,0
120,124,1,0
120,124,1,0
120,124,1,0
120,124,1,0
120,124,1,0
120,124,1,0
120,124,1,0
120,124,1,0
120,124,1,0
120,124,1,0
120,124,1,0
120,124,1,0
120,124,1,0
120,124,1,0
120,124,1,0
120,124,1,0
120,124,1,0
120,124,1,0
120,124,1,0
120,124,1,0
120,124,1,0
120,124,1,0
120,124,1,0
120,124,1,0
120,124,1,0
120,124,1,0
120,124,1,0
120,124,1,0
120,124,1,0
120,124,1,0
120,124,1,0
120,124,1,0
120,124,1,0
120,124,1,0
120,124,1,0
120,124,1,0
120,124,1,0
120,124,1,0
120,124,1,0
120,124,1,0
120,124,1,0
120,124,1,0
120,124,1,0
120,124,1,0
120,124,1,0
120,124,1,0
120,124,1,0
120,124,1,0
120,124,1,0
120,124,1,0
120,124,1,0
120,124,1,0
120,124,1,0
118,125,1,0
118,125,1,0
118,125,1,0
118,125,1,0
118,125,1,0
118,125,1,0
118,125,1,0
118,125,1,0
118,125,1,0
118,125,1,0
118,125,1,0
118,125,1,0
118,125,1,0
118,125,1,0
118,125,1,0
118,125,1,0
118,125,1,0
118,125,1,0
118,125,1,0
118,125,1,0
118,125,1,0
118,125,1,0
118,125,1,0
118,125,1,0
118,125,1,0
118,125,1,0
118,125,1,0
118,125,1,0
118,125,1,0
118,125,1,0
118,125,1,0
118,125,1,0
118,125,1,0
118,125,1,0
118,125,1,0
118,125,1,0
118,125,1,0
118,125,1,0
118,125,1,0
118,125,1,0
118,125,1,0
118,125,1,0
118,125,1,0
118,125,1,0
118,125,1,0
118,125,1,0
118,125,1,0
118,125,1,0
118,125,1,0
118,125,1,0
118,125,1,0
118,125,1,0
118,125,1,0
118,125,1,0
118,125,1,0
118,125,1,0
118,125,1,0
115,126,1,0
115,126,1,0
115,126,1,0
115,126,1,0
115,126,1,0
115,126,1,0
115,126,1,0
115,126,1,0
115,126,1,0
115,126,1,0
115,126,1,0
115,126,1,0
115,126,1,0
115,126,1,0
115,126,1,0
115,126,1,0
115,126,1,0
115,126,1,0
115,126,1,0
115,126,1,0
115,126,1,0
115,126,1,0
115,127,0,1
115,127,0,1
115,127,0,1
115,127,0,1
115,127,0,1
115,127,0,1
115,127,0,1
115,127,0,1
115,127,0,1
115,127,0,1
115,127,0,1
115,127,0,1
115,127,0,1
115,127,0,1
115,127,0,1
115,127,0,1
115,127,0,1
115,127,0,1
115,127,0,1
115,127,0,1
115,127,0,1
115,127,0,1
115,127,0,1
115,127,0,1
115,127,0,1
115,127,0,1
115,127,0,1
115,127,0,1
115,127,0,1
115,127,0,1
115,127,0,1
115,127,0,1
115,127,0,1
115,127,0,1
115,127,0,1
115,127,0,1
115,127,0,1
115,127,0,1
115,127,0,1
115,127,0,1
115,127,0,1
115,127,0,1
115,127,0,1
115,127,0,1
115,127,0,1
115,127,0,1
115,127,0,1
115,127,0,1
115,127,0,1
115,127,0,1
115,127,0,1
115,127,0,1
115,127,0,1
115,127,0,1
115,127,0,1
115,127,0,1
115,127,0,1
115,127,0,1
115,127,0,1
115,127,0,1
115,127,0,1
115,127,0,1
115,127,0,1
115,127,0,1
115,127,0,1
114,127,0,0
114,127,0,0
114,127,0,0
114,127,0,0
114,129,0,0
114,129,0,0
114,129,0,0
114,129,0,0
114,129,0,0
114,129,0,0
114,129,0,0
114,129,0,0
114,129,0,0
114,129,0,0
114,129,0,0
114,129,0,0
114,129,0,0
114,129,0,0
114,129,0,0
114,129,0,0
114,129,0,0
114,129,0,0
114,129,0,0
114,129,0,0
114,129,0,0
114,129,0,0
114,129,0,0
114,129,0,0
114,129,0,0
114,129,0,0
114,129,0,0
114,129,0,0
114,129,0,0
114,129,0,0
114,129,0,0
114,129,0,0
114,129,0,0
114,129,0,0
114,129,0,0
114,129,0,0
114,129,0,0
114,129,0,0
114,129,0,0
114,130,0,0
114,130,0,0
114,131,0,0
114,131,0,0
114,131,0,0
114,131,0,0
114,131,0,0
114,131,0,0
114,131,0,0
114,131,0,0
114,131,0,0
114,131,0,0
114,131,0,0
114,131,0,0
114,131,0,0
114,131,0,0
114,131,0,0
114,131,0,0
114,131,0,0
114,131,0,0
114,131,0,0
114,131,0,0
114,131,0,0
114,131,0,0
114,131,0,0
114,131,0,0
114,131,0,0
114,131,0,0
114,131,0,0
114,131,0,0
114,131,0,0
114,131,0,0
114,131,0,0
114,131,0,0
114,131,0,0
114,131,0,0
114,131,0,0
114,131,0,0
114,131,0,0
114,131,0,0
114,131,0,0
114,131,0,0
114,131,0,0
114,131,0,0
114,131,0,0
114,131,0,0
114,131,0,0
114,131,0,0
114,131,0,0
114,131,0,0
114,131,0,0
114,131,0,0
114,131,0,0
114,131,0,0
114,131,0,0
114,131,0,0
114,131,0,0
114,131,0,0
114,131,0,0
114,131,0,0
114,131,0,0
114,131,0,0
114,131,0,0
114,131,0,0
114,131,0,0
114,131,0,0
114,131,0,0
114,131,0,0
114,131,0,0
114,131,0,0
114,131,0,0
114,131,0,0
114,131,0,0
114,131,0,0
114,131,0,0
114,131,0,0
114,131,0,0
114,131,0,0
114,131,0,0
114,131,0,0
114,131,0,0
114,131,0,0
114,131,0,0
114,131,0,0
114,131,0,0
114,131,0,0
114,131,0,0
114,131,0,0
114,131,0,0
114,131,0,0
114,131,0,0
114,131,0,0
114,131,0,0
114,131,0,0
114,131,0,0
114,131,0,0
114,131,0,0
114,131,0,0
114,131,0,0
114,131,0,0
114,131,0,0
114,131,0,0
114,131,0,0
114,131,0,0
114,131,0,0
114,131,0,0
114,131,0,0
114,131,0,0
114,131,0,0
114,131,0,0
114,131,0,0
114,131,0,0
114,131,0,0
114,131,0,0
114,131,0,0
114,131,0,0
114,131,0,0
114,131,0,0
114,131,0,0
114,131,0,0
114,131,0,0
114,131,0,0
114,131,0,0
114,131,0,0
114,131,0,0
114,131,0,0
114,131,0,0
114,131,0,0
114,131,0,0
114,131,0,0
114,131,0,0
114,131,0,0
114,131,0,0
114,131,0,0
115,132,0,0
115,131,0,0
115,131,0,0
115,131,0,0
115,131,0,0
115,131,0,0
115,131,0,0
115,131,0,0
115,131,0,0
115,131,0,0
115,131,0,0
115,131,0,0
115,131,0,0
115,131,0,0
115,131,0,0
115,131,0,0
115,131,0,0
115,131,0,0
115,131,0,0
115,131,0,0
115,131,0,0
115,131,0,0
115,131,0,0
115,131,0,0
115,131,0,0
115,131,0,0
115,131,0,0
115,131,0,0
115,131,0,0
115,131,0,0
115,131,0,0
115,131,0,0
115,131,0,0
115,131,0,0
115,131,0,0
115,131,0,0
115,131,0,0
115,131,0,0
115,131,0,0
115,131,0,0
115,131,0,0
115,131,0,0
115,131,0,0
115,131,0,0
115,131,0,0
115,131,0,0
115,131,0,0
115,131,0,0
115,131,0,0
115,131,0,0
115,131,0,0
115,131,0,0
115,131,0,0
115,131,0,0
115,131,0,0
115,131,0,0
115,131,0,0
115,131,0,0
115,131,0,0
115,131,0,0
115,131,0,0
115,131,0,0
115,131,0,0
115,131,0,0
115,131,0,0
115,131,0,0
115,131,0,0
115,131,0,0
115,131,0,0
115,131,0,0
115,131,0,0
115,131,0,0
115,131,0,0
115,131,0,0
115,131,0,0
115,131,0,0
115,131,0,0
115,131,0,0
115,131,0,0
115,131,0,0
115,131,0,0
115,131,0,0
115,131,0,0
115,131,0,0
115,131,0,0
115,131,0,0
115,131,0,0
115,131,0,0
115,131,0,0
115,131,0,0
115,131,0,0
115,131,0,0
115,131,0,0
115,131,0,0
115,131,0,0
115,131,0,0
115,131,0,0
115,131,0,0
115,131,0,0
115,131,0,0
115,131,0,0
115,131,0,0
115,131,0,0
115,131,0,0
115,131,0,0
115,131,0,0
115,131,0,0
115,131,0,0
115,131,0,0
115,131,0,0
115,131,0,0
115,131,0,0
115,131,0,0
115,131,0,0
115,133,0,0
115,133,0,0
115,133,0,0
115,133,0,0
115,133,0,0
115,133,0,0
115,133,0,0
115,133,0,0
115,133,0,0
115,133,0,0
115,133,0,0
115,133,0,0
115,133,0,0
115,133,0,0
115,133,0,0
115,133,0,0
115,133,0,0
115,133,0,0
115,133,0,0
115,133,0,0
115,133,0,0
115,133,0,0
115,133,0,0
115,133,0,0
115,133,0,0
115,133,0,0
115,133,0,0
115,133,0,0
115,133,0,0
115,133,0,0
115,133,0,0
115,133,0,0
115,133,0,0
115,133,0,0
115,133,0,0
115,133,0,0
115,133,0,0
115,133,0,0
115,133,0,0
115,133,0,0
115,133,0,0
115,133,0,0
115,133,0,0
115,133,0,0
115,133,0,0
115,133,0,0
115,133,0,0
115,133,0,0
115,133,0,0
115,133,0,0
115,133,0,0
115,133,0,0
115,133,0,0
115,133,0,0
115,133,0,0
115,133,0,0
115,133,0,0
115,133,0,0
115,133,0,0
115,133,0,0
115,133,0,0
115,133,0,0
115,133,0,0
115,133,0,0
115,133,0,0
115,133,0,0
115,133,0,0
115,133,0,0
115,133,0,0
115,133,0,0
115,133,0,0
115,133,0,0
115,133,0,0
115,133,0,0
115,133,0,0
115,133,0,0
115,133,0,0
115,133,0,0
115,133,0,0
115,133,0,0
115,133,0,0
115,133,0,0
115,133,0,0
115,133,0,0
115,133,0,0
115,133,0,0
115,133,0,0
115,133,0,0
115,133,0,0
115,133,0,0
115,133,0,0
115,133,0,0
115,133,0,0
115,133,0,0
115,133,0,0
115,133,0,0
115,133,0,0
115,133,0,0
115,133,0,0
115,133,0,0
115,133,0,0
115,133,0,0
115,133,0,0
115,133,0,0
115,133,0,0
115,133,0,0
115,133,0,0
115,133,0,0
115,133,0,0
115,133,0,0
115,133,0,0
115,133,0,0
115,133,0,0
115,133,0,0
115,133,0,0
115,133,0,0
115,133,0,0
115,133,0,0
115,133,0,0
115,133,0,0
115,133,0,0
115,133,0,0
115,133,0,0
115,133,0,0
115,133,0,0
115,133,0,0
115,133,0,0
115,133,0,0
115,133,0,0
115,133,0,0
115,133,0,0
115,133,0,0
115,133,0,0
115,133,0,0
115,133,0,0
115,133,0,0
115,133,0,0
115,133,0,0
115,133,0,0
115,133,0,0
115,133,0,0
115,133,0,0
115,133,0,0
115,133,0,0
115,133,0,0
115,133,0,0
115,133,0,0
115,133,0,0
115,133,0,0
115,133,0,0
115,133,0,0
115,133,0,0
115,133,0,0
115,133,0,0
115,133,0,0
115,133,0,0
115,133,0,0
115,133,0,0
115,133,0,0
115,133,0,0
115,133,0,0
115,133,0,0
115,133,0,0
115,133,0,0
115,133,0,0
115,133,0,0
115,133,0,0
115,133,0,0
115,133,0,0
115,133,0,0
115,133,0,0
115,133,0,0
115,133,0,0
115,133,0,0
115,133,0,0
115,133,0,0
115,133,0,0
115,133,0,0
115,133,0,0
115,133,0,0
115,133,0,0
115,133,0,0
115,133,0,0
115,133,0,0
115,133,0,0
115,133,0,0
115,133,0,0
115,133,0,0
115,133,0,0
115,133,0,0
115,133,0,0
115,133,0,0
115,133,0,0
115,133,0,0
115,133,0,0
115,133,0,0
115,133,0,0
115,133,0,0
115,133,0,0
115,133,0,0
115,133,0,0
115,133,0,0
115,133,0,0
115,133,0,0
115,133,0,0
115,133,0,0
115,133,0,0
115,133,0,0
115,133,0,0
115,133,0,0
115,133,0,0
115,133,0,0
115,133,0,0
115,133,0,0
115,133,0,0
115,133,0,0
115,133,0,0
115,133,0,0
115,133,0,0
115,133,0,0
115,133,0,0
115,133,0,0
115,133,0,0
115,133,0,0
115,133,0,0
115,133,0,0
115,133,0,0
115,133,0,0
115,133,0,0
115,133,0,0
115,133,0,0
115,133,0,0
115,133,0,0
115,133,0,0
115,133,0,0
115,133,0,0
115,133,0,0
115,133,0,0
115,133,0,0
115,133,0,0
115,133,0,0
115,133,0,0
115,133,0,0
115,133,0,0
115,133,0,0
115,133,0,0
115,133,0,0
115,133,0,0
115,133,0,0
115,133,0,0
115,133,0,0
115,133,0,0
115,133,0,0
115,133,0,0
115,133,0,0
115,133,0,0
115,133,0,0
115,133,0,0
115,133,0,0
115,133,0,0
115,133,0,0
115,133,0,0
115,133,0,0
115,133,0,0
115,133,0,0
115,133,0,0
115,133,0,0
115,133,0,0
115,133,0,0
115,133,0,0
115,133,0,0
115,133,0,0
115,133,0,0
115,133,0,0
115,133,0,0
115,133,0,0
115,133,0,0
115,133,0,0
115,133,0,0
115,133,0,0
115,133,0,0
115,133,0,0
115,133,0,0
115,133,0,0
115,133,0,0
115,133,0,0
115,133,0,0
115,133,0,0
115,133,0,0
115,133,0,0
115,133,0,0
115,133,0,0
115,133,0,0
115,133,0,0
115,133,0,0
115,133,0,0
115,133,0,0
115,133,0,0
115,133,0,0
115,133,0,0
115,133,0,0
115,133,0,0
115,133,0,0
115,133,0,0
115,133,0,0
115,133,0,0
115,133,0,0
115,133,0,0
115,133,0,0
115,133,0,0
115,133,0,0
115,133,0,0
115,133,0,0
115,133,0,0
115,133,0,0
115,133,0,0
115,133,0,0
115,133,0,0
115,133,0,0
115,133,0,0
115,133,0,0
115,133,0,0
115,133,0,0
115,133,0,0
115,133,0,0
115,133,0,0
115,133,0,0
115,133,0,0
115,133,0,0
115,133,0,0
115,133,0,0
115,133,0,0
115,133,0,0
115,133,0,0
115,133,0,0
115,133,0,0
115,133,0,0
115,133,0,0
115,133,0,0
115,133,0,0
115,133,0,0
115,133,0,0
115,133,0,0
115,133,0,0
115,133,0,0
115,133,0,0
115,133,0,0
115,133,0,0
115,133,0,0
115,133,0,0
115,133,0,0
115,133,0,0
115,133,0,0
115,133,0,0
115,133,0,0
115,133,0,0
115,133,0,0
115,133,0,0
115,133,0,0
115,133,0,0
115,133,0,0
115,133,0,0
115,133,0,0
115,133,0,0
115,133,0,0
115,133,0,0
115,133,0,0
115,133,0,0
115,133,0,0
115,133,0,0
115,133,0,0
115,133,0,0
115,133,0,0
115,133,0,0
115,133,0,0
115,133,0,0
115,133,0,0
115,133,0,0
115,133,0,0
115,133,0,0
115,133,0,0
115,133,0,0
115,133,0,0
115,133,0,0
115,133,0,0
115,133,0,0
115,133,0,0
115,133,0,0
115,133,0,0
115,133,0,0
115,133,0,0
115,133,0,0
115,133,0,0
115,133,0,0
115,133,0,0
115,133,0,0
115,133,0,0
115,133,0,0
115,133,0,0
115,133,0,0
115,133,0,0
115,133,0,0
115,133,0,0
115,133,0,0
115,133,0,0
115,133,0,0
115,133,0,0
115,133,0,0
115,133,0,0
115,133,0,0
115,133,0,0
115,133,0,0
115,133,0,0
115,133,0,0
115,133,0,0
115,133,0,0
115,133,0,0
115,133,0,0
115,133,0,0
115,133,0,0
115,133,0,0
115,133,0,0
115,133,0,0
115,133,0,0
115,133,0,0
115,133,0,0
115,133,0,0
115,133,0,0
115,133,0,0
115,133,0,0
115,133,0,0
115,133,0,0
115,133,0,0
115,133,0,0
115,133,0,0
115,133,0,0
115,133,0,0
115,133,0,0
115,133,0,0
115,133,0,0
115,133,0,0
115,133,0,0
115,133,0,0
115,133,0,0
115,133,0,0
115,133,0,0
115,133,0,0
115,133,0,0
115,133,0,0
115,133,0,0
115,133,0,0
115,133,0,0
115,133,0,0
115,133,0,0
115,133,0,0
115,133,0,0
115,133,0,0
115,133,0,0
115,133,0,0
115,133,0,0
115,133,0,0
115,133,0,0
115,133,0,0
115,133,0,0
115,133,0,0
115,133,0,0
115,133,0,0
115,133,0,0
115,133,0,0
115,133,0,0
115,133,0,0
115,133,0,0
115,133,0,0
115,133,0,0
115,133,0,0
115,133,0,0
115,133,0,0
115,133,0,0
115,133,0,0
115,133,0,0
115,133,0,0
115,133,0,0
115,133,0,0
115,133,0,0
115,133,0,0
115,133,0,0
115,133,0,0
115,133,0,0
115,133,0,0
115,133,0,0
115,133,0,0
115,133,0,0
115,133,0,0
115,133,0,0
115,133,0,0
115,133,0,0
115,133,0,0
115,133,0,0
115,133,0,0
115,133,0,0
115,133,0,0
115,133,0,0
115,133,0,0
115,133,0,0
115,133,0,0
115,133,0,0
115,133,0,0
115,133,0,0
115,133,0,0
115,133,0,0
115,133,0,0
115,133,0,0
115,133,0,0
115,133,0,0
115,133,0,0
115,133,0,0
115,133,0,0
115,133,0,0
115,133,0,0
115,133,0,0
115,133,0,0
115,132,0,0
115,132,0,0
115,132,0,0
115,132,0,0
115,132,0,0
115,132,0,0
115,132,0,0
115,132,0,0
114,132,0,0
114,132,0,0
114,132,0,0
114,132,0,0
114,132,0,0
114,132,0,0
114,132,0,0
114,132,0,0
114,132,0,0
114,132,0,0
114,132,0,0
114,132,0,0
114,132,0,0
114,132,0,0
114,132,0,0
114,132,0,0
114,132,0,0
114,132,0,0
114,132,0,0
114,132,0,0
114,132,0,0
114,132,0,0
114,132,0,0
114,132,0,0
114,132,0,0
114,132,0,0
114,132,0,0
114,132,0,0
114,132,0,0
114,132,0,0
114,132,0,0
114,132,0,0
114,132,0,0
114,132,0,0
114,132,0,0
114,132,0,0
114,132,0,0
114,132,0,0
114,132,0,0
114,132,0,0
114,132,0,0
114,132,0,0
114,132,0,0
114,132,0,0
114,132,0,0
114,132,0,0
114,132,0,0
114,132,0,0
114,132,0,0
114,132,0,0
114,132,0,0
114,132,0,0
114,132,0,0
114,132,0,0
114,132,0,0
114,132,0,0
114,132,0,0
114,132,0,0
114,132,0,0
114,132,0,0
114,132,0,0
114,132,0,0
114,132,0,0
114,132,0,0
114,132,0,0
114,132,0,0
114,132,0,0
114,132,0,0
114,132,0,0
114,132,0,0
114,132,0,0
114,132,0,0
114,132,0,0
114,132,0,0
114,132,0,0
114,132,0,0
114,132,0,0
114,132,0,0
114,132,0,0
114,132,0,0
114,132,0,0
114,132,0,0
114,132,0,0
114,132,0,0
114,132,0,0
114,132,0,0
114,132,0,0
114,132,0,0
114,132,0,0
114,132,0,0
114,132,0,0
114,132,0,0
114,132,0,0
114,132,0,0
114,132,0,0
114,132,0,0
114,132,0,0
114,132,0,0
114,132,0,0
114,132,0,0
114,132,0,0
114,132,0,0
114,132,0,0
114,132,0,0
114,132,0,0
114,132,0,0
114,132,0,0
114,132,0,0
114,132,0,0
114,132,0,0
114,132,0,0
114,132,0,0
114,132,0,0
114,132,0,0
114,132,0,0
114,132,0,0
114,132,0,0
114,132,0,0
114,132,0,0
114,132,0,0
114,132,0,0
114,132,0,0
114,132,0,0
114,132,0,0
114,132,0,0
114,132,0,0
114,132,0,0
114,132,0,0
114,132,0,0
114,132,0,0
114,132,0,0
114,132,0,0
114,132,0,0
114,132,0,0
114,132,0,0
114,132,0,0
114,132,0,0
114,132,0,0
114,132,0,0
114,132,0,0
114,132,0,0
114,132,0,0
114,132,0,0
114,132,0,0
114,132,0,0
114,132,0,0
114,132,0,0
114,132,0,0
114,132,0,0
114,132,0,0
114,132,0,0
114,132,0,0
114,132,0,0
114,132,0,0
114,132,0,0
114,132,0,0
114,132,0,0
114,132,0,0
114,132,0,0
114,132,0,0
114,132,0,0
114,132,0,0
114,132,0,0
114,132,0,0
114,132,0,0
114,132,0,0
114,132,0,0
114,132,0,0
114,132,0,0
114,132,0,0
114,132,0,0
114,132,0,0
114,132,0,0
114,132,0,0
114,132,0,0
114,132,0,0
114,132,0,0
114,132,0,0
114,132,0,0
114,132,0,0
114,132,0,0
114,132,0,0
114,132,0,0
114,132,0,0
114,132,0,0
114,132,0,0
114,132,0,0
114,132,0,0
114,132,0,0
114,132,0,0
114,132,0,0
114,132,0,0
114,132,0,0
114,132,0,0
114,132,0,0
114,132,0,0
114,132,0,0
114,132,0,0
114,132,0,0
114,132,0,0
114,132,0,0
114,132,0,0
114,132,0,0
114,132,0,0
114,132,0,0
114,132,0,0
114,132,0,0
114,132,0,0
114,132,0,0
114,132,0,0
114,132,0,0
114,132,0,0
114,132,0,0
114,132,0,0
114,132,0,0
114,132,0,0
114,132,0,0
114,132,0,0
114,132,0,0
114,132,0,0
114,132,0,0
114,132,0,0
114,132,0,0
114,132,0,0
114,132,0,0
114,132,0,0
114,132,0,0
114,132,0,0
114,132,0,0
114,132,0,0
