378,158,50,43
374,156,49,49
379,159,43,42
378,159,48,39
382,162,48,36
382,160,55,38
393,156,53,42
394,154,47,38
397,144,42,39
403,144,41,37
402,140,39,35
409,144,45,36
405,143,51,40
408,148,46,37
408,146,46,44
415,154,38,40
414,158,41,38
413,158,46,39
416,158,44,39
419,155,46,41
415,156,47,40
414,157,50,39
416,157,51,39
418,156,47,38
419,162,46,31
416,158,51,35
418,154,46,41
424,157,47,40
428,162,42,35
428,157,42,37
429,158,48,39
430,156,50,44
426,158,58,42
432,160,49,37
430,159,54,37
434,159,53,39
429,151,61,45
436,151,54,52
440,154,46,44
436,150,50,48
434,156,57,39
436,152,52,41
437,152,49,37
438,151,42,39
442,149,41,38
439,149,43,37
439,149,48,39
439,149,49,37
441,143,46,42
438,145,49,42
438,143,56,46
441,137,49,53
443,142,45,45
445,144,42,39
444,141,41,40
444,142,45,41
445,145,46,38
445,138,40,45
444,136,42,49
443,138,44,43
441,140,46,40
443,137,40,41
443,138,46,42
443,142,45,36
441,140,49,38
440,139,50,37
442,137,48,38
439,137,49,37
441,135,49,39
444,136,41,38
446,140,45,41
446,142,44,39
450,144,45,38
451,144,44,41
453,142,42,42
453,143,45,42
456,143,48,45
456,143,48,46
457,148,50,42
458,149,53,43
459,150,56,45
460,151,57,46
457,152,61,43
456,155,54,43
454,158,60,41
451,156,54,47
447,157,60,47
444,160,58,45
443,164,65,39
449,161,58,44
456,163,54,42
458,166,54,40
457,164,60,50
459,163,61,46
457,157,57,51
456,158,50,47
458,163,46,42
455,167,44,38
452,173,46,33
450,170,44,38
447,168,49,40
447,169,53,38
444,167,57,42
442,167,60,43
445,163,58,52
450,165,52,49
447,159,59,52
453,162,52,44
453,161,53,47
456,159,47,48
459,159,45,45
460,163,36,39
458,160,42,41
460,161,40,40
459,162,45,40
457,160,48,43
461,160,41,41
455,159,40,44
454,163,39,43
450,164,48,48
449,168,43,39
451,170,44,41
455,168,44,42
463,165,45,44
470,169,38,44
474,172,36,41
477,171,36,38
481,165,40,38
477,158,36,40
475,158,37,41
473,159,36,40
470,164,38,41
465,170,44,41
466,168,40,42
467,170,33,46
463,170,30,45
459,175,35,44
457,172,36,46
457,172,35,45
459,172,37,47
459,175,36,39
458,176,36,43
460,174,39,47
465,176,36,43
464,173,34,47
461,178,41,41
464,177,38,40
467,172,33,47
468,173,35,46
469,172,34,46
470,172,33,44
469,171,32,43
469,169,35,48
476,171,27,42
465,181,24,41
470,175,27,40
471,172,32,44
472,173,41,45
474,178,38,39
475,179,33,39
459,181,41,36
459,181,49,40
459,182,50,35
439,183,58,36
438,183,71,39
438,180,72,43
422,178,86,45
417,186,91,36
424,181,85,44
323,196,73,47
307,213,67,55
309,212,58,64
308,211,57,59
298,209,63,62
293,209,71,59
290,205,78,61
284,208,84,58
276,203,95,61
287,197,85,67
290,198,86,65
288,197,91,62
289,198,92,58
281,199,90,56
281,193,97,61
284,193,94,61
282,188,95,66
285,190,92,63
290,195,88,60
284,197,88,56
289,196,86,58
295,197,82,59
297,198,78,62
297,193,80,66
310,194,73,66
306,194,74,68
315,198,75,64
313,194,80,68
315,192,79,74
324,199,74,71
330,194,73,75
337,198,74,68
332,198,90,74
345,193,92,78
355,196,85,77
349,185,96,91
355,183,91,95
348,180,103,99
350,168,101,113
364,178,87,106
372,183,84,98
382,185,71,97
391,191,66,87
397,189,60,93
397,197,62,86
401,201,58,80
398,202,70,80
409,205,62,75
409,198,63,88
415,205,59,83
411,210,72,79
415,218,77,70
412,219,83,65
415,223,86,58
418,221,85,58
419,221,86,63
415,218,91,68
410,220,101,67
413,222,100,66
420,225,94,64
421,229,100,59
424,229,98,64
432,231,99,61
432,232,97,62
454,230,78,68
448,233,88,62
458,234,77,66
464,235,75,68
474,229,64,77
480,227,58,81
480,224,59,82
475,222,52,84
475,222,52,84
471,225,59,81
467,225,62,81
460,230,65,71
453,229,71,70
446,226,80,73
435,222,74,74
433,222,76,70
434,230,79,63
430,228,78,66
427,227,79,65
430,230,79,66
430,230,78,64
433,228,72,76
430,224,83,78
429,226,77,75
436,233,68,67
431,234,75,67
431,241,81,56
435,243,75,52
432,235,77,64
436,236,76,71
441,236,70,68
435,238,76,68
441,238,65,67
443,242,62,60
445,235,62,70
443,234,63,72
442,237,65,68
440,234,67,72
443,235,67,72
442,235,66,72
438,234,71,75
438,239,66,64
432,241,81,61
430,239,80,64
424,236,83,66
416,238,88,67
395,234,106,68
397,233,115,72
393,233,116,72
388,236,139,72
379,229,141,81
371,229,136,84
368,229,129,87
359,231,123,83
347,231,136,90
343,232,130,82
339,241,147,77
328,235,168,85
313,229,177,97
316,225,159,109
309,224,154,104
305,224,140,97
293,220,134,100
281,217,148,105
266,219,154,98
271,220,161,105
259,218,153,105
265,223,139,96
257,228,148,93
259,241,149,83
239,235,157,85
239,233,130,97
233,236,142,88
222,233,150,94
204,228,174,105
213,227,147,108
209,230,141,104
212,241,140,93
204,246,151,87
198,245,153,92
195,247,163,94
186,244,148,101
181,246,150,100
174,255,153,89
162,251,160,97
152,251,167,100
154,258,173,91
147,251,174,97
147,253,170,99
152,262,160,88
140,259,176,91
144,269,174,80
143,262,164,88
156,274,148,77
153,270,155,80
150,271,156,79
150,268,159,79
150,266,144,83
150,267,149,83
149,263,157,84
143,257,134,85
149,262,143,84
145,264,151,82
148,266,154,81
140,265,167,81
136,261,171,87
130,258,171,93
133,264,156,90
135,268,165,85
127,269,175,85
142,265,171,91
161,263,149,94
172,272,138,82
174,271,142,79
184,265,126,88
185,264,147,85
196,269,137,78
198,260,122,83
190,259,124,74
189,253,128,84
184,255,135,82
186,261,139,81
184,257,139,86
179,260,136,80
178,259,141,86
175,262,144,81
173,263,139,80
176,260,126,79
173,262,125,75
172,256,129,84
177,260,129,79
177,255,119,81
181,257,114,80
184,257,113,79
185,254,104,84
188,258,107,79
184,255,108,83
182,258,113,83
181,257,114,79
182,255,111,82
185,255,110,83
182,254,117,85
181,254,119,85
185,253,112,86
188,251,105,86
188,249,104,91
194,254,105,82
193,250,109,87
194,257,114,82
202,256,106,84
201,250,96,87
200,253,94,83
202,256,99,83
196,256,105,85
198,259,106,85
205,264,105,80
214,268,97,77
218,266,107,84
224,265,101,82
221,258,106,93
224,256,100,89
225,254,110,86
219,247,102,93
222,249,85,88
220,259,98,79
212,259,99,81
211,260,107,82
207,256,95,90
209,263,83,77
209,271,98,71
205,263,107,83
201,262,116,82
201,262,103,81
197,266,122,71
199,260,122,79
200,260,116,80
204,260,106,79
201,257,124,89
197,250,105,93
194,259,121,82
192,259,124,86
189,251,119,96
186,253,118,96
189,261,123,83
188,259,136,85
183,261,140,86
180,250,137,96
175,246,134,97
185,252,125,91
189,258,115,87
189,251,108,93
198,257,101,90
196,258,117,88
187,247,133,99
192,256,120,87
194,255,122,88
190,255,135,87
191,252,124,94
190,253,135,92
189,253,138,89
197,261,130,79
196,261,121,78
195,257,107,86
200,267,114,75
204,273,114,69
194,251,104,90
199,261,111,80
196,260,126,84
203,263,118,81
211,259,110,87
214,247,111,102
202,234,117,111
209,231,114,126
210,225,101,127
202,213,107,141
204,229,118,116
211,237,115,122
217,250,111,99
221,260,102,85
225,269,100,78
225,275,108,73
228,277,109,73
229,282,120,66
239,285,109,62
224,269,113,74
234,272,109,72
231,267,109,73
237,275,105,61
236,269,111,67
240,266,104,72
239,263,104,75
241,264,104,75
240,261,93,73
238,263,95,71
236,261,93,70
235,263,97,69
245,263,89,65
241,255,96,73
244,257,93,70
223,236,96,88
223,234,101,89
220,230,110,91
217,212,118,110
223,224,113,94
221,226,116,94
215,228,114,95
224,243,101,76
236,242,90,79
234,239,99,90
236,247,110,74
235,244,119,74
240,246,112,72
232,239,109,73
236,240,103,70
233,236,109,75
230,235,106,75
231,239,106,69
231,240,110,69
233,241,110,76
