157,107,60,62
153,109,63,59
154,110,62,59
153,110,63,59
156,112,62,60
155,114,61,58
153,115,62,56
154,116,64,58
154,118,62,56
156,121,62,56
156,123,63,56
157,124,62,56
157,125,63,58
161,125,57,56
159,128,61,57
160,129,62,53
161,123,60,53
162,123,64,55
161,118,60,50
168,109,58,55
165,102,61,54
167,98,64,56
167,91,63,59
170,90,61,55
167,91,66,56
171,95,61,53
171,99,63,54
173,107,60,53
173,117,57,52
175,128,57,50
177,129,58,56
177,133,58,52
181,136,55,54
182,139,57,53
183,144,57,53
181,148,60,53
183,148,57,54
185,148,56,52
185,147,58,52
185,146,57,53
185,144,58,51
185,143,58,49
188,141,57,49
189,139,58,46
194,137,58,48
203,135,53,48
211,133,54,49
219,131,50,52
228,131,48,52
234,130,46,48
237,130,46,50
237,131,49,52
239,134,50,53
238,137,51,52
237,142,51,52
235,144,50,52
228,145,50,53
219,144,51,53
206,145,54,54
190,144,55,54
177,145,56,54
166,144,58,54
155,145,61,55
149,145,60,56
143,143,61,55
140,141,63,55
141,137,64,51
145,134,64,49
156,124,56,54
167,116,54,52
178,111,55,54
187,110,58,53
197,108,60,56
208,110,54,56
216,113,55,56
226,120,52,59
229,125,50,57
231,130,52,57
230,133,56,55
228,138,53,56
221,141,55,57
214,145,54,56
206,150,53,57
201,155,47,54
192,157,48,54
186,161,50,55
182,160,54,55
177,160,57,54
173,156,57,55
171,152,55,54
170,146,57,51
169,140,56,52
171,134,56,49
173,123,56,51
176,113,57,53
181,104,60,53
187,99,55,50
191,95,55,51
196,94,56,51
202,93,53,52
206,95,52,55
212,99,53,53
216,111,52,47
220,117,52,48
222,127,51,47
221,129,50,50
218,134,50,47
216,135,52,49
212,136,53,48
209,132,53,48
206,129,49,48
199,122,50,49
191,117,52,49
181,111,53,52
183,110,49,49
171,108,53,52
171,108,54,52
161,105,54,54
151,104,57,55
143,106,60,56
137,106,60,58
131,109,61,59
126,113,60,60
123,118,63,58
129,118,60,59
135,116,59,54
144,113,61,55
155,108,58,54
169,104,59,55
184,103,56,50
200,104,48,51
212,104,49,52
221,108,50,52
225,113,51,52
231,119,49,51
234,127,51,50
236,132,51,52
236,136,52,53
234,138,51,51
233,138,50,51
228,136,51,52
222,133,51,53
218,130,51,56
214,131,50,54
213,132,53,54
210,136,58,58
212,141,55,58
211,147,55,58
208,153,53,56
204,158,53,56
203,159,49,54
198,162,51,54
196,165,55,52
193,163,52,52
193,163,52,53
190,163,53,52
189,161,56,52
192,162,51,56
191,158,51,51
189,158,55,51
188,154,54,51
188,150,50,52
185,143,51,51
184,138,54,49
183,132,55,51
184,128,55,51
185,123,54,51
184,124,57,52
183,123,56,53
184,129,55,52
182,133,54,52
184,133,51,51
183,137,54,56
182,133,53,52
181,136,57,54
179,134,53,54
180,132,55,52
181,130,53,52
183,125,52,52
184,119,54,54
185,119,56,55
187,117,54,56
186,118,59,57
189,124,57,58
189,130,54,52
187,134,55,54
186,135,53,55
184,137,54,56
185,138,52,54
185,136,52,54
184,133,54,52
185,126,53,52
185,123,54,52
186,119,55,51
186,117,59,53
188,116,58,48
187,118,64,50
189,124,56,50
190,128,56,49
190,135,54,48
190,140,51,51
190,143,51,54
189,147,51,54
188,147,52,53
187,145,52,51
184,143,54,51
184,138,51,50
183,133,53,49
184,127,52,51
182,123,51,51
183,120,50,51
182,118,53,55
181,121,54,55
180,124,54,54
176,130,57,52
177,137,58,53
180,144,52,53
181,153,52,53
182,158,49,55
183,165,49,52
184,171,52,52
182,174,56,54
183,172,53,52
185,170,52,51
185,166,52,48
185,159,54,52
184,152,55,50
185,145,53,50
185,135,51,52
184,125,54,51
182,118,57,49
180,109,61,52
181,107,59,53
181,105,57,55
181,105,57,53
179,108,60,51
180,110,57,55
180,108,56,53
180,115,56,52
178,122,58,53
179,131,55,53
176,144,58,53
176,155,54,53
175,160,54,55
180,165,48,53
182,167,50,53
184,164,48,53
185,161,49,53
186,156,49,52
188,155,47,53
190,151,46,53
189,148,48,53
189,142,48,55
190,140,46,53
188,136,50,52
188,133,49,52
189,133,48,53
189,129,47,52
191,128,46,52
193,128,45,53
195,126,41,53
196,126,40,52
197,126,39,50
198,126,39,50
197,123,38,51
197,123,38,50
196,121,38,48
194,120,41,47
195,118,39,49
194,117,39,48
194,117,40,49
195,115,39,49
195,114,40,49
194,115,42,48
194,114,41,49
196,113,39,50
195,114,42,51
195,113,42,48
195,114,44,51
195,113,48,52
193,114,52,54
192,114,55,51
189,111,60,53
188,110,60,55
187,112,57,53
184,112,59,55
181,117,63,56
184,125,57,51
184,129,57,55
186,141,55,52
183,145,58,55
182,151,58,53
181,154,57,55
181,153,57,56
182,153,56,51
183,150,56,54
187,142,53,54
189,137,50,50
185,129,56,52
188,127,54,48
189,122,52,51
190,120,52,50
188,118,55,52
187,118,56,51
190,116,53,50
191,112,51,52
188,111,55,53
190,111,52,51
187,112,54,49
187,111,52,51
185,111,54,51
183,112,58,51
183,111,59,52
182,113,58,51
182,113,56,53
183,114,52,54
181,114,53,54
181,114,52,53
180,114,55,52
180,113,53,51
181,112,52,51
182,110,48,50
182,110,49,51
181,108,50,53
182,107,48,52
181,108,49,53
181,108,49,53
183,108,47,54
187,110,42,53
190,109,38,58
191,111,37,55
188,113,40,53
188,112,40,54
190,114,38,55
189,115,39,53
192,116,36,52
191,114,36,53
191,114,36,53
192,114,35,54
193,113,35,56
194,115,35,53
195,113,35,57
194,114,35,54
194,112,37,55
195,115,36,57
195,115,37,54
195,115,37,55
195,121,37,51
193,124,41,54
190,129,44,52
189,135,46,54
186,140,51,57
185,141,53,56
187,139,51,56
186,134,53,56
187,128,53,48
191,119,51,48
192,119,50,47
192,108,53,47
192,107,53,49
192,96,54,53
193,91,53,52
194,88,50,49
196,84,50,53
197,87,54,53
198,89,53,53
198,94,51,51
199,99,52,52
198,108,53,52
200,113,51,52
199,118,50,54
199,127,46,50
198,134,45,50
195,141,48,50
193,145,50,55
190,150,51,53
190,151,52,55
189,150,51,54
187,148,53,54
186,147,54,53
187,145,53,52
186,140,54,57
185,134,54,57
182,128,54,53
181,126,56,52
179,121,58,53
179,119,59,50
179,113,58,52
180,110,57,52
183,108,58,53
187,110,59,52
193,110,55,51
196,114,55,51
194,116,57,51
193,118,58,53
190,121,59,52
191,123,48,53
178,123,54,54
173,119,51,54
165,121,56,56
159,119,57,54
155,119,60,54
158,117,59,56
167,116,52,56
170,119,62,57
182,123,55,56
198,126,50,54
204,126,49,51
208,129,49,52
211,133,51,52
216,143,50,51
223,150,46,53
231,164,42,48
238,175,44,47
244,189,45,42
247,198,46,37
248,208,41,36
241,211,45,38
238,215,33,36
241,217,25,36
241,218,22,36
241,218,22,36
241,218,22,36
241,218,22,36
241,218,22,36
241,218,22,36
241,218,22,36
241,218,22,36
241,218,22,36
241,218,22,36
241,218,22,36
241,218,22,36
241,218,22,36
241,218,22,36
241,218,22,36
241,218,22,36
241,218,22,36
241,218,22,36
241,218,22,36
241,218,22,36
241,218,22,36
241,218,22,36
175,192,25,41
180,185,34,46
190,180,41,49
202,175,43,51
214,169,43,52
220,164,44,55
221,165,44,54
224,168,44,51
223,169,49,52
223,170,52,52
228,175,50,51
227,178,48,50
228,185,51,49
228,190,56,49
230,197,57,45
235,201,52,50
238,210,51,45
243,214,47,46
245,217,46,45
245,218,45,46
242,220,47,47
238,225,39,45
239,223,42,50
237,229,35,46
221,232,37,39
220,234,38,31
220,234,38,31
220,234,38,31
220,234,38,31
220,234,38,31
220,234,38,31
220,234,38,31
220,234,38,31
220,234,38,31
220,234,38,31
220,234,38,31
220,234,38,31
220,234,38,31
220,234,38,31
220,234,38,31
141,225,40,38
146,230,35,36
146,230,35,36
146,230,35,36
146,230,35,36
220,239,28,38
229,240,23,36
232,240,28,33
230,241,32,37
234,239,29,40
243,239,23,41
249,241,20,38
255,236,24,39
255,236,24,39
255,236,24,39
255,236,24,39
255,236,24,39
255,236,24,39
255,236,24,39
255,236,24,39
255,236,24,39
255,236,24,39
255,236,24,39
255,236,24,39
255,236,24,39
255,236,24,39
255,236,24,39
255,236,24,39
255,236,24,39
255,236,24,39
255,236,24,39
255,236,24,39
255,236,24,39
255,236,24,39
255,236,24,39
255,236,24,39
255,236,24,39
255,236,24,39
255,236,24,39
255,236,24,39
255,236,24,39
255,236,24,39
255,236,24,39
255,236,24,39
255,236,24,39
255,236,24,39
255,236,24,39
255,236,24,39
255,236,24,39
255,236,24,39
255,236,24,39
255,236,24,39
261,224,29,43
258,220,35,40
253,217,39,40
246,215,45,39
243,212,45,38
238,208,48,41
234,204,49,43
231,201,52,44
229,197,52,46
226,194,52,42
225,187,50,43
224,176,46,48
223,169,48,52
220,163,48,51
216,157,52,56
216,155,50,57
214,152,48,57
212,148,48,60
210,146,48,59
208,144,46,59
206,142,47,60
199,142,52,61
194,141,53,57
187,138,56,58
188,141,55,58
188,140,51,57
188,142,49,57
180,143,56,59
177,147,60,60
179,153,62,58
179,156,64,59
184,163,62,57
188,169,62,55
191,176,60,55
198,184,59,54
205,189,55,55
212,191,53,58
217,199,49,54
223,205,44,47
226,208,41,44
229,210,37,41
232,212,32,38
234,210,31,39
235,207,34,41
236,206,30,40
237,207,28,39
236,206,29,39
237,206,28,39
235,205,29,39
234,203,30,41
233,201,31,39
232,200,34,38
238,192,37,42
234,187,46,45
233,182,51,46
233,175,58,48
232,170,58,51
234,166,58,50
234,162,56,50
234,157,57,52
234,155,57,53
235,154,55,54
236,152,56,56
235,151,56,54
234,150,53,53
234,149,58,56
233,150,57,51
235,149,54,52
235,148,57,52
235,148,51,52
234,147,53,50
231,144,51,49
230,142,53,51
231,142,53,50
232,143,47,45
234,137,42,50
238,136,34,48
228,135,41,44
225,134,43,43
224,134,42,36
220,135,42,33
218,136,44,34
217,137,42,35
217,140,41,34
220,141,37,34
221,143,34,37
222,145,31,36
225,147,27,36
226,148,24,37
227,149,21,38
230,150,18,35
205,158,22,36
205,158,22,36
203,156,27,38
199,154,36,40
200,153,36,42
201,156,37,41
203,157,35,40
203,157,34,41
203,158,34,42
202,159,36,41
202,159,35,44
201,161,34,43
201,162,35,45
200,165,35,44
202,167,33,43
202,168,32,44
201,173,33,41
201,175,32,41
202,178,29,41
200,181,33,39
201,183,31,39
200,186,30,38
200,187,34,39
201,189,33,40
201,190,33,41
202,193,34,39
201,194,31,39
202,195,33,39
202,197,35,37
202,197,35,37
202,197,35,37
202,197,35,37
202,197,35,37
202,197,35,37
202,197,35,37
202,201,30,34
203,200,25,36
202,200,27,34
204,202,25,34
204,203,25,32
204,204,21,27
205,204,25,27
204,205,23,26
208,204,27,26
208,203,28,31
214,203,34,30
211,202,37,33
212,203,39,32
213,205,39,30
214,207,38,28
215,208,38,28
216,208,38,30
224,209,32,30
226,210,30,29
225,210,32,29
225,210,32,32
225,211,33,28
222,210,36,32
221,209,38,31
223,209,37,32
221,209,38,34
223,210,39,32
224,210,38,33
224,210,38,30
223,210,39,34
224,210,37,32
222,211,37,32
221,210,39,33
223,210,36,32
224,210,37,32
224,210,38,31
225,210,37,33
226,210,37,31
226,209,37,32
229,208,35,33
229,208,34,33
227,206,36,35
228,206,37,35
226,205,36,34
227,204,38,33
226,202,38,36
226,200,39,36
226,195,39,38
226,191,40,37
226,185,39,38
224,179,43,39
226,172,42,40
226,167,41,42
227,162,41,43
227,158,42,44
227,157,41,44
227,156,41,44
228,157,40,43
226,158,42,45
226,158,42,46
223,162,42,46
223,167,42,45
223,168,41,43
222,174,41,45
221,173,42,45
217,181,42,44
214,190,42,41
211,195,44,42
209,197,42,41
210,197,42,42
210,198,42,41
208,199,44,40
210,200,41,40
208,201,42,39
210,201,40,39
209,203,39,36
209,203,39,35
209,205,37,32
206,207,40,28
205,209,38,27
206,212,37,26
208,213,35,24
206,217,35,20
208,220,33,20
209,224,31,16
209,224,31,16
209,224,31,16
209,224,31,16
209,224,31,16
209,224,31,16
209,224,31,16
209,224,31,16
209,224,31,16
209,224,31,16
169,174,33,23
169,174,33,23
169,174,33,23
169,174,33,23
169,174,33,23
169,174,33,23
169,174,33,23
209,231,35,25
209,231,35,25
209,231,35,25
209,231,35,25
209,231,35,25
209,231,35,25
209,231,35,25
209,231,35,25
209,231,35,25
209,231,35,25
209,231,35,25
209,231,35,25
209,231,35,25
209,231,35,25
209,231,35,25
209,231,35,25
209,231,35,25
209,231,35,25
209,231,35,25
209,231,35,25
209,231,35,25
209,231,35,25
209,231,35,25
209,231,35,25
209,231,35,25
209,231,35,25
209,231,35,25
209,231,35,25
209,231,35,25
209,231,35,25
209,231,35,25
209,231,35,25
209,231,35,25
209,231,35,25
209,231,35,25
209,231,35,25
209,231,35,25
203,241,40,29
203,241,40,29
203,241,40,29
203,241,40,29
203,241,40,29
203,241,40,29
203,241,40,29
203,241,40,29
203,241,40,29
203,241,40,29
203,241,40,29
203,241,40,29
203,241,40,29
203,241,40,29
203,241,40,29
203,241,40,29
209,229,51,31
209,229,51,31
209,229,51,31
209,229,51,31
209,229,51,31
209,229,51,31
209,229,51,31
209,229,51,31
209,229,51,31
209,229,51,31
209,229,51,31
209,229,51,31
209,229,51,31
209,229,51,31
209,229,51,31
223,206,40,32
225,207,34,32
223,209,31,30
223,209,31,30
223,209,31,30
223,209,31,30
223,209,31,30
223,209,31,30
223,209,31,30
223,209,31,30
223,209,31,30
223,209,31,30
223,209,31,30
223,254,25,30
224,246,25,33
224,246,25,33
224,246,25,33
224,246,25,33
224,246,25,33
224,246,25,33
205,236,30,33
205,236,30,33
205,236,30,33
205,236,30,33
205,236,30,33
205,236,30,33
205,236,30,33
205,236,30,33
205,236,30,33
205,236,30,33
205,236,30,33
205,236,30,33
205,236,30,33
205,236,30,33
205,236,30,33
205,236,30,33
205,236,30,33
205,236,30,33
205,236,30,33
205,236,30,33
205,236,30,33
205,236,30,33
205,236,30,33
210,211,28,26
204,206,36,27
203,199,39,31
202,188,43,39
205,179,43,40
206,170,44,40
204,162,43,40
205,156,43,39
206,147,42,42
206,141,39,41
204,138,41,41
201,135,42,41
199,132,45,43
196,134,48,43
193,135,46,45
192,137,45,47
192,140,47,48
190,143,46,49
190,147,46,48
190,147,45,45
191,146,48,47
189,145,47,45
193,141,47,47
192,141,47,46
197,140,43,47
199,140,44,49
201,143,45,51
203,148,44,47
206,152,44,48
204,159,48,46
205,164,47,48
206,169,47,51
206,175,47,49
205,179,48,48
202,181,48,51
204,182,47,48
205,179,48,47
206,174,47,45
208,168,46,44
208,160,45,42
205,150,43,45
200,141,47,44
196,136,48,42
191,129,51,45
191,125,48,48
188,124,50,49
185,125,50,48
183,127,47,51
181,132,48,48
177,136,47,48
174,139,46,51
167,141,48,51
164,146,50,51
164,150,50,51
163,156,50,51
161,162,49,51
159,171,49,50
157,175,49,52
155,179,49,50
156,181,48,50
158,180,46,52
159,178,47,53
162,173,50,55
163,169,54,58
167,163,55,51
174,161,53,50
181,157,47,51
182,154,49,52
183,153,52,50
186,152,52,51
187,152,49,52
188,150,50,52
190,150,49,52
187,151,49,51
186,151,53,50
185,149,52,53
180,150,52,53
179,147,50,54
171,144,51,57
165,144,55,57
159,143,54,58
153,142,54,58
148,143,57,54
144,141,60,56
144,139,62,55
150,138,59,56
157,138,58,54
166,135,56,55
177,135,54,54
189,132,50,52
199,134,48,53
204,133,50,52
208,134,49,51
207,133,51,50
208,135,52,50
210,134,51,51
213,137,51,48
212,139,51,51
211,140,52,51
209,140,52,51
207,140,50,49
203,139,50,49
201,137,48,48
195,134,49,51
188,133,50,50
180,130,50,51
174,129,52,50
165,131,53,48
157,133,57,48
157,134,58,51
157,134,57,52
156,135,60,51
157,138,58,53
157,141,59,51
161,144,57,50
163,147,58,51
167,149,56,51
168,146,58,56
173,148,56,52
175,149,57,51
179,146,57,52
185,147,56,52
188,145,53,52
190,143,53,53
187,144,56,53
187,141,55,55
183,143,58,56
178,146,59,55
174,149,56,53
170,153,52,55
167,153,52,56
165,156,52,56
161,155,53,57
158,156,54,57
155,158,56,57
155,159,55,56
156,160,54,56
155,162,58,57
158,161,57,56
161,164,58,54
163,165,57,55
167,167,57,55
168,168,57,58
173,175,54,55
173,180,56,55
173,187,52,53
176,196,48,51
176,202,49,53
174,208,52,54
170,210,55,55
175,215,50,56
176,217,53,56
178,219,54,57
177,220,57,58
180,220,55,54
184,219,52,55
186,217,54,56
189,219,56,56
194,221,56,59
198,227,54,60
200,236,56,56
204,247,53,46
212,274,57,50
209,292,62,55
212,314,63,48
214,329,65,37
214,329,65,37
214,329,65,37
216,346,62,26
223,341,60,24
225,339,55,22
227,338,56,22
228,341,55,21
232,346,47,23
166,272,47,28
166,272,47,28
166,272,47,28
166,272,47,28
166,272,47,28
166,272,47,28
166,272,47,28
166,272,47,28
166,272,47,28
166,272,47,28
166,272,47,28
166,272,47,28
166,272,47,28
166,272,47,28
166,272,47,28
166,272,47,28
166,272,47,28
166,272,47,28
166,272,47,28
166,272,47,28
201,296,39,24
201,296,39,24
201,296,39,24
201,296,39,24
201,296,39,24
204,258,32,32
206,263,26,29
207,268,25,27
206,275,22,24
206,277,21,22
206,277,21,22
206,280,22,24
206,280,22,24
157,325,21,26
153,324,19,30
152,322,18,31
148,322,22,34
146,321,24,36
145,318,22,39
204,274,28,43
205,270,23,38
203,272,25,37
203,272,27,29
202,273,26,22
201,273,28,21
199,274,28,23
200,274,28,25
196,285,29,29
197,274,31,28
198,272,31,22
198,272,29,23
199,274,29,26
197,274,31,28
197,273,31,25
198,273,29,26
200,273,28,22
201,273,27,21
201,273,29,18
200,274,28,18
200,274,27,20
198,274,31,18
193,280,31,19
196,273,31,23
195,273,33,21
194,274,33,23
193,273,36,25
192,274,35,23
193,273,36,24
193,273,36,27
192,273,38,23
193,273,41,22
185,286,40,29
192,274,36,36
192,273,39,43
190,273,38,43
188,273,45,46
189,273,43,43
190,272,43,44
188,273,43,44
187,273,47,43
188,273,42,43
189,273,39,44
187,274,43,43
187,274,46,43
190,273,42,44
192,273,39,42
197,271,32,35
202,273,29,38
205,269,25,31
210,273,21,34
152,311,27,40
150,290,32,49
145,273,42,51
144,261,50,53
142,247,62,61
146,240,67,58
152,232,64,62
156,226,66,63
161,223,64,59
166,219,64,57
172,215,59,57
178,210,56,59
186,210,51,55
193,209,45,53
195,206,47,53
195,201,49,57
194,199,52,55
193,195,56,58
193,193,60,56
200,193,56,54
204,189,54,52
210,186,53,53
213,182,52,53
217,177,54,53
223,170,54,54
226,165,55,52
232,159,51,49
234,149,51,53
236,144,50,51
235,138,48,51
237,132,46,51
236,133,47,51
234,134,46,52
231,138,47,53
228,142,48,53
225,151,50,51
221,158,51,50
219,165,51,50
216,170,53,48
213,173,56,51
214,176,55,52
220,174,51,52
219,169,53,54
219,164,54,53
218,159,53,51
216,153,53,52
215,145,48,55
209,141,46,54
201,137,49,56
194,135,50,57
185,136,54,55
178,136,57,56
173,136,60,59
170,140,59,56
173,141,58,54
174,142,61,53
181,143,59,51
188,143,55,51
196,143,53,49
204,142,50,54
209,143,50,52
214,143,48,52
214,144,48,51
214,144,46,50
211,144,46,53
207,146,51,48
208,147,48,48
208,146,49,47
208,147,48,50
208,148,48,50
209,152,47,48
210,153,45,46
211,154,45,46
207,155,48,45
211,155,46,46
210,157,46,47
212,159,46,47
213,160,43,45
211,161,46,47
212,164,44,45
212,165,45,44
215,167,42,45
214,169,45,45
218,166,42,44
219,164,44,46
220,163,43,44
219,159,42,44
217,154,43,43
215,150,43,46
210,147,44,46
210,146,44,50
212,146,45,50
209,146,46,50
212,147,45,46
210,147,46,46
212,146,43,45
208,147,46,44
205,147,45,45
201,148,45,44
199,150,46,46
195,153,45,46
191,156,45,47
181,159,49,48
175,159,46,50
166,162,49,50
161,161,47,51
149,158,52,49
142,154,52,50
133,149,55,53
128,144,54,52
122,140,56,56
117,135,58,54
117,128,58,56
115,123,59,57
118,115,60,61
121,108,60,62
124,103,62,61
134,98,59,59
146,95,53,55
160,92,53,55
172,88,53,56
185,91,55,52
198,93,52,55
211,99,53,51
219,108,50,50
220,113,53,50
222,115,53,52
222,124,52,51
219,132,55,50
216,137,59,50
214,138,54,52
209,139,51,52
202,136,52,52
195,134,54,53
189,131,49,51
180,125,50,51
174,120,49,54
164,117,53,56
158,116,52,57
150,116,55,59
144,117,56,62
138,118,57,62
134,118,59,61
131,119,61,57
130,116,57,58
134,111,58,56
139,104,57,56
149,97,56,54
160,91,53,52
176,83,49,53
188,80,50,53
199,78,49,51
210,82,49,51
223,85,48,51
236,89,46,51
245,92,48,53
249,96,48,49
253,98,50,54
257,103,49,53
259,109,48,53
260,115,48,51
260,120,48,48
258,125,50,49
257,129,48,52
252,133,49,51
247,136,51,52
243,139,51,53
237,141,51,52
236,142,49,51
231,141,47,51
225,138,47,51
216,134,47,50
204,129,47,49
191,124,48,49
177,122,46,51
162,121,50,54
140,121,59,54
130,123,61,55
121,123,61,58
113,126,58,57
108,128,59,60
101,130,62,60
99,132,63,58
103,132,61,57
109,131,59,55
120,128,59,56
132,127,60,54
143,125,62,53
166,125,56,51
195,129,43,51
208,130,48,52
213,136,50,49
216,138,52,52
217,142,51,48
218,143,53,53
219,144,51,51
220,153,51,47
222,162,51,45
225,172,48,44
230,183,45,43
234,194,46,45
236,205,43,41
238,212,36,42
237,216,31,42
238,220,28,42
239,223,22,39
239,223,22,39
239,223,22,39
193,286,23,37
192,282,25,35
191,286,27,31
194,286,23,30
194,282,24,33
198,272,20,36
197,274,22,43
197,278,22,39
136,219,26,35
129,213,32,42
112,217,37,43
98,217,43,48
88,218,50,46
83,217,51,47
82,212,53,49
88,207,52,49
98,200,50,50
108,189,53,51
123,180,53,50
139,169,53,51
158,162,52,49
174,155,50,48
195,149,46,48
208,142,47,53
212,138,49,53
219,140,49,52
221,142,52,53
228,146,48,54
232,150,48,51
238,164,47,47
243,175,47,45
247,190,46,41
250,202,44,36
251,215,38,32
240,214,45,37
237,216,35,38
237,216,29,33
239,226,21,28
193,281,23,27
191,285,25,27
192,288,26,28
192,283,25,33
191,286,27,30
192,286,26,31
192,285,25,31
193,281,26,34
193,285,25,32
194,285,24,30
194,287,25,29
194,286,26,30
194,286,25,30
194,285,24,32
195,285,23,33
193,284,25,33
193,288,26,29
193,288,26,29
193,287,24,28
193,287,23,29
193,287,25,28
193,286,26,31
193,286,25,31
193,287,25,31
192,287,25,29
192,287,25,29
192,286,25,30
192,287,25,29
192,285,26,32
193,285,23,33
193,287,25,30
192,287,27,30
191,286,26,32
192,286,28,31
192,286,27,30
192,285,26,32
192,286,26,30
193,286,26,31
192,286,25,31
194,286,24,31
194,286,25,30
193,286,25,30
193,287,25,28
193,287,25,30
193,287,27,30
193,286,24,29
194,287,25,29
194,286,24,31
195,285,24,31
196,287,22,29
195,287,22,29
195,286,24,30
194,287,24,30
195,286,23,31
194,286,26,31
194,285,25,31
194,286,23,30
194,287,23,30
194,287,24,30
193,286,24,30
194,286,23,27
193,288,25,28
193,287,24,28
193,288,24,28
193,287,24,29
192,289,26,28
193,288,24,27
194,288,23,27
194,286,24,29
194,287,24,30
193,287,26,30
194,286,24,30
194,286,24,31
194,285,23,32
194,285,23,31
194,287,24,29
194,286,24,30
194,286,25,30
194,287,25,29
195,287,23,29
195,287,23,28
195,286,23,29
195,287,23,30
196,287,23,29
196,287,23,30
196,287,22,30
195,287,23,30
195,285,24,31
194,286,24,30
194,286,24,30
193,288,25,28
193,287,25,29
193,286,24,29
193,286,24,29
193,287,24,29
193,287,24,28
193,287,24,29
193,287,26,29
193,286,24,30
194,286,23,30
193,287,25,30
193,285,24,32
193,286,25,30
193,287,25,30
193,286,26,30
194,286,24,31
193,287,24,29
194,287,25,30
194,286,24,30
195,287,23,29
195,287,23,30
196,288,22,28
197,287,21,30
196,287,21,29
197,287,22,30
196,287,21,29
197,288,20,28
197,288,21,28
196,288,22,29
195,287,21,28
195,285,23,31
194,286,22,29
194,287,22,29
194,287,22,26
193,286,23,30
193,287,22,29
193,287,23,29
192,287,23,25
192,287,23,28
192,286,22,28
191,286,23,29
191,285,24,31
191,285,23,32
190,287,24,31
190,287,24,28
190,287,25,29
191,286,24,30
191,287,22,29
190,286,23,29
190,287,23,28
191,288,23,27
190,287,24,27
191,288,20,25
190,288,23,27
189,287,26,31
190,286,25,31
190,287,24,28
190,287,25,28
190,286,25,30
191,288,23,28
190,288,26,28
191,287,25,30
192,287,24,30
191,287,25,28
191,287,25,29
192,287,24,30
192,287,25,28
192,287,24,29
192,286,24,30
192,288,24,29
193,288,23,26
193,286,23,29
193,287,22,29
192,287,23,28
192,288,24,28
193,287,23,28
193,287,25,28
193,287,24,29
192,288,24,29
192,289,24,27
194,289,22,23
193,289,24,25
193,288,26,28
193,288,25,29
193,287,25,29
193,286,24,30
193,286,24,30
193,287,23,29
193,287,23,29
192,286,25,30
193,285,25,30
194,286,22,31
193,286,23,30
192,287,24,29
191,286,26,30
192,286,25,30
193,287,23,28
192,287,24,29
192,287,23,29
192,288,25,28
193,288,23,28
192,288,25,26
193,288,24,25
191,288,26,29
192,288,25,28
193,288,23,29
192,288,24,27
192,287,25,29
192,287,25,29
192,287,24,29
192,287,25,30
192,288,25,29
192,287,25,29
192,286,25,31
193,286,24,30
192,287,25,29
192,288,25,28
192,287,25,30
192,287,25,28
193,287,24,30
193,286,24,31
193,287,24,29
194,286,23,30
195,286,21,30
193,288,24,28
193,288,24,29
193,288,24,27
192,286,25,29
193,288,24,28
193,287,23,28
192,288,24,27
192,288,24,28
192,286,25,30
193,287,24,29
193,286,24,30
192,287,25,30
193,287,25,30
193,287,25,29
193,287,23,29
192,288,24,28
192,287,24,28
192,286,25,30
192,287,25,29
193,287,23,30
193,287,24,29
192,287,24,29
192,287,24,29
192,286,25,30
192,287,25,29
192,286,25,30
192,287,25,30
192,287,25,29
192,288,24,27
192,286,25,30
192,287,24,29
191,287,27,29
193,287,22,28
193,287,24,29
192,287,25,30
191,288,25,27
192,288,25,27
192,287,25,29
192,288,24,28
192,287,26,29
192,288,26,29
193,287,23,28
192,287,24,30
192,288,25,29
192,288,25,28
192,287,24,29
193,288,24,29
193,287,24,29
193,289,23,28
192,287,24,28
192,287,25,30
192,287,24,30
192,287,24,29
193,288,24,28
193,287,24,29
192,287,25,29
192,288,23,29
193,287,24,29
192,286,24,30
192,286,25,29
192,288,24,28
192,287,25,29
192,287,24,29
192,287,25,29
192,287,26,29
193,288,25,30
194,287,24,29
195,287,22,31
195,287,23,28
194,288,23,27
194,287,24,30
193,286,24,30
193,287,25,30
194,287,24,30
195,287,23,29
194,287,24,29
194,288,24,28
194,285,22,31
193,286,25,30
193,287,24,30
194,286,24,30
193,287,26,30
194,287,24,29
194,286,22,31
195,286,22,30
194,287,24,30
194,286,23,30
194,287,24,30
194,286,25,31
194,286,23,31
194,286,23,31
194,286,23,31
194,288,24,28
193,288,24,29
194,287,23,28
194,287,23,30
194,286,23,30
194,286,23,30
194,286,23,30
194,287,24,29
194,287,24,29
194,287,24,29
194,286,22,31
194,287,23,30
194,286,23,30
195,288,22,29
194,288,23,28
194,287,24,29
194,287,24,30
194,286,24,31
194,288,25,29
194,287,24,29
195,286,24,30
194,286,26,31
194,286,25,31
194,286,25,30
195,286,23,31
194,287,25,30
195,287,24,30
194,287,25,30
194,287,24,29
194,286,24,30
194,288,23,29
194,288,24,28
195,286,24,30
195,287,23,30
194,286,24,30
194,286,24,30
194,287,22,30
193,288,24,29
193,288,25,29
193,286,25,30
193,287,25,28
193,287,24,28
194,288,24,29
193,287,24,29
194,287,22,30
193,287,23,29
194,287,23,30
193,288,24,28
193,287,24,30
193,288,24,28
193,288,24,28
193,287,25,28
193,287,24,28
193,288,25,28
193,287,25,29
193,287,24,30
193,287,24,29
193,286,25,30
193,286,24,31
193,286,25,30
193,287,24,30
193,284,24,32
194,287,22,30
193,286,23,30
193,287,24,30
193,288,24,27
193,288,24,28
194,288,23,28
194,288,22,26
193,288,25,29
193,288,24,29
193,287,23,29
193,287,24,29
193,287,23,27
194,288,23,26
193,287,24,29
192,286,24,30
192,286,24,30
192,287,24,30
191,287,24,29
193,287,23,29
193,287,23,28
193,287,24,29
192,286,24,30
192,286,25,31
192,287,25,29
193,287,24,28
193,288,23,28
193,287,23,28
193,288,23,29
194,288,23,27
194,289,23,25
193,288,25,27
193,288,24,29
192,288,25,28
193,286,25,29
192,288,25,29
193,288,23,28
193,288,24,28
193,288,24,28
193,287,25,30
192,287,25,30
193,286,25,31
194,286,22,30
193,287,25,29
193,287,25,29
192,287,25,29
192,287,26,29
193,288,23,28
193,288,23,26
192,288,25,28
192,288,25,28
192,288,25,29
192,287,26,29
192,288,24,29
192,287,25,29
192,286,26,30
192,287,24,29
192,287,25,29
192,286,25,30
192,286,24,31
192,286,25,31
193,286,23,30
192,287,24,30
192,288,26,28
191,288,26,28
192,288,25,28
192,286,25,30
192,286,25,30
192,286,25,31
192,287,24,29
192,287,25,29
192,288,23,28
192,286,25,31
192,287,26,30
192,287,25,29
192,287,24,30
192,286,24,30
193,287,23,28
193,288,22,27
192,288,25,28
192,287,25,29
192,287,24,28
192,288,25,29
192,287,25,29
193,287,25,29
193,286,24,31
193,286,24,31
192,286,25,31
193,285,25,31
193,287,24,28
193,288,24,28
193,287,24,28
193,287,25,28
192,288,26,29
192,288,25,27
193,287,24,29
193,288,24,28
192,288,25,28
192,287,24,28
192,288,24,27
192,289,24,27
194,289,23,27
193,288,25,27
192,288,25,28
193,287,24,29
192,287,25,30
193,286,24,31
193,288,25,28
193,288,24,28
191,288,26,28
192,287,24,29
192,286,24,30
192,287,25,30
192,287,23,29
193,287,24,29
192,288,25,28
193,287,25,29
193,285,24,30
191,287,26,29
192,288,25,29
192,287,26,29
192,287,25,29
192,287,26,29
192,288,24,28
192,287,24,29
193,287,24,29
192,288,26,28
192,287,25,29
192,287,24,29
192,287,25,30
192,286,25,31
193,285,25,31
192,287,26,30
193,287,24,29
193,287,25,30
193,287,24,29
193,287,25,29
193,287,23,29
192,287,24,29
192,287,25,29
192,286,24,30
193,285,23,31
192,288,26,29
191,287,27,30
192,287,25,29
192,287,24,29
192,286,26,30
192,286,25,31
192,287,25,29
193,288,24,28
192,287,25,29
193,284,23,33
192,286,24,32
192,286,25,30
192,287,24,29
192,286,26,30
192,286,24,30
192,288,25,28
192,288,26,28
193,287,24,28
192,287,24,29
192,288,25,29
192,287,25,29
193,287,24,29
192,287,24,30
191,287,26,29
193,287,24,29
193,287,24,29
192,287,24,29
192,288,25,28
194,287,25,29
193,287,24,28
194,287,23,28
193,288,24,28
192,288,23,28
192,287,24,27
193,289,24,27
193,288,25,28
193,288,25,28
192,287,25,28
192,287,24,28
193,287,25,29
193,287,24,29
193,286,24,31
193,286,22,30
194,286,22,30
193,286,24,31
194,287,23,29
194,287,23,28
193,288,24,28
194,288,23,29
193,287,24,29
194,287,23,28
194,287,23,29
194,286,23,30
194,287,24,30
194,288,24,28
194,288,24,28
194,287,24,29
194,286,24,30
194,287,22,29
194,287,23,29
193,287,24,29
193,287,25,29
193,286,25,30
193,285,23,32
192,287,25,29
193,287,24,29
193,286,24,30
192,287,25,30
193,287,24,29
193,289,23,27
194,288,23,29
193,287,23,29
193,286,24,30
192,287,25,29
192,287,25,28
192,287,25,30
193,287,24,28
193,288,24,26
193,288,22,28
194,286,23,30
193,287,24,29
193,286,24,31
194,287,23,29
193,285,24,31
194,287,24,30
194,287,23,29
193,287,24,30
193,287,24,29
193,287,24,29
192,286,26,30
192,284,25,33
192,287,25,30
193,286,24,30
193,286,25,30
193,287,25,30
193,287,23,30
193,287,24,30
193,287,25,30
194,286,23,30
193,287,23,30
193,288,23,28
194,288,23,28
193,288,24,27
193,287,24,30
194,288,23,28
194,288,25,28
195,288,23,27
194,288,22,28
193,286,23,30
194,287,22,29
192,287,25,29
193,287,24,29
193,287,22,29
193,288,25,28
193,288,25,29
193,288,23,28
193,288,23,28
193,288,25,28
193,288,24,28
192,287,24,29
193,286,22,30
193,286,24,30
192,287,25,28
192,288,25,28
192,288,25,28
192,289,24,27
193,288,24,28
193,286,24,30
193,287,24,29
193,286,23,30
192,287,24,29
192,287,23,29
192,287,24,30
193,286,23,30
193,287,22,29
192,287,24,29
192,288,25,28
193,287,23,28
192,287,24,29
193,287,23,27
192,289,25,27
192,287,24,28
192,286,24,31
193,285,22,31
192,287,24,30
193,287,24,29
192,286,24,30
192,287,23,29
192,287,24,29
192,288,24,27
191,288,26,28
192,287,24,29
191,287,25,29
192,289,25,27
192,288,24,28
191,287,26,29
191,288,25,28
191,288,25,27
191,288,25,28
191,288,26,29
191,288,24,28
191,288,25,28
192,288,24,28
191,288,24,28
191,286,23,30
191,287,25,30
191,287,24,28
191,288,24,28
191,288,25,28
191,288,24,28
191,287,25,29
191,287,26,30
191,288,25,28
191,288,24,27
192,288,23,28
191,288,24,28
191,288,24,29
191,288,24,29
191,287,23,29
191,288,26,28
191,288,25,28
191,288,24,29
192,288,23,28
192,287,23,27
191,287,24,29
191,285,24,31
191,287,25,29
191,288,24,28
192,289,22,26
191,288,23,28
191,288,25,27
191,286,25,30
191,286,23,30
191,286,25,30
191,286,24,31
190,285,25,32
191,287,24,30
191,287,25,28
191,287,26,29
191,288,25,28
191,287,24,28
191,288,26,28
191,287,24,29
191,287,24,28
192,287,23,26
192,287,23,28
193,287,23,28
192,287,24,28
193,288,23,27
192,287,24,28
192,287,25,29
192,286,25,31
192,287,23,30
192,286,23,30
192,287,24,29
192,287,23,29
192,285,23,32
192,287,25,29
192,287,25,29
194,288,23,25
193,287,23,29
193,287,24,30
193,286,24,30
192,287,25,30
193,286,24,30
193,287,25,29
193,287,25,28
193,286,25,30
193,287,24,29
193,288,25,29
192,287,26,28
193,286,24,30
192,286,25,30
193,288,23,29
194,286,23,29
193,287,24,29
194,287,23,29
193,287,24,28
193,287,24,29
192,287,25,30
193,286,25,30
193,285,25,30
193,287,23,30
193,287,24,29
193,288,24,28
194,288,24,28
193,287,24,28
193,287,24,28
193,287,24,29
192,287,25,29
193,287,24,27
192,287,26,28
193,286,24,30
192,286,25,30
192,286,25,30
192,288,24,27
192,288,25,29
192,287,24,30
191,286,25,31
192,287,25,30
192,287,25,29
192,287,25,30
192,287,26,31
194,288,25,29
194,286,22,30
193,287,26,30
194,288,24,29
194,287,23,28
194,288,23,28
196,286,22,30
196,286,20,30
195,287,24,29
194,287,23,29
194,286,24,30
194,286,24,31
195,285,23,32
194,286,24,31
195,286,25,31
196,285,23,32
197,283,21,33
197,286,20,30
197,287,19,29
197,287,21,30
197,286,21,30
197,288,22,28
196,288,23,29
196,287,23,29
196,287,21,30
196,288,23,29
196,286,23,29
196,286,23,30
195,286,23,30
196,287,22,30
197,286,20,29
196,284,23,32
195,286,23,30
195,286,23,30
195,287,24,29
195,288,23,28
195,287,22,29
195,287,25,30
195,286,23,30
195,287,24,29
196,287,22,28
195,286,22,28
195,287,22,28
194,288,23,28
193,288,25,29
192,286,25,30
193,286,25,31
193,287,24,29
192,287,25,29
192,286,25,30
191,285,25,32
191,286,26,31
192,286,25,29
191,288,25,27
191,287,25,29
191,287,25,29
190,286,27,30
190,286,26,30
191,287,24,28
190,288,26,28
191,287,24,29
191,287,25,29
190,288,25,28
190,289,26,27
190,288,26,27
190,288,25,28
190,288,25,28
191,287,24,27
190,288,25,28
191,288,24,27
191,288,24,28
191,287,25,30
190,286,26,29
190,286,26,31
190,287,24,29
190,288,25,28
190,287,26,29
190,288,26,27
191,288,25,28
191,287,24,29
190,287,26,29
190,288,26,28
191,287,24,29
191,287,25,29
191,286,25,31
192,285,24,31
192,287,25,30
191,287,25,29
192,287,24,29
191,287,25,29
191,287,26,29
191,286,25,30
192,285,24,32
192,287,23,29
192,287,24,29
192,287,24,29
192,287,25,29
192,287,25,29
191,286,25,31
192,285,26,32
191,286,26,30
192,287,25,29
192,287,25,29
193,286,24,30
192,287,25,29
193,286,24,29
193,288,24,28
194,288,23,26
193,288,24,26
193,287,25,30
193,288,25,27
194,288,24,29
194,287,24,29
194,288,24,28
194,288,24,28
194,286,23,31
193,287,24,29
193,288,25,29
194,288,23,29
194,289,23,27
194,288,24,27
194,288,23,28
193,288,24,26
194,288,23,25
191,287,25,29
192,286,24,29
192,288,23,28
191,289,25,27
192,287,24,28
191,287,25,29
192,285,24,31
191,287,25,29
191,287,25,28
191,285,24,30
191,287,23,27
191,288,24,26
190,288,26,29
190,286,26,30
190,285,26,32
190,285,24,31
190,285,24,30
190,284,26,33
191,285,25,32
190,286,27,29
191,285,25,30
191,287,26,31
192,286,26,31
193,285,23,32
193,284,25,33
193,285,25,32
193,285,23,32
194,286,21,31
194,286,20,30
194,286,20,30
195,286,16,31
195,285,14,32
195,285,13,33
196,287,13,31
196,286,15,32
197,286,14,32
198,285,14,32
201,286,10,32
201,287,10,31
202,288,9,30
202,288,9,30
202,290,9,28
202,290,9,28
201,292,11,26
202,285,10,29
201,289,12,28
200,288,13,29
199,286,14,30
198,285,16,31
197,285,16,33
195,286,18,32
195,285,18,31
195,284,19,33
195,285,18,31
194,285,19,32
194,285,19,31
195,283,18,32
196,283,17,34
195,284,17,32
196,282,18,35
195,285,18,32
194,285,19,32
194,285,19,31
194,285,20,32
194,287,19,31
195,287,19,29
195,285,18,31
194,283,19,35
196,282,18,35
195,284,18,33
194,285,18,32
195,286,19,32
195,284,19,33
195,284,19,34
193,286,21,31
194,285,20,31
195,284,19,32
195,284,19,32
195,286,19,31
196,284,19,31
195,283,19,34
196,282,18,35
197,277,16,39
196,282,18,36
196,285,18,31
195,285,19,32
195,284,20,32
194,284,20,33
195,287,19,30
196,285,18,31
197,283,17,33
198,280,17,36
198,280,16,37
200,274,15,41
198,278,17,39
197,281,18,37
195,282,19,37
198,276,18,41
198,281,17,36
200,276,14,40
200,278,15,38
199,280,15,37
197,280,17,37
198,277,17,40
199,274,16,43
198,275,16,41
196,284,17,34
194,282,21,35
194,282,20,35
197,281,18,36
194,281,20,36
196,276,18,39
196,281,18,35
197,277,16,40
197,275,17,41
195,284,19,35
196,280,18,36
197,284,17,31
196,285,17,32
196,284,17,32
197,282,16,34
197,280,16,37
198,277,16,40
198,278,16,39
198,277,16,39
193,286,21,33
194,286,20,31
196,285,18,31
196,283,18,32
197,284,18,33
196,284,19,33
197,285,17,31
198,286,18,30
198,286,17,31
194,288,21,30
199,287,17,30
200,287,16,30
198,288,18,29
198,286,18,31
199,286,17,31
199,286,17,30
199,287,17,30
201,285,15,31
201,285,15,31
200,285,16,32
199,286,17,29
199,286,17,31
199,286,18,31
200,286,16,29
200,286,16,31
200,286,16,31
199,288,17,29
199,288,18,30
199,288,17,29
200,288,16,28
200,286,17,30
200,288,16,29
200,288,17,29
201,287,15,28
201,288,16,28
200,288,16,28
199,287,17,29
202,286,15,29
200,286,16,30
199,287,18,30
200,287,17,30
200,288,17,29
201,286,15,30
201,286,16,30
199,288,17,29
200,287,16,29
201,288,15,29
201,289,15,27
199,290,17,26
197,290,20,27
200,287,16,30
201,289,15,28
200,290,16,27
200,288,15,28
200,288,16,28
199,289,17,28
199,289,17,28
199,290,17,26
200,289,17,27
199,288,16,28
199,288,17,30
201,286,15,31
201,288,15,29
201,288,16,28
200,290,16,28
200,291,16,26
199,288,17,29
202,288,15,30
204,291,13,27
204,293,12,24
206,291,9,27
206,291,9,27
171,292,11,26
168,288,15,29
166,285,17,32
164,284,19,34
165,284,18,34
166,285,18,33
166,283,16,35
164,283,17,34
164,283,17,35
164,284,16,34
165,283,14,34
165,283,12,34
163,285,12,33
163,285,12,33
203,286,14,34
200,290,15,30
198,293,13,26
198,293,13,26
197,290,15,28
198,292,15,28
198,288,15,31
199,289,17,31
199,289,17,31
194,254,14,28
226,235,19,28
225,248,24,33
218,248,33,39
213,251,37,39
209,255,41,36
206,261,41,31
206,266,41,28
206,270,40,25
204,274,41,22
215,303,36,26
219,301,30,33
219,301,30,33
219,301,30,33
202,273,26,28
202,275,26,25
201,274,27,21
198,274,31,22
196,275,33,18
196,275,33,18
193,274,39,22
