167,228,56,52
169,229,50,47
169,228,46,48
165,228,51,46
165,227,45,46
162,229,50,39
160,226,51,41
160,223,48,42
159,222,46,41
158,220,47,40
155,217,48,41
156,217,48,37
154,216,47,38
155,212,44,43
153,215,44,39
149,216,46,36
149,216,49,37
149,216,45,37
151,217,43,37
151,216,44,39
149,217,44,44
150,223,41,43
150,228,40,42
149,234,41,46
151,234,42,48
152,233,41,46
154,229,43,45
156,227,45,46
160,226,45,48
162,226,48,50
171,227,43,53
175,223,44,57
178,221,49,53
188,213,42,61
195,210,43,71
200,214,43,59
206,210,44,60
210,205,49,57
215,205,49,51
228,208,43,55
230,208,45,53
235,208,49,56
246,206,45,54
250,198,48,61
254,197,51,59
258,197,49,59
265,203,49,56
269,203,49,58
274,213,47,55
276,215,46,56
280,223,47,54
282,228,46,54
286,232,43,55
285,240,45,51
286,248,45,49
286,255,45,49
281,263,51,44
282,261,45,50
279,263,48,50
281,264,43,48
278,261,42,52
274,260,39,51
269,261,38,51
266,260,42,52
266,257,38,57
258,258,45,56
252,258,48,54
248,258,50,51
245,256,50,50
237,252,52,53
235,249,52,54
226,249,47,52
228,248,40,51
225,247,40,49
219,244,43,47
216,243,42,48
214,241,40,50
214,239,40,51
214,238,38,51
215,235,36,52
214,234,38,49
213,231,43,52
213,232,44,51
215,232,44,51
219,233,46,46
226,232,44,45
231,231,45,45
236,228,46,47
245,228,45,47
255,225,44,48
263,224,44,49
270,222,47,49
284,221,43,48
291,218,44,53
300,217,43,56
307,220,48,55
315,220,49,51
324,220,53,50
333,217,54,49
337,215,57,45
347,208,54,53
353,205,55,50
361,207,56,47
368,204,50,54
373,203,51,54
373,203,53,52
372,200,59,47
374,194,51,50
372,191,50,50
370,193,53,51
368,195,50,51
361,195,52,55
358,197,49,59
349,201,52,56
345,202,48,61
335,208,52,59
327,210,53,61
315,210,53,60
305,208,54,61
292,206,57,66
285,205,51,69
272,204,53,70
260,203,57,66
253,199,54,64
248,194,51,64
241,189,50,60
228,183,56,62
220,185,58,61
212,182,58,67
206,192,58,62
199,207,56,53
196,210,52,58
191,217,50,58
186,217,53,60
185,220,50,56
184,221,48,53
181,220,47,52
182,217,43,51
177,219,49,43
177,216,48,46
180,214,44,43
177,212,46,45
175,206,50,40
180,193,45,47
179,186,46,48
182,177,45,48
183,171,47,47
184,167,46,45
187,165,42,47
189,166,43,42
192,165,43,42
190,163,48,46
194,165,48,44
197,166,46,46
200,166,45,48
202,164,44,49
207,166,46,46
211,166,46,47
213,167,48,52
216,171,51,54
220,181,49,55
224,193,51,49
225,195,54,52
232,197,53,54
237,197,49,58
240,199,51,53
244,203,51,49
250,203,49,51
255,201,47,55
259,200,49,52
259,196,54,55
263,195,53,56
265,194,54,53
267,197,54,49
265,192,54,59
265,192,54,59
265,192,54,59
265,192,54,59
265,192,54,59
265,192,54,59
265,192,54,59
265,192,54,59
265,192,54,59
265,192,54,59
265,192,54,59
141,231,51,69
145,224,51,70
166,212,58,70
187,209,52,70
197,207,65,72
209,204,74,73
236,215,63,66
251,218,63,62
274,219,58,64
286,216,60,66
299,212,62,67
306,209,62,65
320,209,59,60
325,203,62,58
331,200,60,55
339,194,57,57
341,194,54,50
343,191,54,50
345,188,51,54
346,185,49,54
344,187,48,54
345,189,45,55
341,190,50,53
341,193,49,50
337,193,50,50
334,195,48,49
331,196,49,52
324,195,49,52
319,196,49,51
314,200,48,47
311,201,46,51
302,204,49,52
296,206,51,54
293,204,46,62
286,209,46,61
278,213,51,64
270,216,50,66
260,216,52,62
253,213,55,60
243,207,54,62
239,199,53,63
224,188,58,65
218,183,58,67
209,176,58,64
202,166,60,69
193,159,60,69
182,153,64,68
176,147,62,68
168,147,62,63
164,150,60,57
160,146,61,63
158,150,63,60
151,152,65,60
148,161,63,59
143,171,65,62
143,171,63,61
142,184,59,59
141,183,64,63
141,188,67,65
147,191,60,62
148,192,63,60
154,193,61,55
158,189,63,53
166,176,61,55
173,166,58,54
179,156,58,57
180,150,62,57
187,148,59,53
193,145,56,50
197,144,54,46
207,142,48,48
210,139,45,53
214,138,45,51
217,138,43,51
219,138,41,49
219,138,44,49
220,138,44,47
221,141,43,42
218,141,45,43
218,139,42,46
216,140,41,44
210,138,44,47
207,136,45,49
203,137,45,44
199,134,46,46
192,131,47,48
185,127,48,51
182,128,46,47
176,126,50,47
171,122,51,52
165,124,53,45
157,117,62,50
163,111,52,55
161,109,55,53
157,106,63,52
165,104,59,51
171,98,54,61
177,97,54,62
188,94,48,64
193,95,50,61
202,94,48,63
208,94,51,60
222,96,48,57
230,93,46,62
244,94,41,59
250,95,45,56
257,97,47,55
265,96,47,52
273,97,45,50
276,95,48,49
280,94,48,48
283,92,46,51
287,90,43,51
286,90,45,50
286,92,46,47
279,94,54,46
279,95,50,50
276,99,46,46
273,97,43,54
269,105,42,50
257,110,47,46
247,109,45,52
237,113,47,50
227,116,46,50
212,116,47,52
198,115,49,52
188,115,48,51
170,121,53,46
157,121,53,47
143,125,55,44
122,127,64,47
124,129,54,47
115,133,56,47
113,133,52,47
111,136,54,44
110,130,54,54
115,132,52,54
122,135,54,44
126,136,63,42
145,134,53,42
155,131,55,43
172,131,53,42
184,124,49,48
198,126,49,44
210,123,49,46
226,123,46,45
238,125,46,39
251,125,41,40
261,123,44,45
272,125,41,44
280,125,41,44
285,126,41,43
292,123,41,49
296,125,38,48
298,126,38,49
298,129,39,49
299,131,37,51
297,135,36,52
291,136,36,55
285,143,35,51
274,143,39,56
260,152,43,53
246,154,45,56
231,160,47,53
211,165,50,51
193,166,53,54
178,170,59,50
147,174,71,43
131,174,61,48
105,176,63,42
96,171,61,45
94,170,57,47
96,172,49,43
88,167,45,52
77,167,45,50
63,167,51,47
58,167,49,43
54,169,45,41
53,166,41,43
48,166,46,47
48,169,48,43
52,174,51,44
55,175,50,45
64,179,49,42
68,181,52,39
81,182,48,40
90,185,40,40
97,184,47,39
107,182,40,45
117,182,41,47
123,183,48,44
134,184,42,43
143,183,41,47
147,182,47,45
158,187,42,39
162,184,46,46
170,186,42,45
172,187,44,45
175,186,43,49
178,185,43,54
180,184,39,59
178,184,41,56
178,186,42,55
176,185,42,58
169,189,46,53
163,191,48,50
157,193,52,49
149,194,52,50
144,198,48,52
137,197,48,51
129,198,48,52
124,201,50,51
116,200,52,55
115,203,43,56
109,207,42,51
104,209,43,48
99,211,45,49
98,212,42,47
97,211,39,50
90,214,45,49
84,217,53,47
94,219,52,42
101,219,49,46
108,220,47,44
116,222,45,44
125,223,42,42
130,220,44,44
134,219,46,45
140,219,42,43
147,224,42,38
151,220,42,40
156,221,42,38
158,218,44,39
164,217,43,42
168,215,40,42
169,214,38,42
169,214,41,40
168,209,42,48
170,208,39,46
168,208,38,46
166,206,39,47
162,206,38,44
157,205,40,47
154,205,38,43
150,206,38,40
143,205,39,43
136,204,42,45
131,203,42,45
123,203,45,44
122,200,40,46
76,212,37,41
109,203,40,37
105,199,38,41
91,199,46,42
83,199,51,41
72,198,62,44
67,196,68,47
63,197,74,47
58,194,80,53
60,192,80,54
53,192,88,52
66,190,80,54
74,190,70,52
84,189,58,55
86,190,56,49
89,192,54,46
94,192,49,50
97,193,48,51
101,194,46,51
106,196,47,54
107,202,49,52
110,205,50,54
114,209,53,51
120,213,51,49
125,216,52,48
130,210,47,54
132,214,52,47
146,218,43,38
152,216,38,42
154,215,43,39
164,213,38,45
166,211,42,44
175,211,37,47
177,208,40,48
182,209,40,46
184,208,40,44
185,207,40,40
185,205,40,41
185,204,39,37
186,201,35,39
182,200,39,38
177,201,41,34
176,199,41,37
173,198,43,37
166,197,46,38
163,198,47,37
163,197,44,37
156,197,45,37
148,197,46,38
138,194,41,47
132,197,38,46
117,199,45,45
107,197,42,49
92,194,46,56
81,194,44,57
70,189,43,65
59,185,46,68
48,184,48,63
38,183,50,55
16,176,58,54
10,177,58,43
4,170,59,46
1,166,63,45
0,157,64,51
0,156,69,50
3,154,68,52
14,155,69,53
31,161,59,51
47,167,49,53
56,174,49,54
64,177,49,58
78,185,48,59
88,188,53,59
101,191,53,61
115,194,52,57
125,192,56,59
138,194,50,51
151,187,49,49
160,184,48,47
171,183,46,44
173,179,47,40
182,173,44,43
186,167,43,44
188,162,43,44
189,160,43,43
191,157,41,44
188,149,41,47
187,142,39,51
184,140,39,45
181,135,37,44
173,131,39,44
164,124,44,47
157,123,43,43
147,113,45,45
135,108,49,44
126,96,49,49
121,81,52,57
110,70,51,50
103,61,54,51
91,52,59,53
82,55,56,44
79,49,59,57
70,51,63,62
68,59,61,49
72,60,55,47
71,60,61,53
77,66,51,50
83,69,53,51
92,70,55,57
102,73,53,51
111,76,58,51
124,78,56,48
137,82,56,43
149,82,56,46
165,84,51,42
179,83,44,46
185,79,48,52
190,75,50,54
200,72,48,53
203,68,50,51
209,66,50,49
213,65,47,48
212,65,50,48
214,61,45,50
214,61,43,50
210,62,43,50
202,60,41,54
193,61,47,52
184,62,50,54
168,60,59,56
152,59,62,51
133,55,63,52
117,51,59,53
96,36,61,53
72,23,67,59
60,12,59,66
44,7,52,57
47,8,47,47
47,8,47,47
47,8,47,47
47,8,47,47
47,8,47,47
47,8,47,47
47,8,47,47
47,8,47,47
47,8,47,47
47,8,47,47
47,8,47,47
47,8,47,47
47,8,47,47
47,8,47,47
47,8,47,47
47,8,47,47
47,8,47,47
47,8,47,47
47,8,47,47
47,8,47,47
146,2,49,38
146,8,50,43
158,8,52,47
153,16,61,53
151,23,66,54
164,23,66,54
165,28,61,54
164,27,66,51
166,27,70,48
170,24,65,53
172,25,66,50
177,25,59,49
175,28,60,46
180,28,56,49
183,27,51,54
186,23,59,57
193,26,65,55
208,30,62,52
224,34,61,53
245,40,64,58
275,49,73,62
309,56,72,69
346,51,67,84
376,74,61,70
413,88,56,59
446,95,58,48
446,95,58,48
449,97,54,38
501,89,47,42
503,88,38,42
464,98,48,43
460,95,55,45
444,108,61,45
426,122,65,44
413,133,63,49
406,143,55,53
401,143,55,56
389,160,53,53
383,160,48,54
367,168,51,56
364,165,48,54
350,162,56,56
350,156,50,53
338,153,55,53
338,142,53,52
322,139,60,46
322,124,62,48
318,108,66,49
306,94,71,53
302,78,69,55
300,59,72,58
295,44,77,57
296,27,65,58
290,8,72,59
288,0,66,53
405,4,63,61
405,4,63,61
405,4,63,61
405,4,63,61
392,-7,65,51
392,-7,65,51
392,-11,62,44
392,-11,62,44
392,-11,62,44
392,-11,62,44
392,-11,62,44
392,-11,62,44
392,-11,62,44
392,-11,62,44
392,-11,62,44
392,-11,62,44
392,-11,62,44
392,-11,62,44
392,-11,62,44
392,-11,62,44
392,-11,62,44
392,-11,62,44
392,-11,62,44
392,-11,62,44
392,-11,62,44
392,-11,62,44
392,-11,62,44
392,-11,62,44
392,-11,62,44
392,-11,62,44
392,-11,62,44
392,-11,62,44
363,-3,67,38
363,-3,67,38
363,-3,67,38
363,-3,67,38
363,-3,67,38
363,-3,67,38
363,-3,67,38
363,-3,67,38
363,-3,67,38
363,-3,67,38
363,-3,67,38
363,-3,67,38
363,-3,67,38
363,-3,67,38
363,-3,67,38
363,-3,67,38
363,-3,67,38
363,-3,67,38
363,-3,67,38
363,-3,67,38
363,-3,67,38
363,-3,67,38
363,-3,67,38
363,-3,67,38
363,-3,67,38
363,-3,67,38
363,-3,67,38
363,-3,67,38
363,-3,67,38
363,-3,67,38
363,-3,67,38
363,-3,67,38
363,-3,67,38
363,-3,67,38
363,-3,67,38
363,-3,67,38
363,-3,67,38
363,-3,67,38
363,-3,67,38
363,-3,67,38
363,-3,67,38
363,-3,67,38
363,-3,67,38
363,-3,67,38
363,-3,67,38
363,-3,67,38
363,-3,67,38
363,-3,67,38
363,-3,67,38
363,-3,67,38
363,-3,67,38
363,-3,67,38
363,-3,67,38
363,-3,67,38
363,-3,67,38
363,-3,67,38
363,-3,67,38
363,-3,67,38
363,-3,67,38
363,-3,67,38
363,-3,67,38
363,-3,67,38
363,-3,67,38
363,-3,67,38
363,-3,67,38
363,-3,67,38
363,-3,67,38
363,-3,67,38
363,-3,67,38
363,-3,67,38
363,-3,67,38
363,-3,67,38
363,-3,67,38
363,-3,67,38
363,-3,67,38
363,-3,67,38
363,-3,67,38
363,-3,67,38
363,-3,67,38
363,-3,67,38
363,-3,67,38
363,-3,67,38
363,-3,67,38
363,-3,67,38
363,-3,67,38
363,-3,67,38
363,-3,67,38
363,-3,67,38
363,-3,67,38
363,-3,67,38
363,-3,67,38
363,-3,67,38
363,-3,67,38
363,-3,67,38
363,-3,67,38
363,-3,67,38
363,-3,67,38
363,-3,67,38
363,-3,67,38
363,-3,67,38
363,-3,67,38
363,-3,67,38
363,-3,67,38
363,-3,67,38
363,-3,67,38
363,-3,67,38
363,-3,67,38
363,-3,67,38
363,-3,67,38
363,-3,67,38
363,-3,67,38
363,-3,67,38
363,-3,67,38
363,-3,67,38
363,-3,67,38
363,-3,67,38
363,-3,67,38
363,-3,67,38
363,-3,67,38
363,-3,67,38
363,-3,67,38
363,-3,67,38
363,-3,67,38
363,-3,67,38
363,-3,67,38
363,-3,67,38
363,-3,67,38
363,-3,67,38
363,-3,67,38
363,-3,67,38
363,-3,67,38
363,-3,67,38
363,-3,67,38
363,-3,67,38
363,-3,67,38
363,-3,67,38
363,-3,67,38
363,-3,67,38
363,-3,67,38
363,-3,67,38
363,-3,67,38
363,-3,67,38
363,-3,67,38
363,-3,67,38
363,-3,67,38
363,-3,67,38
363,-3,67,38
363,-3,67,38
363,-3,67,38
363,-3,67,38
363,-3,67,38
363,-3,67,38
363,-3,67,38
363,-3,67,38
363,-3,67,38
363,-3,67,38
363,-3,67,38
363,-3,67,38
363,-3,67,38
363,-3,67,38
267,125,60,32
279,136,48,39
285,132,40,49
286,133,42,55
286,136,43,52
286,137,41,55
284,139,45,55
282,146,42,53
273,147,47,58
264,153,49,56
254,152,45,58
236,147,49,62
220,150,49,57
197,157,55,49
175,160,62,51
155,165,59,54
125,183,60,48
111,187,63,51
91,191,65,57
71,196,73,57
61,199,67,55
49,191,75,64
48,191,70,64
47,191,62,62
45,190,65,57
46,189,60,55
51,191,52,51
49,191,58,56
51,207,54,52
52,208,54,58
54,221,57,51
57,231,50,54
64,237,49,55
69,249,52,56
72,259,54,54
76,270,58,53
84,274,59,53
96,281,57,59
105,289,58,55
117,294,56,50
133,293,52,57
139,294,51,60
152,298,47,52
164,303,42,48
174,302,41,54
185,302,38,54
188,304,42,52
197,306,40,51
202,308,39,47
205,310,44,41
206,308,48,45
209,306,49,45
215,300,50,48
221,294,49,55
228,289,50,57
233,285,59,59
236,282,62,62
243,286,63,58
261,284,50,67
274,289,42,62
284,300,43,58
297,305,44,51
302,309,46,47
309,312,46,42
313,310,46,44
315,305,45,54
315,304,49,54
314,303,52,51
313,305,49,51
314,305,42,50
304,302,47,58
297,299,52,64
287,298,54,62
278,297,52,62
268,292,51,67
254,289,57,70
243,286,59,74
231,287,64,64
216,283,71,68
207,277,75,69
202,274,69,72
200,266,60,78
196,265,52,75
194,259,46,76
182,264,53,66
178,261,52,62
167,261,54,61
166,257,50,58
154,255,58,60
157,256,47,52
152,252,48,58
150,250,46,56
145,248,47,62
144,253,46,53
144,249,45,58
141,249,46,60
142,248,44,62
142,247,44,63
144,248,44,62
143,249,46,57
144,247,47,59
145,245,48,59
147,245,49,53
151,241,45,56
152,240,46,53
156,238,46,54
160,237,42,55
160,236,42,56
162,235,39,55
161,235,39,52
160,233,39,56
158,233,40,54
158,234,37,51
155,234,39,51
153,233,38,51
151,234,38,47
144,232,41,48
141,230,41,48
140,228,39,52
134,227,41,50
132,226,39,48
128,227,39,43
126,226,36,45
126,224,33,44
119,222,35,47
117,222,37,46
118,220,34,47
119,219,33,48
116,219,34,45
113,218,37,49
111,218,37,47
109,219,37,48
107,218,39,44
105,218,42,45
108,215,36,50
109,215,37,50
110,215,36,49
111,214,36,50
111,213,41,51
112,215,43,47
114,214,39,53
116,213,40,52
118,213,42,53
126,217,36,45
127,215,39,47
129,214,37,48
132,214,38,46
133,214,38,51
135,216,38,47
137,214,38,49
137,214,41,49
138,216,40,46
138,214,41,49
139,215,39,47
140,213,38,52
140,214,36,49
140,212,34,52
141,213,31,49
139,214,33,49
136,216,35,48
134,215,36,48
131,213,35,49
131,214,32,48
128,214,33,48
124,216,36,46
123,214,35,48
122,214,32,49
120,215,33,46
121,214,30,47
118,214,32,49
115,214,32,49
112,214,37,50
114,216,36,47
118,216,33,49
118,217,35,48
119,218,36,46
121,218,35,46
123,216,35,48
125,214,35,46
127,214,37,45
131,213,36,45
131,209,38,48
133,207,39,47
135,206,41,47
136,203,44,47
139,199,41,51
142,200,39,47
144,195,40,47
146,191,43,47
147,187,47,47
149,185,49,46
153,181,50,45
159,177,48,46
163,174,48,45
166,168,53,47
172,162,51,47
181,156,48,49
185,152,52,49
192,145,50,55
198,142,51,53
206,138,51,57
211,138,54,56
220,135,54,59
233,137,49,57
241,137,51,55
249,136,51,58
260,134,46,61
266,133,47,63
272,134,48,62
281,132,44,66
282,134,47,66
283,139,52,63
286,138,52,66
290,144,49,63
290,147,47,63
289,153,45,61
285,159,47,58
280,164,50,59
277,167,45,58
272,171,44,56
263,171,48,58
255,169,50,62
244,169,52,62
239,170,51,62
226,172,57,57
223,168,54,58
214,172,55,50
210,171,52,53
205,169,52,53
202,170,47,46
198,169,50,47
192,166,52,50
190,166,54,50
188,163,58,54
189,166,60,52
196,168,55,50
206,170,53,51
213,171,55,52
218,172,55,55
228,175,56,55
239,177,57,55
255,177,53,56
270,176,50,60
280,178,51,60
293,179,50,57
304,178,50,60
312,175,56,67
324,179,62,61
329,178,61,61
339,179,60,60
343,177,61,61
359,178,52,61
360,175,57,60
369,176,57,58
373,175,53,58
375,173,54,63
377,175,55,61
379,178,55,60
380,182,50,56
377,184,50,57
373,186,50,57
369,189,51,57
364,192,51,55
361,194,49,55
354,194,48,54
344,193,50,54
334,195,50,53
325,196,50,52
320,194,52,54
314,197,51,48
310,196,48,49
307,197,48,46
302,195,49,50
300,195,51,47
299,193,50,51
298,194,49,47
296,193,49,48
297,193,49,47
296,194,49,47
292,196,58,45
296,195,58,47
303,194,55,50
305,193,56,57
312,198,54,52
315,198,59,56
325,201,56,56
328,202,59,52
340,202,57,54
344,196,57,63
349,197,60,59
357,198,61,60
364,202,56,59
369,207,53,62
376,217,50,62
378,216,54,64
378,217,61,57
383,215,61,56
387,215,59,54
391,213,57,53
392,211,58,54
397,209,52,57
393,205,59,59
393,205,61,55
393,201,60,56
392,196,58,60
392,196,57,59
389,195,61,66
384,202,64,65
386,206,63,70
382,216,67,69
385,221,57,63
383,220,61,75
380,220,57,80
374,222,61,86
370,230,68,81
366,235,61,92
365,240,58,86
361,237,59,82
352,237,63,81
352,240,54,82
349,249,52,91
346,263,51,93
338,270,49,90
332,275,55,77
326,274,59,78
317,269,60,76
315,266,58,75
312,260,56,77
311,255,54,68
311,252,50,65
311,250,46,62
309,249,46,58
309,247,44,61
306,249,46,56
304,251,45,57
301,253,48,53
302,252,44,58
298,254,47,56
297,251,48,56
298,243,41,56
290,239,44,54
284,235,48,51
280,233,46,51
273,233,51,49
268,235,49,48
266,246,48,40
264,254,47,41
259,258,46,42
253,258,47,47
249,260,48,49
245,255,55,56
250,251,43,62
248,250,44,59
248,246,47,56
250,242,44,56
251,239,49,51
255,233,49,54
261,230,49,54
273,227,45,52
280,225,46,55
284,223,48,53
293,224,50,58
298,223,50,64
301,225,54,67
308,242,53,58
315,254,55,51
312,257,67,55
319,266,66,55
320,267,59,56
319,266,62,57
319,266,57,54
315,263,63,57
310,260,62,57
300,256,67,57
293,249,65,58
284,238,60,61
267,227,67,62
254,221,62,61
241,210,54,64
233,207,48,58
223,203,48,56
207,196,50,51
191,191,48,51
163,186,55,52
147,185,62,50
139,175,62,58
127,168,60,62
125,158,60,62
122,150,62,58
121,143,61,60
127,140,54,57
128,137,55,53
135,134,58,56
143,134,56,53
156,136,53,48
169,134,55,53
185,137,50,47
198,136,53,55
211,140,50,56
223,148,56,54
238,151,47,56
254,157,46,46
266,161,49,44
275,162,51,49
287,162,51,55
295,166,51,53
300,171,52,54
301,178,56,53
306,188,56,54
308,198,56,55
304,215,62,56
307,226,53,62
300,239,51,66
297,254,53,67
287,274,54,63
273,293,52,61
259,311,43,48
242,311,50,47
230,322,49,37
219,321,51,32
219,321,51,32
219,321,51,32
219,321,51,32
219,321,51,32
219,321,51,32
161,329,57,25
162,326,55,28
167,323,49,31
160,319,58,34
160,319,58,34
182,315,54,36
198,310,52,43
209,309,52,42
195,310,45,39
253,306,38,38
212,303,37,37
214,300,36,40
217,297,37,43
218,295,36,41
217,292,35,40
216,293,35,35
213,292,33,33
211,292,25,31
210,291,23,32
210,291,23,32
210,291,23,32
189,287,27,28
189,287,27,28
179,287,27,29
172,288,26,29
165,289,26,32
157,290,30,32
149,291,34,32
143,292,33,34
133,292,37,38
133,293,28,37
124,292,35,37
121,290,34,38
117,287,34,44
117,285,31,40
116,281,29,38
115,277,30,35
114,271,31,36
114,267,30,36
116,258,31,41
116,257,33,38
121,255,32,36
122,253,36,41
128,253,36,42
133,257,43,37
141,259,41,40
146,264,37,39
155,271,39,33
165,275,37,36
172,276,34,38
179,274,35,42
183,276,36,45
187,281,35,44
190,284,38,39
195,287,36,40
202,289,33,40
203,287,33,37
204,289,33,31
206,290,30,29
202,292,26,25
202,289,24,28
200,287,21,27
196,287,22,29
188,295,22,26
182,292,22,28
175,296,25,27
175,293,23,32
171,295,20,33
167,296,24,33
158,298,28,31
149,297,32,35
140,297,35,36
133,294,36,39
125,292,37,41
117,293,39,36
118,288,34,37
117,280,33,39
117,275,32,36
118,268,30,36
115,262,39,33
118,255,39,36
123,250,41,37
131,249,42,33
137,246,42,35
149,247,40,33
161,249,36,31
225,236,32,36
235,242,32,41
248,243,34,47
202,264,34,41
211,269,36,38
218,272,33,39
224,276,29,35
227,278,24,35
228,277,24,38
225,279,25,36
224,280,24,36
218,282,27,33
211,281,28,33
204,282,29,31
196,281,30,32
189,281,30,31
180,283,32,28
172,283,29,30
163,287,27,26
153,287,30,28
143,289,26,27
133,290,27,27
125,295,26,27
120,293,29,28
119,290,24,30
114,291,24,24
116,291,19,22
116,291,19,22
116,291,19,22
116,291,19,22
116,291,19,22
116,291,19,22
117,260,19,27
118,254,21,28
121,245,26,31
167,227,28,35
173,224,30,39
178,224,34,43
185,227,41,41
194,231,46,41
211,235,46,42
188,251,39,41
196,256,39,41
201,263,35,41
211,271,31,40
212,274,31,38
215,277,28,38
215,279,28,36
215,279,27,35
211,279,25,34
210,278,21,34
205,278,22,31
200,278,23,29
195,278,25,27
189,277,26,26
185,278,25,25
180,277,24,26
178,281,21,22
172,283,22,22
164,287,24,21
158,291,26,22
152,293,25,25
145,297,29,28
147,295,24,35
140,302,27,35
138,302,31,37
130,306,33,37
125,301,38,42
126,295,38,48
123,290,44,51
201,273,48,50
193,263,45,52
179,259,48,46
173,251,52,49
176,245,42,46
174,243,40,43
171,240,46,44
182,236,42,46
177,237,52,48
177,240,59,47
184,244,64,47
193,250,71,48
213,256,68,46
187,273,58,39
193,276,49,41
196,286,45,36
199,288,39,38
200,295,35,32
199,297,33,33
196,299,35,31
194,300,32,29
190,299,33,29
189,299,29,28
186,298,30,27
181,297,29,28
179,298,29,22
172,296,31,24
170,295,29,25
168,295,27,25
162,299,31,26
157,297,29,30
154,303,29,30
152,302,32,30
154,309,30,27
152,307,30,33
152,307,27,36
152,315,27,32
149,316,32,32
152,315,28,37
152,317,31,35
154,316,30,33
154,316,33,33
158,310,32,35
161,305,39,36
161,298,46,34
171,290,42,35
226,274,39,42
228,268,33,45
227,261,33,44
229,259,32,44
231,256,35,41
236,257,37,40
207,266,36,36
211,267,36,35
211,269,39,37
213,277,38,34
215,276,37,40
214,286,36,33
216,293,31,30
212,296,31,30
209,303,33,29
204,303,33,30
203,305,28,33
201,309,26,28
195,309,26,27
190,309,25,26
187,307,24,29
183,306,26,30
177,307,26,29
175,307,26,27
170,308,27,25
167,307,26,25
164,306,28,26
162,306,27,27
160,305,27,30
157,304,30,36
156,305,29,36
156,304,31,40
159,309,28,37
159,309,30,35
160,308,30,35
160,305,34,38
160,305,37,33
161,299,38,35
164,297,40,32
168,291,41,33
173,286,38,30
182,279,35,33
185,274,32,35
188,272,29,32
190,268,30,34
192,265,31,35
196,266,32,32
199,267,30,34
201,270,31,31
202,273,31,32
203,280,32,32
201,283,34,33
204,288,30,34
203,290,29,35
202,294,28,35
200,297,28,34
198,298,28,34
198,299,26,34
194,299,27,35
191,298,28,33
191,296,25,32
189,295,24,33
187,296,23,29
185,294,23,29
182,292,26,31
181,292,27,30
179,290,27,32
176,290,31,32
176,291,28,33
175,296,29,30
171,296,33,31
172,300,28,28
170,297,31,32
168,297,34,36
164,296,36,39
161,296,38,41
158,294,41,43
155,294,41,40
152,291,41,37
150,288,42,39
151,281,37,40
151,276,35,39
150,269,34,41
147,264,38,37
146,260,37,40
144,258,38,38
143,255,37,37
143,255,40,38
147,256,38,37
153,259,35,37
152,265,40,38
154,269,41,39
159,280,41,33
161,280,45,38
169,292,42,35
178,294,39,37
184,298,32,39
187,300,33,33
188,300,34,33
192,300,34,29
193,295,35,32
194,290,35,34
197,288,36,33
201,284,31,32
203,281,29,30
203,278,29,29
204,277,27,28
204,275,26,28
207,275,22,28
205,274,24,30
205,274,24,29
204,275,25,29
205,278,24,27
202,282,23,28
200,282,24,30
196,287,24,32
193,289,26,31
186,289,28,35
182,291,28,37
172,292,32,38
157,291,36,38
149,290,34,38
140,287,35,41
133,281,42,38
124,271,42,39
181,243,48,47
167,233,50,51
153,227,53,53
148,223,51,49
99,238,42,48
150,219,41,42
150,217,43,45
154,219,47,49
157,228,51,47
107,256,41,44
113,264,35,40
124,276,30,37
130,284,36,40
136,296,38,37
137,292,41,43
161,298,36,44
172,302,32,39
183,306,33,33
187,306,35,31
195,302,35,29
202,297,35,30
206,291,36,32
211,286,37,30
215,281,34,30
219,279,33,27
222,273,31,26
226,272,27,26
227,270,26,26
228,270,27,25
229,271,28,26
230,274,25,26
226,277,29,26
224,283,29,28
223,283,29,30
216,289,30,30
209,293,34,29
202,296,34,31
194,295,32,34
188,294,31,37
176,294,33,37
161,293,35,35
227,272,40,43
137,284,41,37
126,278,41,32
117,267,39,37
116,263,35,34
113,256,31,35
114,254,26,35
114,253,23,35
115,256,22,31
117,261,21,32
118,266,23,31
119,274,27,34
121,281,32,33
127,291,38,35
130,290,45,38
139,292,42,37
153,296,39,31
158,296,46,31
174,298,38,30
185,299,31,29
188,301,32,26
192,298,30,27
195,297,29,28
197,294,29,26
199,297,27,22
201,294,25,25
201,292,22,27
198,293,25,24
199,292,21,25
193,292,24,26
193,294,23,25
189,297,24,24
186,299,25,25
184,301,25,28
183,306,23,27
179,310,25,28
175,311,28,29
174,311,27,30
172,312,26,32
169,311,26,34
166,306,29,38
164,305,32,34
160,300,36,34
158,292,39,34
160,284,34,33
160,276,36,35
163,265,33,37
165,257,29,36
174,246,27,42
176,246,28,39
177,245,33,40
183,248,33,40
187,254,31,41
189,261,31,38
190,269,33,37
187,276,39,38
192,288,33,32
194,290,29,36
193,297,27,34
191,297,25,37
187,297,27,37
184,295,28,40
179,296,29,37
176,295,29,33
175,295,27,29
174,293,23,33
171,292,20,30
163,293,21,25
163,293,21,25
163,293,21,25
163,293,21,25
163,293,21,25
163,293,21,25
163,293,21,25
163,293,21,25
136,290,24,30
135,292,25,32
132,299,29,31
131,306,29,28
133,310,27,28
133,311,29,29
136,313,29,27
136,312,30,29
140,310,32,33
140,302,35,34
144,292,43,39
148,285,46,34
212,262,48,41
160,266,48,35
207,246,41,37
178,249,33,34
182,244,28,31
184,243,28,30
186,241,31,35
189,242,29,34
195,245,28,32
195,250,32,36
194,256,38,38
196,268,38,36
192,276,41,37
192,285,37,36
189,293,36,37
184,298,37,36
178,300,38,40
176,306,35,39
169,309,36,37
165,312,35,30
162,310,32,30
154,309,32,27
148,308,35,27
148,305,28,26
145,304,29,27
143,298,33,29
144,296,29,31
142,295,29,33
141,293,29,39
141,292,29,38
141,293,30,38
141,298,33,37
142,295,29,40
145,298,28,43
145,304,27,41
146,302,29,43
146,300,34,44
150,299,33,42
151,295,33,40
156,297,34,36
157,290,38,37
161,282,38,37
165,275,41,37
169,267,38,39
173,258,35,39
175,254,35,35
178,250,33,36
180,247,34,38
182,248,35,34
184,249,33,36
185,251,33,36
188,258,29,36
188,265,30,39
190,270,29,39
188,277,29,43
187,285,30,39
187,292,27,36
188,296,24,37
184,299,29,36
184,301,26,35
183,302,26,34
183,301,26,32
182,300,24,31
181,298,27,29
181,295,25,29
182,293,24,28
182,291,25,27
182,289,25,25
184,288,25,24
185,287,21,25
186,287,22,25
187,288,22,25
188,288,22,28
188,290,24,27
189,294,24,29
190,295,23,29
190,296,25,30
189,297,25,34
189,297,27,35
188,297,28,36
187,296,29,35
187,292,28,39
186,289,28,40
181,284,32,43
181,277,32,43
178,274,32,38
175,267,34,39
170,262,38,38
173,257,32,38
170,256,35,37
171,254,34,38
170,255,34,39
171,257,35,39
173,264,35,38
179,275,33,34
179,274,35,40
182,283,34,38
181,281,35,41
182,284,33,42
185,288,29,38
185,288,30,36
181,288,34,37
183,291,30,33
182,288,31,33
181,286,29,34
179,282,29,32
178,282,28,25
177,277,25,24
175,273,24,24
175,270,21,24
176,269,17,22
173,269,17,21
171,269,17,20
170,270,17,20
167,276,17,17
167,280,17,17
167,280,17,17
167,280,17,17
167,280,17,17
167,280,17,17
167,280,17,17
167,280,17,17
161,309,17,19
155,313,20,20
155,311,23,23
160,304,26,27
160,298,29,27
162,286,29,31
164,274,36,32
213,251,36,35
175,250,33,32
208,230,31,38
182,231,25,39
182,233,25,33
184,235,26,31
186,241,28,30
187,247,33,30
181,253,39,31
184,262,38,31
183,270,37,32
183,279,33,30
181,283,34,31
177,287,32,32
173,286,31,38
174,289,29,35
170,290,27,35
163,291,29,31
159,293,32,27
155,291,32,26
156,289,30,25
153,284,30,26
153,284,30,26
153,284,30,26
153,284,30,26
153,284,30,26
153,284,30,26
153,284,30,26
153,284,30,26
153,284,30,26
142,298,30,27
142,301,34,29
140,298,35,32
142,297,29,34
140,296,33,36
142,294,32,38
139,292,36,38
138,290,39,38
140,282,38,43
142,272,36,47
142,263,37,46
143,255,38,40
144,249,36,38
146,240,34,35
145,236,37,35
148,230,33,37
149,231,34,34
148,231,36,36
150,238,37,36
149,242,42,37
152,254,40,32
153,262,40,37
158,272,36,35
159,283,38,35
161,294,38,32
163,300,35,34
163,299,34,37
166,300,30,38
166,300,29,34
166,299,28,31
166,298,27,28
165,295,28,26
166,291,24,26
165,288,22,24
165,284,21,23
165,279,22,24
164,275,21,24
164,273,20,23
164,270,19,23
162,268,20,24
161,267,20,24
159,264,21,26
156,260,23,28
154,257,24,28
152,251,23,30
147,248,25,33
146,240,26,35
146,240,26,35
138,221,28,32
134,209,25,35
133,200,28,31
133,200,28,31
133,200,28,31
133,200,28,31
133,200,28,31
133,200,28,31
133,200,28,31
133,200,28,31
133,200,28,31
133,200,28,31
133,200,28,31
133,200,28,31
133,200,28,31
133,200,28,31
133,200,28,31
133,200,28,31
133,200,28,31
133,200,28,31
133,200,28,31
133,200,28,31
109,154,28,31
110,159,24,30
109,160,25,29
111,163,22,24
110,163,19,21
109,164,17,18
111,164,14,15
109,163,13,15
109,163,13,15
109,163,13,15
109,163,13,15
109,163,13,15
109,163,13,15
109,163,13,15
109,163,13,15
109,163,13,15
109,163,13,15
109,163,13,15
109,163,13,15
115,179,13,15
117,174,14,18
118,166,17,21
118,161,19,18
118,161,19,18
118,161,19,18
118,161,19,18
118,161,19,18
118,161,19,18
118,161,19,18
118,161,19,18
118,161,19,18
118,161,19,18
118,161,19,18
118,161,19,18
118,161,19,18
118,161,19,18
118,161,19,18
118,161,19,18
118,161,19,18
132,179,21,20
125,181,26,24
121,185,25,25
116,186,26,27
114,187,24,24
112,188,24,22
112,187,19,22
112,185,17,24
110,185,17,22
110,185,17,22
111,184,16,21
109,184,17,20
109,183,19,22
110,183,20,23
112,184,20,21
117,186,18,22
118,185,21,24
119,184,24,28
122,185,26,30
128,185,27,30
129,183,31,32
135,180,33,35
138,180,30,32
138,180,30,32
144,174,31,28
144,174,31,28
144,174,31,28
144,174,31,28
144,174,31,28
144,174,31,28
144,174,31,28
144,174,31,28
144,174,31,28
144,174,31,28
144,174,31,28
144,174,31,28
136,176,32,23
131,176,33,24
131,182,34,25
128,180,30,31
131,182,24,32
127,185,26,30
126,186,25,32
124,188,27,29
123,187,26,29
125,188,25,27
125,189,22,26
123,189,27,26
123,190,30,22
125,189,28,24
122,189,32,23
125,190,31,23
125,191,32,23
126,191,34,25
129,191,31,26
130,192,29,25
130,195,31,23
132,193,29,24
132,190,29,28
133,186,29,33
134,182,29,33
132,179,31,32
131,173,29,30
129,172,33,28
128,164,32,29
128,163,32,27
128,163,32,27
128,163,32,27
128,163,32,27
128,163,32,27
102,120,33,31
102,120,33,31
102,120,33,31
148,178,29,34
129,163,31,31
138,174,30,26
137,173,28,27
135,181,32,28
138,186,32,30
142,188,29,33
141,194,32,31
147,189,28,38
148,186,27,41
148,196,29,33
150,200,27,27
149,201,29,25
150,200,29,24
150,200,29,23
149,200,30,23
149,199,29,23
150,199,29,22
150,199,28,22
148,200,31,22
148,199,30,24
147,199,30,25
147,199,29,27
148,196,26,31
143,197,30,28
143,194,30,31
136,192,32,30
134,188,32,31
130,180,34,34
127,175,39,34
118,170,37,33
116,164,34,34
115,160,26,31
114,155,24,33
114,155,23,29
113,157,24,24
114,158,22,22
114,161,21,23
116,163,19,27
115,167,21,28
114,171,26,29
119,177,23,34
119,184,26,31
124,190,30,33
127,200,34,27
134,202,30,26
142,205,29,25
146,206,32,24
153,207,29,24
160,207,30,23
166,202,26,24
167,201,27,23
170,196,26,23
172,192,24,24
173,190,25,24
172,188,26,23
173,185,22,26
170,184,26,26
167,185,26,27
165,187,27,25
164,188,25,27
159,196,25,23
155,198,23,24
149,204,22,20
141,203,25,23
133,205,24,26
125,204,26,29
117,204,28,29
113,201,23,30
106,196,22,29
106,196,22,29
106,196,22,29
106,196,22,29
106,196,22,29
106,196,22,29
106,196,22,29
106,196,22,29
106,196,22,29
106,196,22,29
106,196,22,29
111,156,19,26
112,162,20,26
117,165,24,28
127,175,22,24
133,180,26,26
140,185,29,26
145,187,32,29
152,195,31,26
158,197,30,24
161,199,29,22
159,197,31,24
160,196,31,22
160,194,29,23
160,192,28,21
157,192,31,21
156,190,30,22
152,189,31,24
150,187,28,28
145,185,29,33
146,192,23,31
142,189,26,34
138,201,23,28
135,203,23,25
129,206,22,24
122,207,24,27
117,206,24,28
114,204,25,32
114,202,18,36
111,197,15,32
111,195,15,27
111,195,15,27
111,195,15,27
111,195,15,27
111,195,15,27
111,195,15,27
111,195,15,27
111,151,13,24
111,151,13,24
116,145,15,24
116,147,16,26
119,159,18,23
119,159,18,23
121,171,22,20
118,165,23,23
128,178,26,23
128,186,30,28
136,192,31,33
142,203,30,32
147,215,33,27
151,221,35,33
157,232,33,29
167,234,27,31
174,239,23,31
175,246,26,29
181,248,23,30
184,254,23,28
188,260,22,27
192,265,24,28
194,273,24,26
196,281,25,24
200,288,25,24
203,299,25,25
206,304,23,27
208,311,23,25
209,317,22,27
209,319,20,31
208,319,21,31
200,320,25,34
192,318,28,36
184,314,31,32
173,309,31,31
154,306,29,35
143,294,30,40
127,283,36,42
119,270,30,40
113,254,28,39
113,254,28,39
113,254,28,39
176,183,34,32
167,156,34,38
158,140,35,41
147,134,38,44
139,135,46,41
137,134,51,36
135,133,55,36
136,129,62,42
143,125,66,53
154,130,66,58
174,139,67,62
194,151,77,64
215,160,71,61
247,169,79,56
285,170,66,56
305,165,71,63
331,164,69,60
359,164,59,52
380,152,54,58
396,148,51,54
406,140,57,51
419,129,53,54
420,123,52,50
427,114,49,48
429,109,46,45
431,103,44,45
430,100,41,46
426,98,41,46
420,100,43,47
416,105,41,47
405,110,44,45
393,117,50,44
384,124,47,46
375,132,44,46
360,136,43,47
342,147,47,48
324,148,48,52
307,158,49,46
294,152,43,53
268,157,51,47
250,151,48,47
232,139,53,49
214,127,54,52
193,111,58,62
186,99,53,61
173,86,53,60
160,78,59,60
154,68,56,63
148,62,60,60
143,52,62,64
143,47,65,68
139,52,75,60
150,53,68,63
162,57,65,60
176,60,65,61
188,63,65,62
198,72,70,55
219,77,66,58
239,84,62,55
258,91,63,52
276,94,60,58
292,95,63,63
308,99,56,61
325,105,55,59
340,107,55,57
351,108,53,59
362,110,52,56
370,108,53,58
380,108,53,59
381,108,61,58
388,107,62,63
392,111,62,55
396,110,61,56
399,108,58,58
396,105,67,66
396,106,67,68
402,106,59,69
398,109,59,62
391,112,64,65
384,113,66,67
374,116,73,71
360,121,78,74
351,126,77,78
337,132,80,80
315,149,90,74
316,152,78,82
306,155,83,87
295,162,85,87
277,176,84,81
257,184,80,76
238,205,74,70
221,203,71,81
205,207,65,79
187,207,69,84
171,209,70,82
155,211,74,75
147,212,72,72
141,212,63,74
137,215,60,72
131,220,61,71
130,236,59,58
132,240,55,63
132,240,56,67
146,248,52,60
154,253,55,57
171,249,49,61
187,249,49,60
200,249,53,58
214,246,55,59
233,247,56,53
250,247,51,49
273,236,52,48
297,231,50,53
308,225,50,52
326,216,52,49
341,214,54,51
360,205,48,53
376,203,51,48
385,200,53,44
393,194,55,42
397,185,58,44
399,175,58,47
397,169,61,46
395,162,63,50
389,161,62,45
379,154,60,50
370,151,57,51
362,152,48,48
337,147,53,47
316,142,60,53
295,136,57,56
280,134,56,51
256,130,53,51
244,122,42,53
228,124,51,47
213,121,42,49
200,118,40,52
191,115,38,51
185,114,38,49
179,110,36,51
175,110,37,44
174,108,39,44
172,105,41,46
177,105,37,47
180,112,36,53
190,110,34,52
195,111,37,54
205,115,38,50
215,114,41,52
229,118,44,46
237,117,47,42
254,117,48,42
272,114,51,50
286,109,50,51
297,101,56,50
313,94,52,52
321,88,58,51
332,81,57,55
335,69,60,58
336,63,63,58
340,58,65,60
336,57,68,62
330,57,68,63
328,57,66,67
318,66,68,62
306,72,69,60
300,78,58,66
284,90,60,62
271,98,59,61
251,105,62,58
234,110,55,59
223,112,55,60
210,119,53,49
202,111,49,60
194,106,47,63
184,105,53,57
185,106,46,50
183,99,42,51
181,95,43,51
182,90,40,49
183,88,40,49
186,87,39,52
193,91,39,49
194,90,41,50
201,91,40,52
207,100,44,44
217,110,46,42
223,106,52,49
231,107,54,51
241,110,53,48
257,111,55,47
271,108,54,51
283,103,54,55
292,95,61,60
302,89,63,59
312,86,63,56
317,77,64,61
319,68,67,68
319,65,71,66
324,60,63,73
321,62,67,70
313,61,71,76
306,67,73,75
302,70,71,74
290,78,76,77
282,71,90,84
250,100,83,77
251,107,73,66
244,116,71,59
228,121,65,51
219,121,61,50
212,120,53,53
207,115,48,61
201,116,50,56
199,116,43,54
195,112,44,54
191,108,46,52
192,104,43,54
193,102,41,53
194,101,40,53
196,100,39,53
200,99,37,58
204,104,37,51
212,112,34,48
212,111,39,49
218,120,46,47
229,124,43,47
230,121,46,48
240,123,46,49
253,125,53,48
261,122,58,52
274,113,57,60
284,107,58,60
292,100,61,60
302,91,62,63
305,83,67,65
308,75,73,68
315,73,68,65
316,69,70,68
323,71,60,62
320,70,60,68
315,77,66,65
311,84,65,65
307,91,60,63
300,100,61,63
294,113,59,59
281,117,60,60
274,121,58,61
266,127,53,56
256,127,50,57
246,132,50,50
239,131,47,50
234,128,46,48
230,128,43,45
229,124,39,49
229,123,36,49
226,122,36,42
226,118,36,45
226,115,36,47
227,116,35,45
230,116,33,48
230,118,39,45
232,116,40,50
235,120,40,45
244,122,37,48
249,125,40,47
258,128,45,48
270,130,44,52
282,127,42,53
290,122,47,58
297,119,54,58
309,113,53,59
319,110,56,58
332,104,53,59
335,99,58,65
342,94,60,61
349,91,55,69
351,91,55,67
355,96,51,64
356,95,47,70
352,101,51,69
341,107,56,63
334,113,52,64
321,118,57,62
306,122,63,64
299,124,56,66
289,132,54,54
283,137,45,49
269,138,45,43
257,134,46,43
244,129,43,45
236,127,41,42
230,120,42,40
221,115,42,41
215,109,41,42
212,105,41,40
208,100,43,45
203,98,48,46
203,97,49,49
203,98,46,51
203,99,46,54
206,102,49,52
210,104,52,52
217,109,54,47
226,108,54,56
239,110,53,51
255,108,55,51
264,99,65,59
278,95,65,57
297,86,59,62
310,77,63,67
323,68,67,62
343,61,61,62
352,47,63,70
361,38,63,76
364,33,65,76
361,30,74,83
369,35,65,76
360,39,70,76
354,42,66,80
344,52,69,74
334,64,69,71
321,78,67,66
303,89,70,65
294,94,61,68
275,106,65,59
259,116,59,52
256,117,50,50
245,118,53,48
236,119,52,47
222,119,53,48
211,115,55,50
201,110,51,52
193,108,51,50
191,107,51,44
187,105,49,44
186,101,47,43
184,98,50,45
186,99,49,41
191,101,41,43
194,98,43,49
197,101,43,54
208,106,39,51
214,110,45,51
221,114,54,49
231,120,52,48
246,124,52,45
262,126,54,51
278,119,56,60
296,114,51,65
311,109,54,68
324,103,60,68
335,96,64,70
352,88,60,69
356,82,67,66
367,70,65,70
369,65,70,71
368,58,75,73
371,52,69,80
372,50,63,82
359,57,71,78
350,68,69,68
332,71,74,76
314,80,79,74
301,88,74,79
281,98,76,72
269,103,65,71
252,113,64,64
239,120,55,51
222,122,57,52
207,118,61,55
197,119,56,50
190,114,57,50
184,112,53,48
184,107,47,49
183,102,45,48
180,101,45,42
180,99,46,45
183,98,45,45
186,100,47,41
189,98,47,46
196,102,47,44
202,104,48,48
211,106,47,51
218,111,55,53
230,114,50,53
252,121,44,44
261,121,51,48
272,117,59,51
288,112,61,57
300,103,65,64
314,97,61,65
324,89,66,64
334,83,67,63
343,73,66,67
351,68,61,66
352,63,66,64
353,63,63,65
350,64,66,64
348,66,60,71
336,75,63,68
328,84,63,66
316,88,63,68
303,97,58,66
287,105,61,64
266,111,70,62
246,117,76,58
235,116,67,60
222,119,61,52
212,112,63,61
196,113,70,56
195,103,60,63
186,102,60,58
187,94,54,63
182,96,56,51
182,94,54,48
184,92,49,47
185,96,48,44
187,95,47,48
188,100,52,47
195,102,49,49
203,109,49,53
210,115,49,52
221,123,52,50
232,131,52,55
246,138,48,53
263,152,47,51
279,160,49,50
291,169,57,58
309,171,55,62
322,177,57,67
333,178,61,71
347,182,59,69
353,181,61,68
358,185,64,65
361,191,63,69
363,190,61,74
365,195,54,75
359,199,53,77
353,203,51,75
340,212,52,69
325,215,56,72
303,223,61,68
295,224,60,67
278,226,62,62
261,224,64,55
247,218,59,56
240,210,52,56
227,198,55,58
225,195,53,56
221,191,53,53
217,189,52,50
211,182,50,49
206,174,47,46
202,168,42,47
197,163,43,47
194,160,44,47
192,157,45,49
195,157,40,50
194,160,43,50
196,162,42,49
199,169,46,46
205,172,46,48
213,177,49,50
222,182,50,50
233,185,52,53
248,187,50,53
263,187,53,55
280,188,57,54
292,184,61,57
302,179,70,59
323,174,61,60
335,165,62,62
350,155,57,61
359,157,59,51
367,152,60,49
372,147,63,50
383,149,58,47
381,146,57,48
382,148,60,46
379,150,58,47
375,150,57,49
370,152,54,50
357,154,57,51
348,158,52,47
334,158,51,50
323,160,46,46
297,147,49,49
282,142,52,49
259,130,55,45
243,122,52,43
226,110,50,41
212,97,43,47
199,90,42,50
187,83,41,54
169,80,50,53
163,81,47,52
155,79,49,50
152,75,45,58
151,83,43,54
154,91,39,50
156,97,42,48
159,110,43,51
169,120,42,51
184,131,38,49
197,144,39,50
219,156,40,54
234,171,46,48
258,180,56,40
291,183,55,42
312,184,58,44
339,178,60,47
369,170,56,50
396,159,52,54
417,152,57,51
431,145,64,50
449,139,65,47
466,128,58,50
479,124,58,49
489,119,55,48
488,117,59,50
494,118,54,49
494,122,52,48
490,133,49,43
481,141,52,47
472,152,49,44
456,163,51,50
438,179,53,42
409,190,56,48
378,195,65,49
349,201,60,46
314,199,56,49
280,190,60,55
223,171,54,52
190,142,56,50
152,114,51,43
117,74,48,41
68,29,38,33
61,8,39,33
99,79,39,35
99,79,39,35
99,79,39,35
99,79,39,35
99,79,39,35
99,79,39,35
99,79,39,35
99,79,39,35
99,79,39,35
99,79,39,35
99,79,39,35
99,79,39,35
99,79,39,35
99,79,39,35
99,79,39,35
99,79,39,35
99,79,39,35
136,67,45,45
185,107,43,44
185,107,43,44
185,107,43,44
185,107,43,44
185,107,43,44
185,107,43,44
185,107,43,44
185,107,43,44
147,183,45,35
145,187,47,41
149,187,47,48
149,187,47,48
149,187,47,48
149,187,47,48
149,187,47,48
149,187,47,48
149,187,47,48
149,187,47,48
149,187,47,48
149,187,47,48
149,187,47,48
149,187,47,48
149,187,47,48
149,187,47,48
149,187,47,48
149,187,47,48
149,187,47,48
149,187,47,48
149,187,47,48
149,187,47,48
149,187,47,48
149,187,47,48
149,187,47,48
149,187,47,48
149,187,47,48
149,187,47,48
149,187,47,48
149,187,47,48
149,187,47,48
149,187,47,48
149,187,47,48
149,187,47,48
149,187,47,48
149,187,47,48
149,187,47,48
149,187,47,48
149,187,47,48
149,187,47,48
149,187,47,48
149,187,47,48
149,187,47,48
149,187,47,48
149,187,47,48
149,187,47,48
149,187,47,48
149,187,47,48
149,187,47,48
149,187,47,48
149,187,47,48
149,187,47,48
149,187,47,48
100,275,44,44
100,275,44,44
100,275,44,44
100,275,44,44
100,275,44,44
100,275,44,44
100,275,44,44
100,275,44,44
100,275,44,44
100,275,44,44
100,275,44,44
100,275,44,44
100,275,44,44
100,275,44,44
100,275,44,44
100,275,44,44
100,275,44,44
100,275,44,44
100,275,44,44
100,275,44,44
100,275,44,44
100,275,44,44
105,270,39,36
115,275,35,31
123,278,29,26
130,281,26,22
136,283,27,23
143,285,25,21
143,285,25,21
143,285,25,21
143,285,25,21
143,285,25,21
143,285,25,21
179,292,24,22
182,293,27,20
189,292,27,21
196,292,25,21
200,291,22,21
203,291,22,22
205,290,21,22
209,289,21,23
208,290,22,22
209,291,23,22
211,291,20,22
210,294,20,22
208,296,21,21
207,296,22,22
204,300,23,20
202,303,23,19
202,305,22,19
201,307,21,21
198,307,21,22
195,306,23,24
194,306,23,24
193,304,23,27
192,306,21,22
191,304,21,26
188,304,24,26
187,304,25,26
187,305,24,23
187,303,25,26
189,304,24,23
190,305,24,22
193,305,21,22
194,305,21,24
195,304,23,26
196,304,25,23
198,304,25,22
201,301,26,27
204,301,26,25
206,302,26,21
210,299,24,23
211,299,26,21
214,297,23,24
215,296,25,23
217,298,22,21
218,295,22,24
221,295,22,21
223,294,23,22
225,293,22,25
226,294,23,23
228,295,19,24
229,294,19,25
230,296,17,24
227,297,18,24
225,296,19,25
224,297,18,25
221,298,19,24
216,303,22,21
214,302,21,23
210,307,20,23
208,306,19,24
202,310,21,21
196,313,21,23
191,314,22,24
187,314,21,25
182,317,19,24
172,321,23,25
166,320,24,28
159,320,24,31
153,322,23,28
149,320,22,30
142,319,25,31
139,318,25,27
133,318,28,26
128,316,28,26
127,312,25,26
124,313,27,24
125,307,24,29
123,308,24,31
120,307,27,34
120,305,25,33
120,306,27,32
122,307,26,31
123,306,24,31
124,305,24,32
123,304,26,30
124,302,27,30
127,302,26,29
129,299,25,27
130,296,24,28
130,294,24,29
130,294,25,30
130,293,25,29
131,292,26,29
132,292,25,26
134,290,23,30
134,289,27,31
138,290,27,29
140,291,26,27
140,290,29,27
145,289,28,28
150,287,26,30
152,287,28,32
156,284,31,35
158,286,27,33
165,287,23,31
167,286,25,32
172,286,24,30
174,283,24,31
178,281,26,30
180,282,25,27
186,279,24,28
187,277,23,27
188,275,22,27
190,272,19,29
188,272,22,27
186,269,24,27
185,269,22,27
183,268,23,28
180,269,23,28
173,268,26,30
170,269,27,30
166,270,27,28
160,270,29,27
157,272,28,25
151,269,32,28
146,271,28,26
142,271,25,21
139,268,21,24
132,268,24,23
128,267,25,26
125,267,24,26
123,268,21,25
121,266,19,27
116,266,24,28
117,266,24,27
117,267,22,27
117,266,21,27
118,267,21,25
119,266,22,27
122,267,20,24
124,265,24,28
129,264,24,28
133,266,24,23
139,266,24,23
144,266,24,22
151,266,23,21
157,267,22,22
162,266,26,24
165,265,26,26
168,265,29,24
171,264,30,23
178,265,28,21
181,264,29,21
182,264,28,20
183,264,28,20
183,262,27,22
183,263,26,21
180,265,27,21
178,265,27,21
176,271,25,20
171,275,24,22
164,273,28,23
158,272,32,26
157,278,28,24
154,275,28,26
150,284,31,22
143,284,29,21
138,282,26,23
128,279,30,26
120,282,27,22
115,282,24,19
110,279,24,24
110,279,24,24
110,279,24,24
110,279,24,24
110,279,24,24
110,279,24,24
110,279,24,24
110,279,24,24
110,279,24,24
110,279,24,24
110,279,24,24
103,259,23,21
111,254,21,21
114,251,20,24
117,252,24,19
120,249,26,23
127,248,26,23
133,246,27,24
138,244,27,27
140,244,29,25
143,245,29,24
150,245,25,23
151,243,27,27
158,247,21,23
158,248,23,24
157,249,25,24
159,251,21,22
156,255,22,22
154,256,22,23
149,260,23,25
149,258,20,28
144,265,21,23
140,262,22,27
132,269,25,23
124,271,29,21
120,270,27,26
119,269,24,27
113,270,23,29
115,272,19,25
113,275,16,22
113,275,16,22
113,275,16,22
113,275,16,22
113,275,16,22
113,275,16,22
113,275,16,22
113,275,16,22
113,275,16,22
113,275,16,22
113,275,16,22
87,293,14,20
87,293,14,20
87,293,14,20
87,293,14,20
114,270,11,19
115,270,11,21
117,271,13,21
119,272,16,21
121,273,17,24
122,272,20,25
121,271,23,26
121,271,29,26
121,270,30,30
126,270,32,33
128,271,33,34
129,271,34,34
132,273,33,33
135,273,33,34
135,273,32,33
139,272,28,33
138,274,28,29
137,272,33,33
137,271,31,37
135,271,35,35
138,273,30,35
137,272,30,36
132,274,35,33
134,273,32,32
129,273,38,32
127,273,40,30
127,272,35,33
124,272,36,33
121,269,41,36
119,269,40,36
117,268,42,37
118,269,38,33
119,268,33,34
119,266,31,37
118,267,30,35
117,265,31,38
118,266,30,35
117,266,29,35
117,266,29,35
117,267,27,34
117,267,26,32
117,266,27,34
118,267,26,34
118,267,26,34
118,267,26,32
117,264,26,37
117,265,28,37
117,265,29,36
118,268,27,34
117,268,28,34
117,265,27,37
118,269,26,35
118,268,27,35
116,269,29,33
117,266,28,38
117,267,29,36
117,269,28,33
118,271,27,32
118,273,27,30
119,271,25,33
118,269,26,35
119,271,26,33
120,272,24,32
119,272,25,34
119,271,27,34
120,274,26,32
120,274,27,33
120,274,29,35
121,275,30,34
122,277,30,34
122,277,32,34
120,277,35,34
119,277,37,33
119,276,35,32
118,274,36,32
120,273,31,32
117,270,33,31
118,269,31,30
117,266,29,31
118,263,26,32
114,262,27,31
114,262,24,28
114,258,18,27
114,258,18,27
114,258,18,27
114,258,18,27
114,258,18,27
114,258,18,27
114,258,18,27
148,228,22,30
146,224,27,32
149,221,33,35
150,217,34,40
151,214,38,42
151,210,46,47
152,207,52,49
156,203,56,52
159,200,60,56
166,200,54,59
167,198,55,58
176,200,55,54
180,199,52,51
184,198,48,50
187,194,48,57
190,196,49,54
116,228,51,44
195,198,46,51
197,198,49,46
192,194,54,51
195,195,48,51
196,195,48,53
196,196,43,49
196,194,42,54
192,196,43,49
190,197,43,51
189,199,41,51
185,201,43,45
183,201,42,49
183,201,40,50
180,202,41,48
179,201,38,48
177,203,40,48
176,203,40,46
174,203,38,47
174,201,36,49
172,203,39,46
170,204,42,46
170,203,43,46
172,204,40,43
171,204,43,41
172,203,46,41
181,203,41,40
180,202,43,41
184,199,44,44
186,198,44,43
191,198,44,45
197,196,43,46
201,197,42,46
207,200,40,43
211,199,40,46
215,200,41,44
221,198,40,49
221,198,44,48
227,200,46,46
233,200,42,47
240,203,39,42
242,201,42,45
245,202,43,41
250,201,43,40
255,200,42,39
262,198,40,37
263,197,41,35
269,195,41,35
270,193,46,34
276,190,44,34
279,185,46,40
287,182,39,41
290,177,41,44
293,175,42,46
300,176,41,41
306,174,38,39
310,174,42,39
318,173,40,41
321,172,43,41
330,174,39,40
336,171,40,43
344,174,38,38
348,172,43,42
359,172,39,41
366,171,40,44
374,169,39,46
382,171,40,43
392,174,38,42
401,175,36,45
406,178,41,45
415,181,40,46
421,184,42,45
428,187,45,45
435,187,46,46
442,190,44,47
453,191,42,44
454,191,43,47
460,191,42,49
460,191,45,49
467,192,47,49
468,194,54,46
476,194,54,44
487,192,46,50
491,190,48,53
498,194,47,51
502,196,50,53
505,197,50,53
515,201,45,48
517,202,46,47
520,204,46,46
519,201,50,56
522,202,47,57
523,205,45,53
521,202,50,59
519,206,49,55
516,204,48,59
513,205,48,62
506,206,50,61
501,208,49,59
493,209,56,54
481,208,56,58
475,206,57,57
467,204,54,58
461,202,55,56
448,198,59,55
445,192,53,59
438,188,54,60
428,185,60,55
427,180,53,53
421,176,53,53
414,170,58,57
416,169,55,54
413,173,56,49
413,172,60,50
415,172,59,51
423,176,56,45
428,180,55,46
438,183,50,49
446,186,54,49
459,188,47,51
470,191,49,52
482,196,50,46
496,199,45,49
510,199,46,51
521,202,47,49
537,202,47,51
547,202,48,54
562,203,47,52
572,202,48,56
580,199,49,57
584,197,49,56
589,193,47,60
590,191,46,61
594,190,42,62
594,191,42,57
593,189,43,61
590,191,41,59
588,194,38,59
579,196,44,62
570,206,47,60
550,211,60,59
539,217,61,59
524,220,60,62
510,223,58,63
494,226,57,67
483,227,50,63
465,232,55,57
452,233,47,53
433,231,49,49
412,227,53,55
394,224,58,53
376,220,59,53
364,214,63,54
353,207,63,58
347,207,62,52
340,201,63,49
340,194,56,52
343,191,50,50
342,189,55,50
345,189,56,50
354,190,54,51
364,190,53,51
377,192,55,52
389,196,54,54
405,199,53,51
420,205,53,50
432,203,59,58
450,209,66,53
474,209,56,60
494,211,51,57
507,213,60,53
525,207,63,57
539,202,72,58
560,201,63,55
571,192,65,61
582,185,59,65
589,181,55,63
598,180,45,60
604,177,40,56
606,176,36,53
609,174,35,52
610,176,33,49
607,176,31,51
606,177,31,53
601,177,35,64
595,181,38,62
582,188,47,63
571,191,53,62
553,200,58,60
536,204,65,56
522,210,51,65
505,210,58,71
488,214,59,69
473,214,54,68
457,213,51,63
433,210,61,58
415,203,58,55
407,198,58,56
403,196,59,51
393,190,60,56
379,183,59,58
366,172,57,59
357,159,57,64
348,155,55,58
337,146,58,56
328,137,62,58
325,129,56,59
321,123,55,56
322,116,47,56
320,111,45,52
315,111,49,48
311,104,55,54
310,99,56,56
312,99,53,56
310,99,54,59
312,100,53,60
313,102,51,60
317,107,48,60
315,111,51,60
313,112,52,65
313,121,53,61
315,127,48,63
313,134,49,59
311,143,48,62
307,146,46,63
304,161,46,57
297,172,47,56
290,180,53,62
282,198,56,53
273,214,54,50
265,229,53,50
255,239,55,52
249,241,51,57
238,250,51,57
228,254,55,58
219,252,59,63
218,254,48,63
206,263,54,59
198,265,53,62
189,272,61,58
182,273,62,64
184,277,55,61
178,278,53,67
173,282,57,66
172,284,55,64
173,287,51,57
173,284,49,62
172,281,51,69
169,285,58,64
172,285,56,64
176,283,52,65
178,286,54,62
182,283,53,63
189,282,52,65
194,285,52,60
197,287,53,58
203,289,50,55
207,290,50,55
210,288,51,56
214,289,50,54
218,287,54,56
222,286,53,57
227,284,50,59
233,284,47,53
235,282,48,55
237,279,49,55
240,275,47,57
239,272,50,59
241,271,48,59
241,269,46,58
239,271,49,55
239,269,45,56
236,268,47,56
231,267,49,55
225,266,49,57
220,268,50,50
219,264,44,52
217,263,40,54
210,261,44,53
201,259,45,53
198,260,47,47
190,259,47,47
187,256,45,47
178,254,49,48
175,255,47,44
172,253,48,43
171,251,44,43
168,248,41,45
162,245,48,49
163,246,45,48
164,247,43,42
163,245,42,46
166,243,42,45
165,245,48,42
168,243,48,45
173,245,46,41
174,243,49,46
183,242,47,44
187,243,47,46
195,244,46,44
200,240,45,50
210,243,42,46
215,243,43,44
224,238,43,48
231,237,43,50
238,235,46,47
245,235,47,44
254,228,49,45
264,224,52,44
282,211,46,49
296,206,45,47
302,200,50,53
313,194,55,54
332,191,46,52
342,186,49,56
357,184,50,56
372,183,49,53
385,184,51,51
401,188,47,44
407,184,42,51
411,182,46,50
418,181,45,54
426,182,49,55
436,183,50,54
441,181,45,55
449,187,44,50
453,191,43,45
450,193,47,46
449,196,45,48
442,199,49,45
438,202,46,45
428,206,47,41
413,211,49,38
404,213,45,37
388,213,42,38
372,216,44,37
355,219,42,40
333,219,51,41
312,222,55,39
294,220,54,45
272,222,57,42
249,224,51,40
234,216,51,47
217,212,52,47
208,206,48,48
199,200,44,51
186,198,48,47
171,195,55,48
165,190,54,54
165,189,50,56
157,191,57,58
157,189,60,63
166,197,57,61
178,213,55,48
195,218,47,49
209,225,47,50
219,229,53,52
238,235,51,50
262,239,53,43
286,234,58,51
303,236,61,53
323,234,62,54
345,231,58,55
367,225,52,54
386,219,52,50
404,208,49,53
419,200,47,53
431,194,45,49
443,187,41,47
449,183,41,46
451,178,45,45
458,178,41,43
460,177,42,39
461,177,41,43
461,179,41,43
457,185,41,44
454,190,40,43
445,197,39,49
435,208,41,46
421,217,43,49
405,226,48,51
388,231,51,52
363,241,45,62
344,245,50,59
311,251,65,52
295,255,62,43
259,257,65,37
227,248,67,45
213,240,63,51
201,237,55,45
190,223,50,46
170,221,54,44
163,213,46,49
156,209,46,45
154,204,43,47
151,202,47,52
153,203,45,47
155,203,50,48
164,211,48,46
173,216,52,43
193,221,44,45
214,225,43,44
231,228,48,43
244,231,51,42
275,229,52,42
299,223,53,48
322,219,57,48
349,216,51,49
371,209,53,49
395,204,52,49
414,195,54,53
425,183,64,57
445,173,57,60
464,168,48,56
469,165,53,56
478,158,53,58
483,155,48,60
487,155,47,62
486,156,46,64
481,163,50,64
472,173,50,63
461,184,49,59
444,197,53,58
429,206,54,61
408,210,58,61
379,226,65,63
342,244,67,59
318,247,74,59
297,249,69,62
259,255,77,54
230,255,66,50
222,243,55,57
211,234,45,54
194,230,52,53
175,224,59,51
173,220,52,47
166,215,50,45
162,213,52,42
159,211,59,39
161,207,62,41
168,205,60,43
178,204,52,44
185,204,48,42
196,205,53,46
211,209,46,46
223,214,48,47
235,221,48,46
257,232,54,38
286,232,54,47
302,235,54,48
317,237,59,51
341,238,64,50
372,229,62,57
392,223,61,62
417,220,50,60
433,212,59,59
456,206,47,59
467,201,52,61
474,193,57,59
485,187,56,60
490,182,54,59
493,176,52,71
494,180,51,63
490,181,54,66
484,190,53,60
471,198,56,60
462,203,54,65
446,211,54,62
423,225,59,62
400,228,61,67
372,239,61,68
354,246,56,62
335,252,55,55
307,250,54,58
291,250,55,55
263,253,57,40
241,246,55,46
229,236,61,48
219,226,57,52
210,220,56,53
206,214,49,51
201,210,49,48
201,205,45,47
201,201,47,50
206,201,43,48
212,205,40,43
215,209,45,45
224,211,44,47
232,220,45,47
243,228,43,43
253,241,47,39
273,247,50,43
290,248,50,46
307,251,49,48
318,254,58,52
336,252,60,57
357,248,50,61
379,247,50,58
393,245,57,52
403,234,64,57
415,226,72,58
434,227,66,47
445,218,62,51
461,211,54,56
463,207,57,51
465,204,55,53
466,200,55,57
466,202,52,55
461,202,54,58
451,205,55,57
442,209,57,55
427,220,60,50
410,225,68,52
394,230,62,61
375,236,66,57
358,248,57,57
336,249,61,58
314,253,66,57
298,257,58,48
275,251,70,50
248,245,56,43
235,233,49,47
222,224,53,47
209,215,58,47
201,204,55,53
190,198,57,50
181,190,58,48
177,190,63,42
169,185,72,47
166,185,74,48
179,188,61,48
195,191,52,51
200,200,53,50
207,209,58,49
220,212,54,58
231,221,55,59
253,239,49,51
268,246,56,52
293,255,55,51
308,254,56,55
332,262,61,53
351,262,61,56
377,262,64,54
405,259,64,55
419,253,62,59
443,246,60,48
457,237,63,52
468,228,65,58
484,219,60,59
488,212,62,60
490,208,67,55
494,202,64,57
499,202,57,51
496,199,60,55
493,203,59,53
484,201,63,58
475,202,64,61
465,207,63,60
460,210,59,62
442,212,64,67
419,225,74,63
406,229,69,65
402,232,64,66
393,236,62,66
384,238,65,68
367,238,64,69
352,243,62,59
341,241,60,60
321,237,69,66
322,229,60,66
310,223,62,66
305,217,61,66
302,210,60,62
298,207,60,60
298,198,60,62
304,197,49,57
306,193,49,61
306,193,55,62
308,192,59,62
318,194,54,60
327,194,55,60
339,198,52,58
344,195,57,65
356,204,59,56
367,206,58,56
384,213,52,50
394,217,56,45
404,215,59,55
415,219,60,47
434,215,51,55
442,216,51,56
452,221,56,51
462,215,55,61
471,216,54,59
475,217,59,56
485,212,51,64
489,210,53,66
490,210,58,63
493,208,55,68
491,208,61,69
491,212,59,68
489,214,60,72
485,210,63,81
480,212,65,82
477,222,59,69
470,222,60,71
465,224,58,70
457,224,57,70
445,228,60,66
437,231,61,61
422,231,65,65
417,234,62,59
411,233,57,62
397,235,64,60
391,238,63,58
384,237,66,64
378,238,68,64
380,235,59,70
