199,11,220,128
198,21,215,124
208,19,206,119
203,21,210,118
200,24,213,111
200,22,213,116
202,25,208,115
209,22,208,115
205,19,205,119
209,26,214,115
208,26,208,110
209,22,209,118
204,20,207,119
210,25,207,115
206,18,206,117
209,23,215,108
207,17,212,112
206,9,220,114
210,5,216,106
211,3,219,107
209,1,213,102
212,0,201,100
211,0,195,99
212,1,190,91
215,3,180,75
218,2,171,75
221,0,168,74
221,3,166,76
217,1,174,72
215,1,181,76
216,1,182,81
216,2,191,91
209,0,203,96
207,2,214,91
203,4,220,89
198,5,235,93
202,3,233,99
201,4,230,103
200,6,239,99
204,2,235,102
201,3,237,101
201,3,238,103
206,0,236,113
203,4,232,105
205,4,240,102
208,3,227,111
209,6,230,106
208,2,231,111
208,4,233,108
210,2,235,112
211,6,234,109
213,6,237,105
207,6,237,104
214,6,237,102
212,6,240,99
215,8,237,91
206,3,242,85
211,0,232,86
211,0,209,77
212,1,193,73
218,2,192,67
216,0,194,65
212,3,184,65
213,2,182,66
214,2,176,66
214,1,184,73
214,0,189,86
214,3,201,92
208,10,221,103
213,7,218,122
206,26,224,117
214,39,216,115
219,42,218,119
222,53,211,113
228,69,209,94
232,74,205,95
235,81,210,85
233,81,205,85
243,73,198,90
245,68,195,97
245,62,189,94
240,54,194,103
252,60,187,92
248,43,190,110
257,46,186,102
251,37,200,105
257,36,204,102
251,18,215,115
246,21,223,103
247,17,211,103
253,10,206,106
246,5,206,110
244,3,197,112
238,5,193,110
243,1,195,123
246,3,197,126
248,11,199,126
237,16,219,127
251,39,208,102
246,45,213,93
247,54,215,84
245,54,209,83
246,56,210,76
242,52,215,80
241,37,212,96
238,30,217,101
240,17,213,112
237,6,212,119
240,-1,214,118
233,3,211,105
234,1,210,99
229,3,201,105
229,2,190,105
230,0,174,113
222,1,176,117
227,8,174,123
229,12,174,124
231,31,167,113
237,49,156,105
234,66,159,92
233,73,159,90
238,79,146,87
229,85,155,81
238,91,150,77
236,94,146,75
236,91,147,77
235,88,144,77
232,80,150,83
227,76,154,84
230,68,164,87
232,59,159,92
233,50,163,92
228,31,168,105
232,18,175,106
227,5,175,108
225,2,179,109
228,0,181,107
223,-1,177,104
221,-1,180,104
218,1,183,107
220,0,180,114
223,3,181,114
225,14,175,111
226,21,180,118
227,41,180,106
229,58,183,96
225,60,179,96
226,74,182,86
230,68,174,92
236,81,172,86
235,74,184,91
235,73,189,92
233,69,195,95
233,66,199,95
239,68,203,89
232,59,209,95
239,54,204,92
242,46,212,95
237,34,216,95
234,22,221,98
238,10,219,104
236,0,215,105
235,1,209,92
231,1,211,75
230,1,222,59
234,0,210,46
236,-1,219,46
233,-1,229,42
233,-4,232,51
236,-7,226,52
169,4,206,65
169,4,206,65
169,4,206,65
169,4,206,65
169,4,206,65
169,4,206,65
169,4,206,65
169,4,206,65
169,4,206,65
169,4,206,65
169,4,206,65
169,4,206,65
169,4,206,65
169,4,206,65
169,4,206,65
169,4,206,65
169,4,206,65
169,4,206,65
169,4,206,65
169,4,206,65
169,4,206,65
169,4,206,65
169,4,206,65
169,4,206,65
169,23,194,73
235,3,204,68
230,0,200,72
230,-5,199,58
234,2,186,50
233,1,180,54
234,0,165,65
236,0,161,78
235,-1,163,85
229,0,166,98
231,6,155,105
227,27,160,85
227,33,156,89
228,41,161,83
224,44,159,87
231,54,161,81
228,50,160,86
227,50,163,88
230,50,161,90
229,44,165,97
226,52,166,90
223,49,166,89
214,46,169,89
218,43,161,88
209,40,167,91
199,31,168,99
191,33,163,93
188,36,164,97
177,29,176,96
169,28,180,95
162,28,181,102
158,23,163,97
148,26,174,100
142,30,160,96
139,30,153,96
131,39,157,92
129,36,155,91
125,42,156,89
127,38,150,89
125,41,152,90
126,37,150,94
130,36,150,93
124,36,153,89
130,33,160,90
134,36,158,88
133,29,166,96
136,27,172,91
139,23,175,95
144,19,186,99
149,15,189,105
154,12,191,102
160,9,187,106
161,10,190,105
165,13,192,104
166,16,202,97
172,18,184,99
179,22,181,100
180,24,181,100
183,34,181,100
187,37,178,101
189,46,176,96
189,49,176,100
188,64,177,88
184,71,181,90
190,78,176,83
189,79,179,84
188,87,187,85
186,91,195,91
189,98,191,93
187,111,187,85
192,114,183,86
192,121,184,85
194,128,175,76
195,131,174,81
199,136,172,79
200,141,165,79
204,144,168,80
202,147,162,77
198,152,170,78
197,151,174,81
196,154,173,83
199,155,167,84
195,152,173,87
191,154,187,85
195,158,174,88
193,154,187,87
194,151,188,90
191,150,181,88
194,147,186,87
197,141,181,89
195,134,180,88
198,125,180,89
201,117,182,90
205,105,178,97
202,102,183,98
197,89,186,105
199,91,183,96
193,76,194,95
193,63,194,91
193,56,191,91
196,20,192,120
201,10,187,120
200,2,194,116
194,0,205,109
194,0,212,107
190,2,223,79
185,-2,231,76
193,-3,229,69
196,-2,227,53
187,-6,237,47
195,-6,239,51
212,1,226,60
193,3,207,53
205,4,179,55
224,4,147,49
227,5,138,46
227,5,138,46
227,5,138,46
227,5,138,46
227,5,138,46
227,5,138,46
227,5,138,46
227,5,138,46
227,5,138,46
227,5,138,46
227,5,138,46
227,5,138,46
227,5,138,46
227,5,138,46
227,5,138,46
227,5,138,46
227,5,138,46
227,5,138,46
267,-11,146,33
255,-2,142,30
252,2,135,32
275,4,133,49
259,2,129,58
223,1,144,65
215,0,170,82
208,0,183,93
202,3,193,110
209,12,186,107
210,21,183,105
208,27,179,106
208,42,182,99
212,57,177,88
210,65,170,81
212,71,172,79
211,74,168,78
215,73,168,80
213,71,172,78
214,68,170,82
219,65,176,82
216,61,170,80
221,54,177,86
225,43,171,96
226,37,179,98
229,28,183,97
228,23,187,101
232,22,186,93
234,18,192,92
227,12,204,94
227,6,216,91
227,1,217,96
237,2,213,89
267,3,182,80
285,-1,162,84
298,1,156,80
305,-1,144,83
313,0,146,83
320,2,134,81
328,1,125,84
334,5,124,83
339,9,121,85
343,15,117,84
346,20,108,82
348,26,106,81
348,30,103,77
352,32,98,81
353,36,100,80
351,37,99,80
349,36,104,77
349,36,103,79
345,35,109,75
339,34,114,74
338,29,114,77
333,24,117,79
331,19,120,82
324,12,127,84
317,6,129,89
302,2,135,87
292,0,137,86
286,-1,130,83
276,1,133,79
251,2,149,84
243,0,154,89
234,2,154,83
215,0,162,80
204,0,169,88
194,1,171,88
189,1,169,103
182,2,169,110
189,6,157,110
183,10,160,110
180,22,165,102
178,26,171,98
179,26,173,107
177,28,169,113
184,38,164,107
183,45,166,105
192,58,164,93
192,59,158,97
192,59,168,99
199,64,161,96
201,66,161,97
204,69,160,94
202,70,162,94
202,70,162,95
203,71,169,96
207,75,165,100
206,80,177,91
205,78,178,93
211,80,176,91
208,83,177,90
212,84,177,87
214,83,176,84
212,88,175,76
217,83,170,77
219,83,178,80
220,73,167,88
224,69,166,83
226,70,160,86
234,61,155,95
234,59,155,93
234,56,157,92
230,54,163,93
233,47,171,101
229,41,182,104
233,35,188,109
233,38,187,105
227,32,185,112
236,38,177,108
224,38,175,106
230,42,175,101
236,48,169,95
232,48,171,95
236,44,179,97
229,48,188,100
235,39,189,103
240,40,195,103
232,37,190,105
238,41,189,101
233,39,191,99
232,40,189,100
235,33,183,106
232,40,184,94
237,36,184,96
235,30,189,96
237,20,195,105
235,13,185,109
242,11,189,113
239,8,189,115
241,11,190,114
239,8,200,119
255,10,186,126
272,23,166,117
275,33,166,109
279,45,165,100
283,44,161,104
290,52,160,93
280,55,170,88
290,64,166,80
287,69,166,74
292,68,162,73
298,69,157,72
299,65,154,77
303,60,147,82
309,54,137,86
308,53,133,86
312,51,129,90
316,51,126,90
322,55,114,87
320,57,114,88
321,55,116,86
318,59,121,84
319,58,119,87
318,59,122,84
317,58,127,86
315,57,131,89
313,54,137,91
308,52,145,91
306,50,144,91
304,46,156,93
300,44,158,94
295,44,175,90
287,37,176,94
280,32,194,96
260,23,206,98
249,14,219,106
242,5,221,109
240,2,218,110
236,8,217,95
232,0,220,105
228,4,216,107
225,6,221,109
231,8,203,110
227,20,202,101
231,31,194,92
225,37,204,89
226,43,200,87
225,48,202,86
226,52,205,83
222,48,215,92
221,56,209,82
223,49,217,90
220,52,215,90
226,55,221,84
223,57,216,77
226,53,227,80
222,49,224,85
219,42,228,87
218,37,227,92
222,25,228,102
221,18,229,104
219,13,234,101
216,4,230,105
224,0,234,109
213,0,242,97
217,0,242,72
217,-2,235,65
212,0,238,53
211,-1,226,44
228,-4,219,43
242,-9,211,44
226,1,227,55
280,1,213,54
288,0,216,46
318,-1,203,44
324,0,186,38
324,1,179,34
324,1,179,34
324,1,179,34
324,1,179,34
324,1,179,34
176,3,183,37
176,3,183,37
176,3,183,37
176,3,183,37
176,3,183,37
176,3,183,37
176,3,183,37
176,3,183,37
176,3,183,37
176,3,183,37
176,3,183,37
176,3,183,37
176,3,183,37
176,3,183,37
176,3,183,37
176,3,183,37
176,3,183,37
176,3,183,37
176,3,183,37
176,3,183,37
176,3,183,37
176,3,183,37
176,3,183,37
195,4,172,35
195,4,172,35
222,9,144,40
228,6,132,54
227,9,129,59
234,16,116,72
231,30,116,90
263,-24,128,84
257,-7,146,71
230,-3,146,50
224,3,168,57
222,2,177,69
215,0,190,76
213,2,192,97
209,9,192,102
213,18,189,98
213,24,187,100
212,36,184,98
219,50,179,88
213,55,179,96
213,59,179,93
217,61,182,94
218,61,174,95
216,61,178,101
220,68,181,98
223,73,175,95
220,74,182,90
218,77,185,89
219,81,182,85
220,83,189,82
224,80,183,88
223,79,182,86
227,75,180,86
225,73,182,84
228,71,185,82
228,67,185,78
224,56,190,83
226,43,195,89
227,31,192,97
232,8,192,111
227,0,195,101
222,-3,197,91
224,0,200,69
230,0,187,55
230,1,188,41
232,0,187,33
229,1,190,41
205,43,186,55
216,9,158,68
227,10,139,67
228,4,132,53
227,7,131,50
225,4,126,44
226,2,120,39
227,2,114,36
227,2,114,36
227,2,114,36
227,2,114,36
227,2,114,36
227,2,114,36
227,2,114,36
238,3,115,28
226,4,112,36
244,3,105,53
233,0,126,67
230,0,130,81
226,0,132,89
222,3,138,92
218,13,148,97
218,21,166,97
216,24,170,100
221,30,165,101
220,36,164,97
221,33,165,107
223,40,166,101
219,39,159,108
224,53,154,94
221,52,160,94
222,49,155,95
225,57,156,87
221,59,160,84
222,59,160,82
228,62,156,77
225,61,163,80
225,53,166,89
225,48,172,96
223,57,179,91
224,47,180,98
223,55,185,95
224,51,178,103
228,61,170,94
231,54,175,98
232,63,168,94
230,68,173,96
234,66,171,97
234,65,166,107
233,71,167,109
234,70,168,116
234,73,167,119
236,78,159,121
236,77,156,127
240,76,152,130
238,76,160,133
240,78,154,135
239,77,155,134
237,79,159,130
243,78,146,124
243,77,143,121
239,76,146,126
241,74,146,122
237,76,148,126
234,75,152,122
237,74,149,125
236,73,149,129
235,69,149,136
231,67,157,141
235,67,151,133
234,63,155,139
229,62,148,132
231,59,151,126
227,55,158,126
227,55,162,120
222,55,167,119
225,61,167,112
225,68,162,106
232,71,163,111
221,78,168,109
228,92,160,107
227,101,159,112
236,118,151,123
235,138,151,128
243,159,129,157
237,161,135,190
227,173,142,182
227,197,141,165
236,207,126,143
246,207,126,152
242,180,125,181
226,177,151,181
206,164,195,196
229,144,190,213
212,156,198,200
195,147,211,208
213,21,157,195
202,158,185,207
203,159,209,203
211,26,176,217
196,93,193,202
207,147,192,210
215,122,201,235
211,142,210,213
139,153,238,207
165,154,242,204
137,156,263,204
132,153,264,207
139,146,268,211
133,147,285,206
173,146,238,209
138,142,266,198
204,155,207,200
221,162,188,195
237,161,176,196
215,170,194,185
214,148,196,204
201,149,205,203
201,136,206,214
155,146,243,207
198,115,214,227
173,138,239,215
134,144,268,200
164,74,256,249
179,13,233,324
149,61,283,290
127,92,279,259
144,117,265,231
166,99,252,245
242,23,175,269
268,28,141,296
277,6,141,318
279,4,139,309
281,6,124,291
296,4,157,272
289,1,150,307
292,0,144,269
297,14,105,280
379,20,117,282
234,129,145,250
194,145,126,215
241,166,111,187
