220,112,159,124
230,102,150,137
228,100,142,137
230,90,140,152
225,91,136,152
235,88,132,150
240,85,127,158
241,85,130,155
245,84,128,159
241,82,137,162
243,84,140,161
242,91,145,154
248,98,142,141
261,105,130,132
238,112,160,126
251,126,149,111
250,133,146,109
246,144,147,104
241,152,146,98
265,158,125,92
269,170,109,73
265,178,107,68
259,182,104,68
247,182,114,70
231,182,121,74
239,180,110,71
258,177,95,67
249,170,98,72
235,165,114,73
237,159,120,90
235,158,137,88
235,152,132,100
237,155,142,94
240,160,137,88
256,167,127,74
270,174,118,65
270,174,118,65
287,201,103,58
287,201,103,58
296,214,101,60
296,214,101,60
321,220,80,65
331,222,68,63
328,223,71,63
330,221,70,65
328,216,68,67
328,210,65,65
321,196,73,70
319,189,69,68
313,182,72,68
312,177,69,66
309,169,71,69
308,166,67,66
309,163,66,64
309,163,66,64
309,163,66,64
309,163,66,64
309,163,66,64
309,163,66,64
300,158,68,69
291,162,72,59
293,162,68,57
290,161,72,57
284,159,61,60
284,159,55,56
280,157,59,58
279,156,59,56
277,154,61,57
275,151,61,57
272,146,64,60
268,142,68,62
271,137,71,66
276,137,65,61
276,132,73,69
262,141,80,74
256,132,100,88
260,129,105,101
231,133,129,96
220,132,149,102
205,130,164,103
202,129,177,99
205,135,184,97
201,132,192,99
201,138,198,92
196,145,208,86
202,147,214,85
193,160,219,69
192,165,222,69
199,170,221,63
194,173,233,62
196,178,235,55
192,180,241,59
188,183,244,52
195,185,237,53
194,185,241,60
197,186,237,53
202,187,236,56
201,190,240,53
205,189,237,55
196,187,241,58
201,188,235,58
196,189,239,54
197,189,235,54
195,191,230,56
198,191,228,60
191,193,229,59
192,190,228,67
191,184,221,78
198,188,220,73
197,187,212,78
203,186,208,80
197,184,203,86
206,178,206,95
210,181,189,96
215,181,181,95
216,175,176,98
220,176,162,97
223,174,159,98
219,177,160,90
223,178,156,84
221,178,156,82
222,178,153,79
228,178,148,78
228,180,148,73
234,179,147,76
246,179,131,72
221,180,158,72
214,182,167,52
215,179,165,55
215,182,167,58
216,184,165,57
215,184,163,60
218,185,159,56
216,185,161,59
222,185,161,59
218,184,162,62
215,186,163,62
233,183,145,70
219,188,156,69
223,194,156,71
245,193,134,78
245,202,129,67
275,212,103,54
281,213,100,51
285,218,109,47
297,220,109,46
310,219,101,50
259,218,101,43
268,219,101,43
271,219,103,45
268,220,114,49
269,220,120,53
267,221,127,50
260,221,142,53
255,222,161,51
257,223,171,49
246,224,181,48
234,220,193,49
239,223,194,46
225,221,202,44
234,224,201,45
235,224,202,46
235,227,204,44
231,227,209,47
226,230,217,49
217,226,219,52
214,229,236,54
210,230,233,53
210,234,240,55
212,231,231,59
213,236,236,61
206,237,247,61
207,232,242,69
208,238,242,65
214,236,236,68
209,237,240,67
206,233,247,70
204,238,250,64
209,232,246,67
214,228,240,68
220,230,230,64
216,230,236,62
220,227,232,63
217,227,238,63
223,231,234,59
225,233,233,54
221,230,235,54
225,233,232,54
224,238,230,48
220,237,242,46
215,241,250,45
223,238,238,45
216,240,246,44
213,239,252,45
215,237,246,44
212,236,243,43
210,237,246,43
211,236,245,43
212,232,243,48
212,233,247,47
210,234,252,46
207,233,257,48
213,233,248,48
208,234,251,49
213,234,243,48
209,238,247,45
215,238,245,45
214,238,247,51
218,237,241,50
225,239,233,47
221,240,239,50
225,239,232,50
233,239,221,50
231,237,225,53
233,237,218,50
239,229,210,55
246,231,197,49
252,229,185,49
229,223,207,53
225,223,211,55
227,220,212,55
228,222,204,53
229,219,201,55
230,217,196,58
236,218,192,56
240,218,191,53
236,210,192,63
243,213,187,56
235,207,190,61
239,210,186,57
237,207,186,60
243,207,182,59
237,206,187,63
246,202,177,63
239,204,183,67
241,198,176,73
247,193,168,83
248,191,168,87
238,194,173,94
253,185,154,97
247,187,152,98
244,208,152,82
246,208,143,80
248,213,135,75
250,211,131,76
230,207,147,83
232,207,140,83
247,204,122,92
222,200,142,97
236,213,128,78
221,218,134,70
234,227,116,64
231,230,108,53
225,236,117,51
215,244,127,50
201,251,141,58
221,252,130,49
200,252,150,62
206,262,145,71
222,250,126,76
230,244,114,88
234,243,110,93
243,242,101,92
250,239,92,96
263,244,81,111
263,233,87,122
272,233,76,114
276,262,70,95
280,275,73,83
284,255,74,83
289,253,75,81
299,250,70,79
262,223,90,82
278,220,100,100
269,207,113,107
258,191,128,117
262,186,126,119
254,185,137,116
251,183,145,115
240,185,160,105
228,182,173,107
228,185,171,98
223,181,177,107
233,180,168,106
218,182,185,109
228,187,176,103
222,182,183,115
225,178,182,118
225,181,180,116
225,179,178,124
217,178,185,132
216,185,182,134
221,180,174,136
221,181,176,142
221,183,181,155
227,182,173,160
227,187,171,149
222,191,180,158
222,196,175,155
225,204,173,150
222,211,175,144
222,215,174,141
222,223,175,133
223,217,171,140
215,222,184,138
221,222,176,139
213,225,185,134
219,235,181,126
220,229,174,130
223,232,169,124
224,226,160,131
220,222,166,139
231,224,150,140
222,219,157,138
224,218,152,141
221,221,151,138
222,222,157,136
221,215,160,142
218,224,175,135
215,227,187,133
211,231,201,127
220,236,192,121
224,241,185,114
232,246,179,112
234,242,182,115
232,247,182,114
239,242,175,117
231,244,188,116
235,244,188,116
228,251,195,106
225,249,196,108
232,245,187,113
250,243,168,118
254,240,163,122
242,219,158,143
231,230,162,128
220,221,169,141
219,210,168,151
220,203,165,157
229,190,147,173
223,169,165,190
225,145,160,210
227,144,161,212
226,157,164,199
230,115,153,238
227,142,165,213
232,162,157,194
242,140,144,218
230,169,149,190
233,141,151,219
215,116,169,243
211,126,176,224
221,139,166,216
230,165,148,190
229,135,158,217
227,153,155,204
219,127,166,227
237,132,143,230
231,167,149,190
236,135,145,222
229,119,149,239
214,118,171,232
216,116,164,231
229,114,145,238
219,111,149,247
216,112,152,247
217,113,155,242
221,114,152,245
219,110,155,246
218,111,156,243
218,113,149,240
220,114,155,239
220,115,157,238
219,115,157,240
230,114,145,235
250,118,123,238
241,116,130,243
222,122,155,231
230,121,143,228
222,119,152,227
230,117,141,234
234,119,136,231
217,119,155,218
217,119,153,223
230,121,146,222
233,118,135,232
266,119,100,224
271,117,92,224
270,119,95,218
270,121,96,210
271,120,95,216
268,122,98,205
271,119,91,215
275,118,90,209
274,117,90,212
273,118,92,207
271,119,91,204
270,119,96,200
270,117,97,205
271,116,96,200
267,119,98,202
268,116,101,200
263,118,98,195
268,116,98,195
267,116,99,193
269,118,97,193
268,118,96,188
270,119,98,184
263,120,102,187
267,117,99,188
269,118,95,186
271,117,96,183
267,117,100,184
267,120,96,181
268,118,96,165
271,122,95,171
267,115,101,169
272,123,96,164
269,122,99,163
269,129,103,159
272,121,96,157
267,122,104,152
272,121,97,154
269,118,98,154
273,120,95,148
271,122,98,151
268,119,101,151
267,118,101,150
265,119,103,147
265,121,103,145
261,120,106,141
267,125,104,139
262,122,108,141
264,119,103,147
265,118,101,145
259,118,107,147
265,119,102,144
256,117,109,145
255,119,112,144
258,118,109,144
254,114,111,151
248,117,118,143
242,119,127,141
252,121,115,140
247,115,120,145
239,118,126,137
221,120,147,138
218,115,155,137
214,117,159,137
234,114,137,141
223,118,147,135
237,117,135,137
214,63,119,168
219,64,139,190
223,77,126,177
227,53,136,199
227,53,140,200
221,47,145,205
217,47,124,201
219,47,110,199
222,43,88,200
211,42,105,200
211,41,107,203
201,41,128,202
199,42,140,200
201,42,147,197
198,43,155,190
192,47,172,181
194,51,179,174
190,57,195,170
186,61,209,163
181,63,215,156
184,70,215,143
189,78,220,135
185,78,224,131
186,83,228,124
188,90,224,110
185,98,234,103
182,104,236,97
182,114,241,87
177,115,248,91
185,127,241,72
184,132,235,67
184,135,237,65
185,151,241,52
186,151,242,49
174,154,261,55
166,155,260,57
184,156,243,60
168,146,263,71
170,150,263,73
187,147,247,78
193,141,245,93
200,131,236,98
216,132,215,115
217,120,214,140
220,134,207,124
217,125,208,140
220,127,201,145
218,126,200,151
218,119,189,169
216,124,182,163
221,119,171,174
225,120,166,179
222,116,161,182
227,117,156,191
228,113,149,194
249,117,131,199
243,112,135,205
268,116,106,208
271,113,99,208
271,117,97,211
268,115,103,204
270,118,99,202
266,117,104,199
260,118,110,193
247,121,128,186
236,123,138,185
222,121,154,181
220,121,154,172
225,122,146,168
221,120,151,166
205,122,171,160
210,124,162,166
213,122,162,146
206,123,168,148
205,125,162,145
208,124,160,146
207,129,158,137
204,124,164,146
209,127,160,135
206,121,161,144
201,118,165,138
205,116,160,140
207,121,159,130
202,118,170,133
199,122,178,130
204,121,185,122
204,130,181,112
203,123,187,114
204,130,191,112
199,127,186,108
200,127,188,109
203,122,184,113
202,120,184,117
205,125,178,110
204,142,195,100
202,127,190,108
214,172,186,97
209,173,197,78
201,174,203,59
204,175,200,57
202,174,203,58
202,174,204,61
206,173,198,68
207,176,198,79
216,172,185,85
223,169,176,97
229,170,169,98
227,171,172,96
228,172,174,96
230,167,169,101
231,169,171,101
235,169,167,96
239,167,166,100
236,169,173,100
243,170,164,100
238,164,170,107
238,169,176,106
237,164,175,111
238,174,175,99
239,159,178,115
233,165,183,113
235,158,180,117
238,163,177,117
239,157,175,120
230,136,184,150
232,145,192,146
234,138,175,154
239,135,160,158
234,125,162,181
228,124,168,189
225,127,169,206
215,121,180,209
212,121,175,216
208,119,179,231
213,124,176,227
211,119,172,234
214,120,172,234
212,116,170,239
205,114,174,238
247,127,140,229
236,120,145,238
232,116,151,240
218,119,160,237
212,110,172,241
207,117,178,241
209,112,170,243
209,117,173,240
214,114,164,241
214,115,167,236
233,135,151,219
227,169,177,191
219,202,210,158
221,231,218,129
212,256,228,94
224,259,217,89
222,266,225,73
219,264,231,64
217,264,232,56
217,270,233,48
222,263,235,57
221,261,235,58
222,256,235,64
220,250,241,70
231,244,226,86
234,236,222,100
228,224,226,110
222,219,235,129
240,206,209,148
245,214,201,135
253,208,183,144
228,210,209,143
236,229,196,116
237,240,205,86
229,254,213,72
226,271,213,61
220,276,210,78
221,272,201,84
219,274,198,88
224,272,182,89
225,269,169,90
215,273,141,82
217,278,126,79
221,279,117,81
222,281,119,78
218,279,125,79
210,283,139,74
207,282,138,74
207,282,138,74
207,282,138,74
207,282,138,74
207,282,138,74
207,282,138,74
207,282,138,74
207,282,138,74
207,282,138,74
207,282,138,74
207,282,138,74
207,282,138,74
215,273,137,85
216,268,131,91
237,257,148,102
285,204,170,89
244,153,193,98
203,108,212,112
210,43,210,154
221,4,198,191
204,125,167,162
255,-2,152,128
253,0,141,114
261,2,135,97
224,-2,167,67
196,5,190,74
175,7,201,106
164,18,192,140
182,117,189,126
205,117,157,123
223,128,141,137
226,153,139,154
215,194,122,160
218,201,128,161
224,206,114,150
234,224,98,131
268,180,107,135
246,223,103,138
257,243,85,122
262,232,85,117
266,239,75,120
269,228,75,131
273,222,62,138
275,215,60,140
275,214,65,145
275,212,64,148
272,206,74,151
270,212,86,148
270,180,90,168
263,205,106,155
264,200,109,156
280,198,93,154
280,197,89,159
289,187,76,167
295,181,63,167
306,175,48,178
308,171,44,172
304,167,46,165
303,165,42,160
