378,158,50,43
372,157,51,47
374,156,51,46
377,159,53,48
379,160,51,42
382,159,54,46
387,157,53,41
391,150,51,45
394,153,52,35
398,144,51,42
398,141,53,42
402,143,53,42
400,141,54,45
404,144,54,46
407,144,51,49
408,147,51,51
405,151,55,50
410,156,54,47
408,156,57,47
411,156,55,44
413,155,52,47
411,154,56,46
411,155,52,43
414,156,49,40
415,155,47,40
420,157,49,39
416,155,54,46
424,157,49,43
422,157,54,44
423,158,53,43
425,158,53,46
431,160,50,45
430,162,55,42
428,159,58,46
427,159,61,45
429,160,56,40
427,154,55,47
431,155,51,46
433,152,47,44
432,153,49,42
434,154,48,44
431,154,56,44
434,152,48,45
436,149,47,46
434,146,49,46
434,146,51,49
437,150,45,44
439,147,46,47
437,143,48,51
437,144,51,49
440,144,47,49
441,144,45,49
439,145,47,45
440,141,48,54
443,143,40,45
441,143,47,46
441,145,44,44
440,141,49,47
440,143,50,47
442,140,40,48
441,140,42,46
438,137,48,46
440,137,47,48
437,135,50,52
438,139,51,47
438,135,51,51
438,135,48,49
438,136,46,47
438,137,51,47
440,139,49,45
442,139,50,47
445,144,46,40
448,146,46,40
451,145,49,46
447,147,54,43
450,147,49,44
456,145,51,50
452,146,55,47
457,148,50,47
456,147,54,46
455,151,59,42
453,150,60,48
455,151,58,47
451,153,64,45
449,156,62,48
447,159,56,47
446,154,60,51
440,150,68,57
443,159,62,54
447,155,67,53
449,159,68,50
454,163,66,53
456,166,64,50
458,164,61,47
454,158,61,57
451,159,64,51
453,160,58,53
450,164,49,47
446,167,58,47
442,166,61,47
445,170,55,44
441,166,61,50
441,166,62,48
438,167,66,49
444,165,56,50
447,168,54,48
445,162,58,53
450,157,50,54
451,158,46,54
454,158,47,55
450,162,54,48
454,160,50,50
451,160,56,49
459,167,44,43
457,163,47,46
456,157,50,53
457,163,43,46
454,166,45,39
451,162,42,49
450,167,44,46
445,170,44,42
449,168,43,46
452,166,47,50
461,170,43,46
465,172,49,46
471,174,45,42
472,171,48,42
475,167,49,41
475,159,42,46
472,163,45,41
468,159,47,48
464,163,46,45
463,169,44,46
461,170,40,47
460,170,39,49
459,172,37,51
456,171,39,53
454,172,34,52
456,172,35,50
456,174,32,47
457,174,37,48
456,175,36,48
457,172,40,51
461,175,35,50
461,173,35,47
462,173,37,49
463,170,36,53
461,171,40,53
466,175,31,44
464,172,41,50
465,174,42,47
465,174,42,48
466,175,41,48
469,171,40,47
472,167,34,54
471,168,36,53
471,170,34,48
472,174,39,43
474,175,35,45
471,179,36,42
462,183,43,37
455,184,52,37
450,183,57,35
441,184,67,36
436,186,76,34
427,186,86,36
418,184,94,38
412,183,102,42
414,183,97,43
414,181,90,45
415,182,88,46
409,181,92,46
400,183,96,45
398,184,97,42
398,186,93,40
391,183,104,42
390,180,98,47
399,179,87,44
401,179,81,43
412,177,74,42
409,176,74,44
395,178,82,42
396,173,77,43
392,176,81,40
384,171,80,47
386,178,67,44
386,177,65,46
384,177,61,43
398,178,52,40
392,175,53,44
398,176,45,49
404,174,41,48
405,172,40,51
397,171,47,54
412,175,39,48
412,178,33,47
406,169,39,51
410,175,37,46
410,178,36,41
411,174,33,45
411,177,32,43
413,175,29,47
411,174,28,51
413,174,25,61
410,171,28,73
402,176,36,76
402,170,38,79
406,163,34,83
405,159,38,100
401,154,44,114
401,154,44,114
550,145,42,117
551,160,32,105
549,187,40,87
420,168,42,88
410,154,30,70
412,167,27,57
409,173,30,49
405,174,33,49
389,173,41,47
397,170,35,46
397,170,35,46
397,170,35,46
406,166,35,52
406,166,35,52
406,166,35,52
406,166,35,52
406,166,35,52
406,166,35,52
406,166,35,52
361,108,33,45
361,108,33,45
361,108,33,45
416,176,29,41
408,184,34,36
412,182,34,38
416,179,30,39
410,175,35,45
415,174,29,47
414,177,31,41
416,176,25,42
414,176,31,43
413,176,32,43
413,180,32,37
409,178,33,38
412,177,33,39
410,173,33,42
412,174,31,42
408,173,35,43
412,171,30,44
413,173,27,41
412,174,25,40
410,177,30,36
411,176,29,35
409,174,31,38
410,174,27,41
409,173,29,42
405,176,32,38
404,176,35,37
401,177,38,36
403,175,40,37
403,173,39,40
407,175,35,36
403,172,36,42
402,175,33,38
403,177,34,32
402,174,38,36
403,175,34,37
403,174,35,37
404,170,35,42
400,171,42,41
399,173,42,37
403,173,38,37
403,170,36,41
404,172,35,41
400,174,40,40
397,176,43,34
399,178,37,30
398,177,40,30
397,176,43,33
399,173,39,36
397,172,42,34
399,171,40,35
399,172,39,34
397,171,40,38
394,170,44,38
397,170,40,39
399,173,35,38
393,170,43,40
393,170,41,41
393,167,44,42
388,170,48,37
385,172,51,39
384,173,50,36
386,170,49,40
389,175,43,34
385,176,46,34
384,175,47,33
381,175,51,35
382,176,50,35
381,174,52,41
379,179,52,32
380,180,52,31
379,180,50,33
376,179,53,36
380,177,51,38
381,180,46,36
377,180,50,35
373,180,54,38
374,181,56,36
373,179,56,41
371,180,56,40
368,183,60,39
369,182,56,43
367,185,60,39
364,185,62,43
364,183,62,45
365,186,60,42
364,190,59,38
365,189,59,41
361,191,66,37
360,190,61,39
364,187,58,40
360,188,61,42
364,185,51,45
366,188,52,44
362,189,57,42
365,189,57,39
364,191,58,36
364,189,56,37
367,188,53,38
367,189,50,39
364,190,55,35
367,189,51,35
366,189,50,39
366,188,50,38
365,188,52,39
366,188,50,39
363,190,48,37
360,191,47,40
357,190,47,43
355,196,48,39
355,197,52,39
365,197,47,37
373,198,46,41
374,200,53,38
376,201,50,38
379,200,52,39
380,200,51,36
384,200,49,35
392,187,42,39
386,185,45,41
387,186,38,38
385,186,40,39
382,187,42,41
379,188,47,40
377,190,48,36
376,191,46,41
368,193,52,36
365,195,50,34
366,193,44,36
362,193,52,35
363,192,48,34
362,191,48,33
357,190,54,33
352,190,60,32
355,188,54,37
353,183,47,46
355,184,57,44
352,184,63,42
348,184,69,41
341,185,78,41
334,186,82,41
331,178,85,50
329,177,88,47
331,177,85,50
343,177,78,49
339,178,80,46
336,174,84,47
343,174,81,48
337,177,82,47
340,179,86,44
339,181,89,45
332,181,99,46
339,179,91,50
338,179,89,49
336,182,87,47
335,182,91,50
336,184,91,50
349,185,93,51
349,185,94,54
363,188,89,49
361,187,87,48
364,181,86,54
363,180,88,45
369,181,78,41
361,184,85,45
361,186,77,44
363,185,74,47
355,189,80,44
356,188,77,42
352,186,83,49
348,182,80,54
353,183,75,49
349,187,77,46
350,187,79,45
349,184,82,45
353,183,75,48
350,182,76,48
352,185,79,45
350,181,80,48
347,184,81,48
343,179,83,56
341,181,81,55
346,184,72,52
345,191,73,46
346,193,69,43
346,197,59,42
338,201,53,38
336,202,47,39
367,196,44,32
350,201,48,38
377,192,41,35
370,194,43,38
370,198,41,35
370,198,43,31
361,198,48,32
360,200,56,29
353,200,55,34
371,199,50,31
351,201,44,31
354,202,45,29
345,203,48,32
339,200,57,32
337,201,64,32
339,196,76,41
331,199,87,39
327,198,93,36
329,195,93,42
325,196,98,42
321,196,105,45
326,191,97,50
323,189,101,52
316,188,106,51
321,188,103,50
323,190,100,49
317,188,108,53
320,197,105,45
314,190,110,53
312,189,108,52
305,191,115,50
304,187,112,50
301,190,111,47
301,188,112,49
303,191,104,48
298,187,104,50
307,189,103,46
297,189,104,47
301,189,107,45
297,186,107,48
289,183,114,51
289,179,109,53
292,177,107,55
290,176,110,56
292,174,98,58
291,175,102,55
281,175,109,55
273,174,115,56
275,171,112,60
275,168,113,62
279,169,104,58
280,166,109,56
280,163,106,58
267,165,111,55
267,163,107,52
271,165,96,48
268,166,100,47
254,166,110,44
244,164,119,47
251,164,113,50
246,164,119,48
252,163,112,48
246,160,115,48
246,159,111,51
252,156,96,47
252,155,95,41
254,154,85,40
242,153,90,41
248,150,82,45
251,150,75,47
251,151,74,44
248,154,74,43
