241,195,192,105
227,199,216,100
236,191,206,115
233,200,203,106
232,193,212,118
225,208,220,103
219,207,230,103
201,202,244,104
221,202,227,111
228,191,224,123
205,183,241,132
214,197,230,114
219,194,227,123
217,199,230,117
226,192,214,123
237,196,203,117
222,187,219,125
220,194,222,116
211,194,225,118
223,185,215,126
228,182,217,128
220,190,228,120
215,179,225,134
230,169,210,141
223,151,220,170
217,143,203,171
226,161,209,159
227,175,217,141
228,154,215,163
205,161,231,158
210,161,227,155
228,164,207,142
220,180,199,128
227,190,213,114
219,201,227,103
222,206,221,100
222,203,221,106
218,201,230,108
215,184,233,132
221,176,224,144
229,157,206,161
237,143,192,183
237,126,189,190
223,169,217,151
207,164,248,154
209,173,247,145
217,198,238,115
224,182,219,132
212,152,233,166
222,154,210,157
229,167,216,146
235,135,208,177
207,156,217,169
237,165,201,154
217,160,228,157
234,180,213,130
234,166,204,143
227,150,224,166
207,135,245,192
219,127,217,210
229,129,194,203
225,126,217,213
244,147,187,176
228,120,208,204
240,148,195,175
246,124,178,195
262,129,160,199
247,136,196,191
238,151,202,162
230,159,226,165
226,137,234,195
248,117,198,213
246,117,197,230
258,131,157,191
269,131,150,192
271,122,185,209
263,143,185,173
256,154,205,167
268,138,177,181
261,117,180,202
250,154,217,175
264,129,208,196
265,141,187,168
268,149,200,166
265,111,164,198
276,130,165,191
283,118,196,217
258,114,185,213
275,120,191,206
282,113,158,215
284,125,192,204
259,130,214,200
255,128,206,193
275,148,188,171
264,143,214,179
249,159,236,159
257,145,229,173
277,135,188,178
283,125,191,196
275,127,190,183
275,111,208,220
298,134,168,183
292,120,196,212
291,131,192,201
293,134,149,179
295,136,178,181
312,124,141,188
308,135,145,177
306,138,176,178
291,144,199,174
283,130,177,182
297,127,186,192
280,131,220,195
296,134,209,193
295,122,162,189
297,121,188,203
304,131,177,183
298,135,198,199
305,125,190,201
299,141,171,166
305,126,170,179
309,145,178,172
295,136,214,189
296,145,190,174
313,123,191,208
295,141,204,177
306,110,196,211
318,129,173,194
318,135,207,189
303,140,216,178
302,132,203,183
307,116,217,210
325,119,170,210
328,117,178,217
322,129,189,192
331,103,163,214
334,110,179,222
344,115,151,218
328,113,170,213
335,110,158,217
336,104,152,226
322,107,189,226
340,131,165,203
322,116,192,213
335,139,157,178
330,127,191,198
325,122,176,201
326,132,196,198
318,145,209,170
299,163,231,151
300,130,207,180
314,119,210,200
328,118,181,205
337,115,155,203
340,109,163,219
339,115,149,217
334,107,162,223
321,117,178,220
326,123,162,205
319,136,193,196
311,118,163,195
325,129,173,195
313,124,208,211
323,123,193,222
330,119,166,210
322,105,186,229
328,113,180,224
321,137,182,179
314,124,206,204
328,145,157,174
324,122,175,196
306,134,198,195
302,144,216,188
298,116,195,204
311,119,180,219
317,109,176,228
328,108,145,224
320,116,155,210
313,123,176,202
309,122,182,214
308,121,181,208
309,145,186,183
293,126,183,190
315,133,160,195
303,125,192,204
318,129,155,187
298,140,185,180
304,125,160,189
298,121,199,211
289,111,171,221
300,112,160,221
298,129,166,199
293,103,159,208
296,125,183,204
299,110,167,223
309,130,143,192
312,114,135,206
304,114,168,209
296,119,169,207
279,134,181,190
286,112,160,205
280,128,179,197
289,117,168,201
294,104,137,223
294,110,149,214
289,132,192,198
283,116,150,198
278,121,163,201
279,120,187,208
260,132,179,189
279,129,159,178
271,125,189,199
280,122,157,202
272,106,175,224
277,126,169,215
271,123,188,212
280,122,173,206
284,135,135,180
279,118,152,198
273,122,180,207
274,142,147,171
276,134,166,185
272,133,171,184
246,147,195,175
259,149,188,165
253,118,186,192
268,123,170,206
276,128,148,192
269,113,164,212
249,134,186,195
254,142,176,172
267,120,159,203
275,113,142,218
274,113,149,215
269,131,159,198
271,134,174,197
257,119,151,205
254,137,172,188
252,109,180,218
256,116,169,224
244,129,167,199
263,122,139,209
268,110,153,222
252,115,173,221
257,134,154,200
257,104,147,218
265,115,133,213
254,117,157,207
251,110,171,219
254,124,161,216
259,111,152,224
232,118,172,220
248,137,151,187
252,140,171,186
223,133,199,189
228,137,193,185
238,122,172,213
229,135,183,196
244,115,158,197
249,131,154,186
249,132,160,189
236,115,180,215
241,127,165,198
247,121,150,193
253,123,135,195
272,122,114,195
261,110,141,207
258,117,143,204
244,140,168,182
254,131,168,194
247,131,154,193
257,130,155,201
242,135,164,189
251,122,154,189
256,128,142,201
255,116,158,208
255,123,145,207
259,137,153,188
250,111,155,216
262,114,140,219
267,116,134,219
269,128,128,200
273,111,127,217
269,117,130,206
268,135,113,176
280,117,109,192
279,110,116,203
274,132,119,181
279,109,113,202
280,116,105,197
277,106,107,200
282,122,119,196
279,115,116,203
275,119,120,206
279,110,113,208
280,116,113,203
273,111,122,201
272,114,123,202
279,128,113,183
288,124,108,195
289,119,110,198
284,134,113,183
286,126,119,193
282,132,113,186
285,132,104,180
279,116,121,207
276,123,114,199
281,135,112,182
286,126,107,187
286,127,105,187
282,132,107,181
284,137,111,182
287,143,109,174
281,118,103,193
283,121,108,191
280,125,109,187
277,122,114,191
273,125,123,189
276,122,113,188
277,119,114,191
277,121,114,190
276,129,111,179
279,115,109,197
281,115,103,202
279,118,109,195
281,116,103,196
280,123,103,186
281,130,103,182
290,117,90,187
295,121,88,194
287,114,96,194
292,122,92,185
287,123,95,180
292,115,90,190
290,117,92,197
290,109,93,196
288,122,95,185
292,112,88,195
293,112,87,193
294,117,87,197
290,121,89,189
289,110,89,190
289,115,93,198
288,118,93,193
289,114,95,195
288,124,90,180
283,111,97,194
283,126,95,177
282,108,98,185
286,116,92,188
282,106,94,199
280,114,92,192
285,121,87,185
284,105,89,186
281,119,93,184
276,115,97,182
281,122,90,182
282,117,86,179
284,119,89,185
281,128,86,171
286,118,84,183
283,118,89,187
280,114,90,177
283,122,88,171
284,124,88,158
285,130,83,166
282,125,85,162
284,126,85,162
279,117,88,173
282,116,87,182
278,114,92,176
282,119,90,184
280,124,91,174
276,118,98,167
283,124,87,170
284,124,87,166
288,128,86,174
288,123,82,162
287,124,81,170
286,125,81,176
282,120,88,166
287,124,88,171
288,126,81,161
291,124,80,174
288,118,85,186
283,114,89,177
280,122,95,176
285,128,85,170
284,112,92,181
284,119,93,185
283,114,88,184
284,122,87,177
281,114,92,180
286,118,86,185
282,115,90,171
284,118,89,185
285,117,91,180
287,122,86,174
287,113,86,175
287,124,85,176
287,106,85,186
288,115,86,189
283,111,92,191
287,123,89,184
283,102,94,192
289,115,88,183
284,115,94,196
288,114,87,186
288,117,86,188
292,109,86,205
287,114,92,183
287,113,93,201
293,111,88,189
292,112,89,180
293,119,86,187
294,106,85,199
290,113,87,190
292,120,89,181
291,111,91,189
291,119,89,178
292,113,86,193
292,113,87,194
287,114,91,192
294,118,84,200
297,111,84,196
289,113,95,195
291,113,94,209
291,112,92,199
290,121,93,199
292,125,95,191
291,121,95,191
293,129,96,188
299,111,88,203
295,117,94,206
297,126,93,191
297,135,93,184
297,128,93,186
297,117,96,212
297,117,101,204
296,127,103,194
297,128,99,191
302,129,94,195
302,115,97,204
301,121,100,206
305,125,95,203
306,126,96,197
307,112,98,208
308,114,102,211
308,118,104,213
304,104,110,223
302,118,113,216
306,123,113,209
311,119,106,207
309,106,105,209
311,122,105,203
310,102,113,223
314,108,111,221
316,121,104,204
316,102,108,223
315,104,111,231
310,96,123,237
313,107,129,244
316,121,121,214
313,121,131,216
315,97,130,239
318,114,117,220
317,100,122,229
325,106,118,231
323,105,125,228
326,115,122,214
323,120,128,209
326,118,129,211
327,104,129,222
325,129,146,201
324,117,154,218
326,108,137,224
329,115,134,213
324,117,156,216
321,110,152,218
319,119,171,214
334,107,130,227
323,113,163,219
333,137,147,198
329,122,167,212
328,129,169,213
338,149,172,199
307,126,185,202
323,115,161,223
320,130,159,197
323,126,185,208
326,119,169,219
304,99,190,235
322,124,171,213
303,137,205,187
295,142,214,182
302,131,202,196
320,114,179,226
314,132,177,196
327,128,178,207
315,116,199,222
315,100,175,240
322,132,142,210
320,121,184,225
328,109,158,234
332,118,158,226
331,130,153,211
325,100,171,235
333,117,160,230
336,104,138,244
323,128,161,214
337,128,136,219
335,149,156,192
328,128,163,212
338,126,145,219
347,126,139,222
346,132,134,215
334,154,175,188
351,158,141,189
358,179,115,155
356,168,123,166
352,172,148,160
357,188,124,149
363,195,122,142
367,219,90,115
371,231,79,97
374,237,71,90
376,238,65,88
377,236,65,96
381,235,61,94
380,234,66,99
383,231,65,96
386,228,61,99
388,235,59,96
390,239,56,90
392,245,54,84
391,242,58,87
394,233,55,88
394,241,55,81
393,235,57,88
394,235,57,88
396,238,54,83
396,232,56,89
398,235,54,90
395,226,65,97
393,212,82,103
399,220,73,95
394,219,80,96
402,210,67,110
404,212,66,98
402,212,68,100
399,217,82,94
380,207,90,111
388,209,85,96
398,203,73,113
400,208,68,106
392,211,73,104
399,213,76,99
403,200,65,108
406,209,58,101
400,215,61,94
406,214,55,97
401,213,62,90
397,214,63,90
394,217,66,91
392,215,71,97
390,210,72,94
382,208,84,103
392,199,66,115
390,206,70,106
390,210,68,95
382,213,76,94
382,206,75,94
374,211,89,92
373,204,86,95
379,203,79,99
385,198,76,108
389,198,67,109
384,197,73,107
389,202,66,102
383,203,73,95
389,210,67,81
392,214,62,72
391,210,62,79
401,215,52,70
402,212,49,66
405,210,43,63
408,212,40,63
408,213,41,54
409,212,38,56
408,212,38,56
409,210,38,54
409,211,38,56
408,213,38,53
409,212,37,57
408,211,37,60
409,213,36,57
408,214,36,55
407,211,37,53
408,215,34,52
407,216,34,48
405,215,35,49
407,217,32,43
410,214,27,47
411,215,27,47
407,214,31,49
410,213,30,49
410,212,30,51
404,208,35,55
403,214,36,45
403,212,34,50
405,212,31,46
406,211,29,50
404,212,35,56
405,211,34,60
404,203,35,68
404,207,35,65
404,204,33,69
406,207,35,65
401,206,40,66
400,205,39,67
404,205,38,69
402,197,34,71
402,198,34,74
401,201,36,72
402,201,36,70
402,199,34,69
399,204,36,63
402,204,34,62
402,205,32,65
401,207,33,62
401,208,35,64
400,203,34,63
402,208,28,56
400,210,28,52
400,214,28,50
396,207,28,51
396,209,28,52
394,211,30,51
394,212,31,47
393,215,32,43
388,204,35,53
389,204,34,54
389,209,33,50
390,207,31,53
387,206,35,55
386,209,37,50
384,210,37,49
382,209,39,51
385,208,35,52
382,209,37,50
382,210,36,47
377,207,40,52
375,207,40,50
379,207,32,50
374,206,40,50
378,210,32,45
373,208,39,49
376,207,34,53
377,209,33,50
367,204,39,46
371,205,36,51
373,204,33,52
372,204,30,53
367,203,35,52
362,204,38,50
366,207,34,46
361,204,39,50
365,206,35,47
358,205,40,46
358,204,38,47
358,207,37,43
359,204,34,44
354,203,36,48
355,206,34,45
354,203,33,45
356,205,31,44
349,205,37,43
352,201,30,49
352,202,29,47
351,200,29,47
351,203,28,46
351,205,28,45
350,204,25,46
348,203,30,47
350,207,28,44
349,201,28,47
348,202,26,46
347,203,27,44
344,203,28,47
343,203,28,47
335,202,33,45
336,202,30,47
336,203,28,47
339,205,24,44
334,203,29,45
333,203,28,44
333,204,26,43
329,205,27,43
326,206,29,37
325,204,31,40
320,204,35,38
322,203,28,39
319,204,31,38
320,202,29,41
318,203,28,44
320,203,25,43
319,202,25,44
318,202,22,48
315,203,25,43
312,204,26,41
312,206,26,43
312,208,26,37
310,209,26,38
305,207,29,40
302,210,30,38
298,207,31,40
292,207,33,42
287,207,40,41
282,207,43,43
275,205,48,50
275,205,46,49
272,203,48,53
273,201,45,53
276,206,42,49
270,208,43,47
267,206,49,52
269,209,44,44
276,212,40,42
268,212,41,43
270,210,43,44
258,211,50,45
262,206,44,51
261,209,40,51
270,210,32,52
261,208,38,53
263,206,36,55
262,209,36,51
265,210,35,52
264,210,33,54
257,213,40,53
254,203,42,53
245,204,51,58
242,207,48,57
244,208,53,57
241,211,53,49
235,209,50,51
245,211,48,54
236,215,53,48
236,212,54,50
231,207,57,57
231,205,62,63
228,210,70,54
214,210,82,50
216,211,85,51
233,211,70,57
234,209,59,64
239,212,45,54
234,211,54,57
236,212,49,59
240,213,53,54
230,217,55,44
231,211,57,56
232,203,62,62
234,198,59,73
228,202,62,74
220,198,75,80
211,201,87,81
202,206,99,76
206,200,103,87
190,212,113,76
194,209,113,82
188,212,107,77
196,208,104,83
193,217,87,79
200,215,68,83
203,215,75,79
204,211,65,95
203,219,67,82
204,220,62,84
204,222,61,84
208,226,58,79
208,229,58,79
210,230,57,81
211,232,63,80
215,233,59,79
216,230,57,82
216,230,62,83
220,229,58,87
219,231,65,86
221,230,63,87
224,230,59,91
223,229,62,94
225,229,62,93
228,233,61,91
232,236,58,86
230,232,62,93
234,235,59,91
235,236,63,91
236,237,61,93
237,238,68,88
241,243,61,83
244,243,60,86
249,241,56,94
248,242,60,95
245,231,70,106
250,236,64,100
247,236,71,102
247,234,80,106
247,224,80,118
251,228,78,112
252,230,80,115
257,233,77,112
262,238,80,109
265,239,80,104
263,242,86,109
267,240,83,108
268,241,85,110
271,241,86,111
276,247,84,107
283,250,80,104
284,248,86,109
291,250,77,109
294,250,75,110
293,245,74,113
297,244,74,116
293,247,89,114
298,249,83,111
300,247,86,115
303,245,87,116
283,229,86,101
257,221,113,106
256,219,127,119
256,226,140,107
261,223,149,116
257,233,165,105
274,228,153,119
268,223,166,121
278,225,166,125
274,232,177,116
291,234,164,112
259,224,186,122
274,231,193,118
275,230,189,114
272,224,186,124
269,229,192,115
272,217,188,130
272,227,179,116
282,235,203,111
273,230,206,119
269,234,218,111
271,239,236,112
277,226,217,127
274,229,221,125
281,231,212,117
280,231,221,119
289,238,206,113
289,236,215,117
277,225,222,127
287,231,234,121
302,231,216,126
299,223,228,130
298,230,230,128
299,231,245,129
301,234,239,126
298,236,239,117
304,224,251,131
305,213,241,138
304,235,244,119
327,215,238,138
316,232,243,119
333,240,238,120
323,217,238,137
345,229,227,125
356,245,231,106
319,244,254,104
337,243,273,112
317,244,309,114
325,235,324,128
336,224,290,148
352,193,285,176
332,188,327,176
331,224,311,132
343,218,315,144
347,203,295,158
359,228,288,131
347,222,299,136
365,248,266,110
335,246,315,117
356,228,290,146
359,247,311,124
342,257,309,113
342,260,265,112
351,254,235,113
364,259,218,112
376,254,187,111
386,263,154,99
389,253,135,107
409,248,130,114
401,242,128,131
419,242,134,126
403,253,130,119
409,268,145,93
415,268,145,89
410,270,157,91
410,267,152,90
431,261,157,100
450,255,159,111
441,263,162,100
437,265,183,101
