65,102,145,108
67,101,152,113
64,99,156,118
64,100,154,116
58,103,163,110
63,102,161,104
63,106,162,113
63,100,168,107
63,103,169,106
64,104,171,104
65,104,173,104
69,105,166,104
69,102,182,103
73,100,178,100
80,102,175,98
80,98,180,107
87,96,178,104
90,95,181,105
100,94,176,107
104,88,187,112
112,84,184,109
120,85,186,103
128,84,183,100
135,87,179,97
147,89,171,94
151,94,169,95
156,98,174,94
154,104,180,99
166,107,169,97
166,116,174,96
174,123,164,98
176,131,163,93
180,139,154,92
183,147,148,91
184,154,147,83
187,159,141,87
184,168,142,84
181,173,144,88
171,179,153,87
174,180,148,90
180,185,143,90
188,187,134,95
179,189,144,97
169,192,153,101
166,196,153,102
166,204,150,97
176,205,138,101
173,201,140,108
178,204,133,109
183,205,129,111
191,207,117,115
192,205,115,127
185,203,124,136
171,206,137,129
164,207,145,135
171,205,139,141
196,200,112,152
204,203,102,152
199,206,105,148
194,207,112,146
202,204,105,150
196,206,110,151
195,204,113,150
194,202,113,152
203,200,103,152
204,199,105,151
212,196,96,149
208,189,102,154
212,182,99,152
207,178,107,150
207,170,108,147
210,162,106,151
211,157,105,152
209,152,109,149
205,148,115,148
210,143,116,150
211,138,120,148
208,133,123,144
214,135,119,139
221,139,110,135
227,140,100,124
228,145,99,117
230,149,100,108
236,156,99,97
237,161,106,80
242,158,107,82
248,155,106,81
251,149,104,77
257,145,101,82
259,136,104,85
262,131,102,84
264,122,103,87
266,119,102,88
267,109,101,90
272,102,98,90
269,93,100,94
270,84,98,97
269,77,97,94
268,72,97,95
270,63,94,97
269,57,93,101
267,53,92,96
267,52,89,96
267,51,85,95
264,54,82,91
257,59,88,96
253,52,90,100
254,51,91,107
253,45,98,116
252,41,107,124
252,37,112,131
250,33,121,137
246,33,125,144
248,30,129,149
246,35,134,155
241,32,140,155
245,36,134,161
248,40,135,161
245,41,135,164
249,37,133,164
252,41,128,163
252,40,128,169
261,33,122,164
263,31,118,164
267,27,112,164
270,22,106,159
274,15,98,162
271,20,102,163
269,10,99,161
267,14,106,162
260,12,113,167
258,11,119,171
255,11,125,178
240,10,143,178
234,13,147,180
220,15,167,175
196,14,192,184
210,19,180,175
213,14,171,179
211,21,177,178
216,20,166,169
225,23,155,166
224,19,155,172
230,17,150,168
233,21,149,165
230,21,148,163
233,21,147,161
232,21,155,168
235,24,148,163
237,25,151,168
236,22,155,162
238,25,157,163
235,22,162,167
238,21,165,165
237,15,162,170
232,13,178,174
235,15,176,173
247,11,167,178
256,10,155,180
268,6,145,181
262,7,150,178
277,9,135,176
286,9,130,180
301,13,106,179
304,9,105,176
309,8,99,175
315,10,88,170
318,15,85,160
318,18,85,159
317,21,84,148
318,29,80,126
313,33,81,118
306,42,88,110
298,53,99,109
288,62,110,106
286,66,109,113
283,58,109,134
280,57,110,144
268,56,113,154
268,56,112,164
273,60,106,168
272,70,102,159
265,74,111,164
260,82,117,156
255,87,126,161
256,91,122,165
241,96,134,166
234,90,139,162
223,90,144,172
220,96,140,168
219,91,140,174
214,92,139,170
213,89,138,171
213,92,138,178
212,88,137,176
211,92,138,176
203,90,144,174
202,87,142,175
182,80,161,183
165,83,180,178
165,83,182,174
170,75,178,179
159,75,189,181
164,70,193,181
169,74,179,177
170,68,187,177
166,65,203,179
165,61,195,179
165,65,199,167
168,61,197,166
171,61,198,164
169,54,202,158
166,49,200,161
170,46,194,162
168,39,183,158
167,34,193,165
161,26,194,168
161,25,194,167
160,21,197,174
161,22,189,164
154,11,192,174
153,9,186,174
168,13,176,170
157,8,181,170
168,5,171,175
159,6,168,170
174,6,159,176
178,2,149,160
185,3,156,170
184,5,155,166
187,4,156,162
197,5,146,156
217,1,127,157
205,1,140,158
222,2,128,156
231,2,112,155
234,3,104,160
243,4,104,158
244,4,80,152
241,7,84,144
236,8,95,143
239,12,97,149
238,11,105,148
236,19,107,145
235,23,113,143
236,30,113,138
231,32,125,134
220,40,133,127
203,47,143,125
186,48,171,131
187,57,183,120
187,53,176,117
185,59,181,114
185,58,185,110
188,59,184,111
188,66,192,110
184,62,195,114
186,62,194,114
184,69,197,112
188,63,194,113
187,65,187,120
181,63,195,115
186,66,187,122
180,61,201,116
176,68,197,113
184,67,198,111
179,60,193,113
179,75,187,109
191,74,176,105
188,70,175,113
182,67,181,109
179,63,181,121
177,59,185,121
208,65,155,122
214,70,146,118
215,72,147,117
213,68,140,125
184,64,164,135
197,69,177,130
173,66,164,124
192,70,165,128
173,62,167,136
189,62,169,145
209,56,173,153
176,58,175,149
187,61,177,145
179,58,185,144
186,56,194,153
178,56,189,149
188,55,204,153
164,55,210,152
159,54,217,156
168,64,215,145
172,59,207,148
176,79,207,125
180,90,201,117
185,99,193,103
183,103,192,99
180,101,197,101
184,97,193,102
182,97,186,102
189,100,182,93
188,99,183,96
179,95,187,99
193,93,183,98
184,94,194,99
184,97,187,96
181,96,192,100
174,98,187,100
183,96,182,97
182,95,180,99
182,92,173,102
186,92,166,105
187,98,161,98
187,97,159,97
191,97,150,98
191,98,132,99
194,98,127,103
195,90,115,113
200,74,104,128
197,66,108,134
195,63,110,135
194,67,110,134
194,66,113,138
195,68,118,139
194,66,121,147
194,63,125,142
189,65,140,145
188,63,150,150
195,57,150,150
198,53,155,155
219,43,133,159
222,38,135,159
213,35,146,156
219,30,145,159
225,31,135,165
218,27,143,168
213,30,149,158
234,27,123,185
215,27,146,177
210,31,149,174
225,26,135,181
214,30,140,173
221,29,134,169
216,31,138,169
222,32,127,173
218,31,131,163
231,32,104,155
223,33,119,151
225,36,112,147
226,29,104,150
224,30,113,158
221,25,117,160
216,34,127,155
215,32,126,156
215,35,129,154
211,33,136,156
209,34,137,155
208,37,139,156
204,33,145,153
202,37,154,158
195,38,158,153
197,37,162,156
192,40,164,150
188,34,172,165
185,39,170,160
178,43,175,155
185,46,176,156
177,47,178,151
175,48,176,144
168,50,182,154
163,52,184,145
169,54,181,139
165,59,181,145
168,62,170,130
169,65,164,126
168,68,164,133
169,71,162,138
167,73,167,125
166,71,165,127
163,74,163,135
160,78,164,133
157,83,164,120
157,93,162,119
155,102,164,107
155,107,162,100
161,111,158,97
157,116,160,92
161,72,146,107
162,121,157,82
158,126,164,62
155,125,171,64
159,133,165,55
155,128,170,63
154,137,172,56
156,136,169,57
155,130,166,60
151,137,166,51
149,135,161,51
151,126,160,60
145,128,163,55
144,122,170,60
142,124,165,52
145,119,163,57
152,120,172,57
145,116,166,55
170,116,184,63
158,113,203,68
154,111,206,68
154,108,207,74
160,108,197,76
161,107,197,73
159,106,193,73
164,107,195,65
160,105,195,66
159,106,197,68
158,105,201,73
156,104,197,75
161,104,190,74
159,105,194,66
157,109,198,66
157,107,199,66
157,102,199,75
158,98,193,72
162,95,187,77
163,94,185,77
167,90,180,78
169,88,175,79
172,90,168,65
176,81,161,73
178,79,153,74
181,78,142,74
188,78,125,73
191,75,122,77
192,88,126,79
191,80,132,74
192,75,136,79
193,76,137,95
196,72,130,93
196,74,142,87
194,76,160,80
192,76,170,85
189,74,174,91
189,75,178,87
186,73,183,92
189,73,183,90
184,71,190,96
184,70,196,96
186,73,197,89
184,71,198,85
183,72,201,79
184,71,207,76
184,70,201,77
185,72,201,76
184,72,191,71
186,74,193,64
182,74,192,64
181,73,194,63
180,71,193,66
179,70,195,68
179,70,197,69
176,69,204,66
178,93,205,44
180,92,209,40
177,91,216,40
173,93,218,42
165,95,230,40
168,92,227,43
171,93,228,42
165,92,238,43
167,88,233,49
159,80,238,60
171,77,226,61
162,85,211,57
171,73,221,67
174,70,219,74
172,70,220,72
175,78,224,67
172,74,225,68
174,71,221,73
184,68,211,77
184,68,205,81
189,69,196,79
192,69,192,80
192,72,192,79
192,74,189,80
190,71,183,84
196,70,180,86
193,70,178,88
195,71,179,76
195,68,174,84
192,70,163,86
197,71,154,80
199,71,127,81
213,73,129,71
199,67,136,78
197,74,154,72
205,76,147,71
198,75,153,71
195,74,158,72
192,70,166,73
191,76,170,66
197,85,163,59
193,83,172,56
190,75,180,60
195,85,178,41
201,88,180,41
210,91,170,37
216,92,166,35
212,91,175,38
227,89,156,40
247,88,140,38
179,86,151,47
169,71,165,66
166,69,146,65
176,67,134,70
196,66,110,70
177,80,128,74
196,65,125,86
197,63,103,80
228,73,89,84
230,63,69,93
239,63,56,89
238,71,58,88
240,63,59,96
237,61,60,96
236,60,63,96
231,59,63,97
226,61,69,99
225,61,63,90
240,73,61,96
230,61,57,95
229,60,58,91
244,75,57,93
234,59,55,98
250,71,56,108
239,59,62,112
238,61,51,89
233,64,59,96
235,62,59,81
246,79,74,80
231,61,64,73
225,60,71,67
219,62,77,62
225,74,91,72
212,74,94,67
216,70,104,67
209,69,114,75
230,68,136,74
208,64,160,75
205,65,181,93
208,59,181,104
212,57,179,106
201,63,187,99
206,66,186,97
204,67,188,93
196,70,196,88
189,69,203,86
192,72,200,84
186,83,205,68
188,93,206,50
187,97,202,44
183,102,204,39
170,100,216,41
160,101,224,55
165,103,213,52
178,69,198,74
185,72,186,83
197,65,173,95
208,58,154,101
181,60,152,123
176,62,182,138
181,63,179,129
173,62,187,136
191,65,170,117
207,60,150,113
173,61,164,134
172,59,172,134
187,59,161,126
183,62,156,120
165,61,170,132
170,59,170,123
169,62,172,120
174,61,167,119
167,64,177,113
169,62,173,108
165,65,177,102
165,62,181,106
164,64,181,102
158,68,189,94
155,69,191,93
189,74,184,87
193,77,164,86
191,74,151,83
207,76,133,74
213,69,124,71
209,77,129,72
212,79,127,68
206,73,132,77
204,68,132,85
202,65,136,84
199,64,141,87
197,60,138,91
194,61,144,99
191,62,144,99
187,64,142,96
183,62,151,101
183,63,149,100
187,65,146,103
187,64,150,104
191,64,152,109
183,62,162,112
187,62,165,112
185,63,167,109
187,63,172,110
190,63,171,115
187,63,184,109
189,64,184,109
201,66,175,106
198,62,186,109
206,63,182,111
198,65,197,112
207,62,191,113
202,65,203,117
209,56,203,116
201,58,210,127
195,52,223,126
193,48,225,127
186,45,232,132
181,44,238,135
173,39,242,146
173,39,240,147
173,35,236,146
158,40,255,149
148,40,267,148
143,38,270,153
140,38,269,151
132,39,287,154
111,46,306,139
109,40,319,153
111,41,318,148
105,41,327,150
113,43,316,148
96,45,337,147
82,48,344,138
51,49,383,137
100,52,339,137
111,50,314,129
113,57,314,119
106,55,314,126
108,61,305,117
106,63,308,116
104,63,303,119
111,73,304,108
108,88,299,87
98,85,307,89
98,78,307,99
92,70,306,103
56,66,330,101
99,63,303,117
66,54,309,126
99,64,305,117
103,46,288,137
104,59,288,124
107,56,283,127
102,62,286,120
106,61,279,110
120,59,277,119
108,57,270,116
103,56,266,123
126,57,254,126
107,56,259,136
106,58,256,130
105,56,252,139
119,53,242,144
119,52,267,144
106,58,255,137
113,58,254,143
144,53,238,146
110,52,261,150
152,57,222,144
147,54,225,148
144,59,227,143
112,59,258,146
107,53,264,147
111,57,252,143
110,60,250,148
108,61,244,147
109,61,244,143
107,60,245,148
107,65,246,143
113,64,238,144
104,59,256,151
117,57,246,148
111,60,249,148
112,58,249,146
110,65,249,149
110,59,256,158
104,67,259,152
109,61,255,156
110,65,252,154
105,63,266,156
106,65,261,157
115,67,249,156
104,61,257,162
105,66,252,159
107,64,247,163
106,64,243,166
104,66,243,167
107,65,244,169
105,68,236,169
104,66,241,170
105,67,232,172
106,63,227,178
103,63,230,179
105,64,223,180
109,70,227,174
105,66,231,180
110,68,230,174
117,70,228,163
111,66,233,168
121,66,236,168
118,67,232,164
120,72,239,167
123,61,242,166
112,57,257,174
112,66,250,165
109,63,241,173
128,65,222,169
115,65,232,171
125,62,228,167
110,61,233,173
110,58,236,179
109,61,235,176
114,60,224,175
115,63,221,172
113,60,221,173
111,58,226,172
114,59,219,173
111,62,226,168
109,58,218,169
108,58,217,169
117,58,211,168
117,62,197,161
115,55,208,161
114,64,213,158
112,62,209,155
114,60,216,159
109,58,219,155
108,57,222,168
109,55,227,165
108,55,219,159
106,55,224,162
102,55,230,165
104,53,234,168
99,54,227,160
107,53,224,166
105,53,210,167
111,54,216,161
103,51,213,169
103,51,216,166
103,52,215,167
101,50,217,171
103,51,213,173
105,50,205,174
106,52,207,173
110,55,203,172
102,58,217,167
103,58,216,170
102,58,217,171
103,55,221,170
106,57,221,172
106,55,225,167
108,62,230,169
106,59,238,174
106,58,241,170
110,58,242,172
111,59,245,164
116,62,249,163
112,59,252,164
109,61,258,162
120,56,260,160
117,63,250,155
118,53,252,157
121,62,249,153
121,51,253,162
126,60,251,155
125,50,257,161
131,59,249,155
150,48,235,172
137,57,248,167
151,54,230,169
159,57,219,180
167,56,204,186
164,56,205,196
159,60,205,195
148,56,213,197
124,57,225,199
127,55,221,202
134,55,205,207
133,61,197,203
137,63,194,207
148,59,171,208
150,58,160,207
149,63,156,183
150,61,156,183
152,68,153,181
152,69,145,186
155,74,139,181
153,72,143,161
153,70,146,170
151,61,150,166
151,60,154,169
153,49,168,168
150,49,173,169
149,50,181,161
145,43,191,167
143,42,193,169
134,43,199,160
136,47,200,162
130,46,206,167
125,67,208,159
117,69,229,151
103,75,241,155
98,92,251,138
97,96,259,148
95,71,255,185
93,67,257,203
95,66,259,214
91,66,263,211
109,64,245,227
140,70,214,228
140,70,215,232
171,80,183,224
160,75,199,249
97,35,227,217
94,71,225,181
87,99,189,158
149,102,152,178
160,111,123,173
171,115,111,192
175,126,112,184
170,137,118,181
169,144,118,181
155,152,138,178
157,157,141,184
159,167,138,184
155,153,146,177
157,179,141,180
155,175,147,148
154,179,146,134
157,181,141,105
157,181,145,94
156,183,144,85
160,180,137,100
159,180,139,87
160,178,136,86
156,175,134,92
153,173,133,99
151,170,129,98
154,168,121,99
155,165,115,104
158,165,108,106
163,169,97,106
162,172,93,109
162,179,90,102
163,186,83,105
165,194,81,105
