270,161,76,92
268,158,75,93
274,161,72,89
268,164,78,94
269,157,78,95
269,165,76,92
270,160,75,96
268,163,81,90
267,157,78,92
270,163,81,90
276,160,75,94
279,158,74,90
285,164,71,93
289,163,69,88
292,169,69,88
292,166,67,85
290,170,64,89
289,172,66,85
288,170,65,86
287,172,64,85
288,173,65,87
288,172,65,84
288,173,66,81
287,168,64,84
284,169,66,84
279,168,66,86
281,168,65,82
280,168,65,84
283,168,65,85
282,168,66,81
287,168,65,86
286,169,64,88
292,176,65,80
289,178,65,86
295,177,63,84
293,180,65,82
296,178,65,79
296,176,65,82
297,171,65,82
298,171,65,82
298,167,66,81
299,166,65,81
304,163,63,83
304,169,65,83
304,167,64,82
306,172,67,81
305,169,64,82
305,173,66,81
305,173,64,81
305,174,64,81
303,171,66,83
303,175,65,79
301,172,67,84
301,172,66,82
300,170,65,83
299,174,65,81
298,171,63,82
297,172,67,83
295,171,66,83
292,175,66,83
292,174,63,83
289,176,65,85
288,178,66,81
293,183,65,79
291,181,60,86
290,183,62,84
287,183,63,81
284,185,62,80
286,184,64,83
286,190,64,77
281,190,69,79
283,193,77,80
277,191,76,81
280,194,80,77
276,194,84,79
276,197,92,79
273,197,104,84
275,197,105,80
275,197,117,83
269,193,137,88
263,193,155,89
261,195,149,88
255,195,152,98
250,189,156,108
268,190,152,104
260,189,169,104
260,191,180,100
259,189,185,104
256,191,190,105
259,191,185,102
260,193,182,103
248,194,186,104
246,194,177,106
239,193,178,103
231,196,172,97
234,196,159,92
219,200,169,91
215,198,172,97
208,200,171,99
203,193,176,107
198,196,175,107
193,197,179,100
201,195,166,103
191,192,176,107
192,187,177,107
199,187,173,113
194,190,178,108
198,186,176,103
202,185,171,108
208,181,168,107
201,191,179,106
210,189,174,102
211,189,179,105
215,184,178,104
214,190,185,104
221,186,175,104
223,190,170,102
221,188,172,102
223,193,169,99
220,189,170,99
220,187,168,96
224,187,166,99
223,185,170,94
216,184,167,97
222,179,173,102
226,178,160,100
233,183,170,99
231,184,164,95
235,185,159,100
239,190,158,91
240,189,161,92
241,190,155,94
244,191,160,90
243,192,157,89
248,195,153,85
247,192,147,89
247,189,147,95
252,190,145,96
255,188,142,91
259,189,133,93
264,186,130,90
260,186,133,95
267,187,126,90
266,186,129,92
268,183,125,91
270,189,122,94
269,185,125,89
267,185,122,90
270,185,115,91
271,190,114,89
273,185,112,93
271,190,114,96
269,188,116,94
267,187,113,92
263,194,115,92
262,191,116,96
258,193,115,93
257,192,114,96
265,192,99,97
260,189,101,97
264,189,99,96
258,190,99,100
259,188,98,101
258,190,95,102
261,187,90,105
259,187,90,106
261,189,89,103
257,187,88,109
257,180,86,106
253,188,90,103
252,178,87,107
253,181,85,103
253,183,82,99
252,180,86,98
247,179,88,92
252,179,82,99
247,177,85,98
249,178,84,93
248,180,79,92
247,179,82,90
249,180,77,92
246,180,81,95
244,183,79,94
245,181,79,97
244,185,80,94
245,188,78,95
243,187,78,92
245,187,76,92
240,187,78,93
243,184,80,91
244,188,75,89
244,188,77,90
244,185,76,91
247,183,76,92
244,189,74,90
249,186,79,92
256,189,75,88
253,189,74,89
253,186,74,88
256,188,76,89
257,187,75,88
256,187,79,90
258,188,76,90
258,187,76,93
259,192,79,87
262,188,75,89
259,191,75,92
262,192,75,88
261,192,79,89
259,193,80,89
262,193,78,89
265,193,79,91
260,193,82,91
259,191,79,91
265,189,80,92
259,193,81,92
271,195,77,86
267,193,76,91
268,191,82,93
273,192,76,90
268,192,77,93
269,191,76,95
273,190,76,91
271,189,73,92
272,191,72,84
269,188,74,89
272,186,77,89
270,184,77,87
271,185,75,92
270,188,74,88
272,188,74,91
270,191,78,90
274,189,75,88
273,194,77,86
279,190,76,86
279,191,77,84
281,192,77,91
284,194,83,91
290,196,84,92
293,195,90,94
295,195,91,96
296,197,97,95
291,198,100,92
298,194,104,95
298,196,108,92
299,192,112,95
303,194,117,90
297,194,118,94
298,194,127,101
293,194,132,103
291,197,139,105
295,194,147,100
292,196,144,103
295,192,151,100
301,194,153,99
301,192,153,101
304,193,158,95
302,193,166,96
309,195,168,97
311,192,171,100
313,194,170,98
315,195,171,99
320,194,175,101
320,192,180,103
321,189,182,100
321,185,185,99
323,184,187,100
319,182,190,103
314,181,200,98
314,183,199,97
306,182,205,99
305,182,209,115
303,182,208,115
302,183,209,115
303,183,207,111
304,185,216,113
305,184,211,113
305,185,218,115
297,186,227,111
298,184,224,110
298,182,219,113
299,178,222,115
294,178,221,115
298,177,222,113
303,174,220,113
308,174,218,112
309,172,219,110
315,170,217,112
311,169,216,106
320,175,211,101
319,170,220,104
315,174,225,103
312,174,232,115
318,176,232,109
319,174,227,106
322,180,233,109
323,178,234,111
328,175,230,115
332,180,228,115
339,178,216,110
333,175,219,114
328,182,229,114
327,178,220,113
323,176,226,111
328,176,207,114
323,176,220,115
318,176,216,114
310,175,212,113
316,177,202,116
301,177,213,110
302,176,205,113
296,177,207,113
289,177,204,114
289,174,193,109
281,174,198,112
280,173,195,110
276,169,188,110
267,165,192,114
264,164,188,113
256,169,186,121
247,169,191,113
239,164,195,117
237,168,189,114
227,167,183,115
229,167,177,111
222,170,179,113
216,168,178,116
211,164,176,116
212,168,172,123
209,169,171,111
207,170,167,114
202,164,168,119
198,164,175,114
196,162,171,119
193,160,170,115
196,164,168,119
194,160,166,118
192,157,169,117
190,154,173,117
190,157,172,116
192,154,172,116
192,154,171,124
194,158,168,119
193,159,171,119
193,162,170,119
197,164,167,118
197,166,176,119
197,164,164,114
197,165,170,122
198,163,170,117
198,162,173,118
192,161,174,117
189,166,178,117
197,167,168,111
194,166,171,114
198,168,170,118
198,166,171,113
200,171,168,116
194,166,165,119
197,169,175,115
195,171,171,116
201,168,168,118
200,175,168,119
205,175,167,114
213,171,164,112
210,178,165,116
211,175,171,110
223,177,167,111
226,174,171,114
231,175,167,115
237,178,176,116
243,180,174,109
255,184,166,116
258,181,168,113
260,180,168,115
270,182,163,112
276,185,165,114
275,184,172,111
279,181,164,109
282,187,165,111
283,181,171,112
290,181,164,108
291,180,167,111
294,184,166,111
300,182,164,108
300,187,164,114
298,185,173,111
301,187,164,118
305,195,161,114
302,194,166,112
305,198,163,113
305,197,164,109
305,198,167,112
303,202,162,110
308,202,159,109
303,202,165,107
301,199,160,109
300,201,166,116
301,201,166,110
306,199,162,109
297,201,167,104
296,199,167,115
300,199,165,109
299,200,163,114
296,200,163,110
299,199,162,110
303,203,159,106
299,201,163,108
297,201,160,107
300,200,164,116
300,201,158,106
297,204,168,112
294,201,175,116
291,206,173,115
289,204,176,110
292,205,175,109
289,204,166,107
281,202,177,112
280,205,174,110
275,207,180,113
276,204,173,108
268,205,180,113
266,203,177,108
271,203,176,116
266,200,177,111
267,201,177,110
265,203,177,110
265,200,174,114
267,205,171,115
266,202,177,112
258,200,176,110
262,201,175,110
260,204,173,114
256,205,180,111
257,204,177,112
258,203,176,113
256,208,178,114
252,206,177,108
254,206,174,111
254,205,182,109
254,205,171,112
255,202,177,114
252,203,175,115
254,202,174,113
251,201,180,114
249,201,175,110
250,201,173,117
247,199,177,114
245,200,179,111
