519,241,23,28
520,239,22,30
522,239,19,30
523,239,19,31
523,239,19,31
524,240,18,30
524,241,17,30
522,242,20,27
524,242,17,28
521,242,18,28
520,240,23,29
522,240,21,26
523,238,18,29
524,236,20,30
525,236,17,29
525,236,17,29
520,232,20,32
516,229,22,29
515,234,21,27
515,234,21,27
515,234,21,27
515,234,21,27
498,208,20,28
486,193,25,24
480,186,26,28
468,211,28,23
462,207,26,27
457,208,22,24
445,181,24,25
447,129,22,28
449,133,18,29
447,133,19,27
446,133,22,27
446,135,21,25
445,135,23,27
445,132,24,30
445,135,22,28
445,135,23,28
445,134,22,28
443,133,24,29
445,133,24,28
445,133,23,28
446,134,22,27
445,135,23,27
444,134,24,28
444,135,24,27
442,133,26,30
444,136,24,26
445,134,23,27
443,135,24,27
444,135,26,26
442,134,27,27
443,135,26,26
445,134,23,29
445,134,21,30
445,135,23,28
445,134,23,28
443,133,25,31
446,133,22,29
445,137,23,24
445,137,22,23
444,137,23,24
443,136,24,24
444,136,24,25
445,135,23,26
445,135,22,28
445,134,23,28
446,135,22,27
445,135,24,27
445,134,23,28
443,135,24,28
444,135,24,26
445,135,22,26
445,135,23,27
445,133,23,30
444,135,25,27
446,137,22,26
446,135,22,28
445,135,23,28
445,135,23,28
445,135,23,27
443,134,25,27
444,133,25,28
445,135,24,27
443,136,25,27
443,136,25,25
444,135,24,25
444,134,24,27
447,138,20,23
445,136,22,23
446,137,21,24
445,137,22,25
444,136,24,25
447,134,21,29
444,133,23,29
444,135,24,27
443,135,25,26
444,134,24,28
443,135,24,27
444,134,24,28
444,135,24,28
444,134,26,28
445,135,23,27
445,133,22,29
445,133,23,30
444,133,25,30
443,133,26,30
445,134,23,26
444,134,24,27
445,135,22,26
445,134,22,27
445,137,22,25
446,136,21,24
446,137,20,25
444,133,23,29
445,134,23,27
445,136,23,23
445,134,22,26
445,136,22,26
446,134,21,29
447,134,20,28
445,135,22,27
446,136,21,26
446,135,21,29
445,135,22,27
445,135,23,27
445,136,24,26
443,135,25,25
442,133,27,28
444,133,23,30
444,134,24,29
445,134,23,30
443,135,25,28
444,134,23,29
445,135,23,27
445,135,23,27
444,135,24,27
443,133,26,28
444,136,25,26
445,134,23,27
447,136,20,26
446,134,21,29
446,133,21,30
445,135,22,26
445,135,23,27
444,136,23,27
446,135,22,27
444,136,24,26
445,135,22,28
445,135,23,29
445,134,22,29
443,136,26,25
445,135,22,27
446,135,22,27
443,134,25,26
443,134,26,27
444,135,25,28
444,135,25,27
445,136,23,26
445,134,23,29
443,134,27,29
444,135,24,28
442,135,27,26
443,133,26,28
445,135,24,26
445,136,23,26
445,135,22,26
445,134,23,27
444,133,25,30
444,132,24,31
444,134,25,28
445,135,24,26
445,133,23,29
444,133,25,31
445,133,23,30
444,135,26,27
443,133,26,31
443,133,26,29
445,134,23,28
444,135,25,26
444,135,25,27
444,135,24,28
444,135,24,26
445,136,23,25
444,136,24,26
446,136,22,27
446,134,21,27
446,136,21,24
444,136,22,26
445,135,21,27
444,136,24,25
445,137,22,25
444,136,23,25
443,134,26,28
444,134,24,29
446,134,22,30
445,135,22,28
443,135,25,27
443,131,26,31
445,133,23,29
446,135,21,27
446,136,21,26
445,136,22,28
445,135,22,28
445,135,23,27
444,135,24,26
444,135,23,25
443,136,26,25
443,136,26,25
444,135,25,26
444,136,24,25
444,136,23,25
444,136,24,23
445,136,22,25
444,136,23,26
444,136,24,24
445,136,22,25
446,134,21,27
445,135,22,26
444,134,24,27
444,135,25,27
445,135,24,27
444,135,23,27
444,135,25,27
445,136,23,26
446,135,21,27
446,136,21,27
445,135,22,26
445,136,23,25
444,136,24,26
445,134,22,29
444,135,24,27
445,135,22,27
446,134,22,30
444,134,24,26
445,133,23,28
446,135,22,27
444,135,23,26
446,138,20,24
445,136,22,26
445,136,22,25
445,135,22,26
443,133,25,28
443,134,26,28
444,135,25,28
444,134,25,28
445,134,24,28
444,135,24,27
445,134,24,28
446,135,23,27
445,135,23,26
447,134,21,27
450,135,16,26
451,134,17,28
450,135,18,24
450,135,17,22
452,138,15,24
451,136,16,25
450,135,17,26
449,136,18,24
448,137,18,22
449,137,18,23
448,135,18,26
447,134,20,27
446,134,21,28
445,135,21,27
444,135,23,26
446,138,21,22
446,136,21,25
445,134,23,27
444,135,23,27
444,135,23,28
446,135,21,28
446,135,22,27
444,133,24,28
445,134,24,28
444,136,25,25
445,135,23,27
445,135,22,27
446,135,22,25
445,135,22,26
445,135,22,27
447,136,20,27
447,135,20,28
445,133,23,30
445,134,24,28
446,134,22,29
446,137,23,26
445,135,23,28
445,135,23,26
445,135,23,27
445,136,23,27
446,136,21,26
446,135,21,27
446,134,22,29
443,134,25,25
447,136,21,25
445,135,23,26
446,137,22,23
446,138,21,23
445,136,22,25
445,137,23,23
444,135,24,26
445,134,22,27
445,134,22,28
446,137,21,25
445,137,22,24
445,135,22,27
444,134,24,28
445,134,23,27
445,134,23,26
444,135,24,26
444,136,23,25
445,136,23,25
444,135,23,26
444,136,24,26
444,135,24,27
445,135,23,28
444,135,26,26
444,133,24,29
445,134,24,28
442,134,27,29
444,134,26,26
444,136,25,25
445,136,23,25
444,135,23,26
445,137,22,24
447,137,20,24
445,135,22,27
446,136,22,27
446,134,20,29
446,136,21,25
446,135,21,28
446,135,21,27
446,136,20,25
446,135,21,26
446,136,22,25
445,136,22,26
445,137,22,25
445,135,22,25
446,135,20,27
445,134,22,27
444,134,24,26
443,134,26,27
444,134,25,29
444,133,24,29
446,136,22,27
445,134,22,28
445,134,23,28
445,134,23,28
444,135,24,28
445,135,23,28
444,137,24,23
444,134,24,27
443,135,24,27
445,135,23,26
444,136,24,25
445,137,23,23
447,135,20,27
445,135,22,26
447,136,20,25
446,135,21,27
444,136,23,26
444,135,23,27
445,135,22,28
447,135,20,27
447,136,19,27
445,134,23,29
446,134,22,29
444,134,23,28
444,135,24,27
444,134,25,27
446,137,21,23
446,137,21,25
445,136,21,26
444,135,23,27
445,134,23,28
448,137,20,23
446,135,21,25
445,137,22,25
446,134,21,28
446,136,22,26
445,135,22,27
446,137,20,25
447,136,20,26
446,135,20,26
445,136,23,26
444,135,24,28
444,135,24,28
445,135,22,27
445,135,23,29
445,135,23,28
445,135,23,28
447,135,20,25
443,136,25,24
444,136,25,24
446,135,21,27
445,135,23,27
444,135,24,26
442,134,26,28
443,134,25,29
441,133,28,31
441,132,29,29
443,134,26,27
445,135,24,27
444,132,24,31
446,133,23,30
445,136,23,26
446,135,22,27
446,135,22,27
446,136,21,27
445,136,22,26
444,134,23,28
445,136,23,25
444,135,24,26
444,135,25,26
444,134,25,27
444,135,24,26
444,136,24,24
445,135,22,26
445,136,23,24
446,134,22,28
445,134,23,28
447,136,20,24
448,137,19,24
448,137,18,24
447,136,20,26
446,136,21,25
445,134,21,28
445,135,23,27
444,135,23,27
445,135,23,27
445,134,22,28
445,134,23,28
445,134,23,28
445,137,23,23
445,137,22,24
445,135,23,28
447,135,20,27
446,135,22,27
447,134,21,28
445,136,23,25
445,135,22,27
445,135,24,28
445,135,24,27
444,135,24,26
445,135,23,27
445,135,23,27
445,136,22,25
446,136,22,25
446,137,22,24
446,134,22,28
446,134,21,27
443,135,25,25
444,136,23,24
446,135,22,27
445,134,22,27
445,134,22,29
444,134,24,29
444,136,24,27
445,135,23,27
443,133,25,30
443,134,25,27
444,136,23,24
444,135,25,24
444,135,24,27
444,134,24,28
445,134,24,30
446,135,20,26
445,136,22,25
446,134,21,28
446,134,21,27
444,134,24,27
446,135,22,27
444,135,23,26
445,135,23,25
445,138,22,22
444,136,25,25
445,134,23,29
444,135,25,27
445,136,23,25
445,135,22,26
446,136,22,26
444,136,23,25
445,137,22,24
445,135,23,27
445,134,23,29
446,136,22,25
447,134,20,27
446,136,20,26
447,136,20,26
445,137,22,24
445,135,23,26
446,136,22,25
445,136,22,25
446,133,21,28
445,136,22,26
446,137,21,22
446,137,22,25
444,137,24,24
445,135,23,27
446,134,21,29
446,134,22,29
446,136,22,25
446,136,21,26
445,135,23,28
444,134,23,27
444,136,24,25
445,136,23,26
445,137,22,23
446,134,21,27
445,136,24,25
446,136,21,27
446,137,21,27
446,136,21,26
445,135,22,27
444,134,24,28
444,135,23,29
445,133,23,28
444,133,24,28
444,134,25,28
445,135,22,28
445,136,23,26
445,135,23,27
446,136,21,25
445,135,22,27
445,135,22,27
443,134,24,28
445,134,23,29
444,135,24,29
442,133,27,32
442,133,27,30
443,131,26,33
444,132,25,30
443,133,26,28
445,134,23,29
443,135,25,26
443,134,24,27
443,134,25,30
445,134,23,30
444,136,25,26
444,135,24,27
445,135,23,28
446,134,22,28
446,135,22,27
446,135,22,27
444,133,23,28
444,135,24,25
445,136,23,26
446,133,22,30
444,134,24,29
444,133,24,31
445,131,24,32
445,133,23,30
444,134,24,28
443,133,26,29
443,134,25,27
443,133,25,29
444,133,25,30
446,135,23,27
444,135,25,26
444,134,25,27
444,134,24,29
445,135,23,27
444,136,24,26
443,135,25,27
442,136,26,25
444,135,23,27
444,136,23,25
446,136,21,25
445,134,22,28
445,136,23,25
445,135,22,26
445,137,22,26
444,136,24,25
444,134,24,26
443,134,26,26
444,134,25,29
444,134,24,29
445,134,23,30
446,135,22,28
444,136,24,23
446,135,22,26
445,134,23,27
444,133,24,30
445,134,24,29
444,134,24,30
444,134,23,28
445,135,22,27
446,135,22,26
446,136,21,26
445,135,21,27
443,135,24,26
444,136,24,25
444,136,25,25
445,136,23,24
445,135,23,26
444,136,25,25
444,135,24,27
446,134,22,27
447,137,22,24
446,136,22,26
445,135,23,26
445,136,22,24
446,136,21,25
445,136,21,26
444,136,23,26
445,136,22,25
446,135,21,28
444,134,24,28
444,134,23,29
443,135,25,27
444,136,24,24
444,136,23,25
446,135,21,27
444,135,24,26
443,134,25,29
443,134,24,28
444,136,24,25
445,135,23,27
444,134,24,30
446,136,22,25
443,135,25,26
444,133,24,28
443,134,26,27
445,135,23,27
445,135,23,28
446,134,22,28
445,134,22,29
443,135,25,27
446,136,22,26
444,136,23,27
444,134,23,27
446,136,22,26
447,135,20,26
446,138,20,22
446,137,21,23
448,137,19,24
446,135,22,27
446,137,21,24
445,135,22,25
445,136,23,25
447,136,20,24
445,133,22,28
447,134,21,28
445,135,23,27
445,135,23,27
445,131,23,32
444,134,24,27
446,135,20,25
445,136,22,26
446,134,21,28
445,136,22,26
445,134,23,27
444,134,24,28
443,135,26,27
443,133,25,29
444,133,24,29
445,133,23,29
445,135,23,27
442,134,27,27
445,136,24,25
444,135,24,26
445,135,22,26
445,136,23,26
445,134,24,28
445,133,23,28
446,134,22,28
443,134,25,29
444,133,24,29
443,133,26,29
442,132,26,30
443,132,25,29
444,134,25,27
444,136,25,24
444,134,25,26
444,134,24,25
446,136,22,25
446,136,20,25
447,135,20,26
446,135,21,27
445,136,23,24
446,136,21,26
446,137,21,25
446,133,21,27
446,136,20,25
447,135,20,28
445,133,21,31
443,134,25,28
444,133,25,30
444,134,25,28
444,134,24,30
443,133,26,29
443,134,26,30
443,135,25,28
444,135,23,26
444,133,24,29
445,135,23,26
444,134,24,27
444,134,25,29
444,133,24,29
445,135,23,27
445,134,23,29
445,135,22,26
445,135,23,27
445,134,23,28
446,135,21,27
447,134,20,28
444,135,23,27
445,135,22,27
445,134,23,27
447,135,20,28
446,135,21,27
444,135,23,26
444,134,23,28
444,134,24,27
444,134,24,27
444,133,24,31
446,134,22,28
446,136,22,27
443,134,25,30
444,135,24,27
445,136,23,25
445,136,23,27
444,135,23,27
444,136,24,26
446,135,23,27
445,135,23,28
445,135,23,25
445,136,23,24
446,136,21,25
446,135,22,27
446,136,21,26
444,135,23,27
443,132,25,31
444,133,25,29
444,134,24,26
445,137,22,24
445,135,23,26
445,137,23,24
445,135,23,26
445,135,22,27
446,134,22,30
446,135,22,27
445,135,22,27
444,135,24,26
445,133,22,28
445,132,23,30
444,132,23,31
444,135,26,26
443,133,25,29
444,133,25,29
445,135,23,26
444,136,24,26
444,136,25,27
444,134,25,28
444,135,25,28
445,135,22,27
446,135,22,28
446,135,22,27
445,134,22,29
443,134,25,27
444,133,23,29
444,134,23,30
446,135,23,28
445,135,23,27
446,135,22,28
446,136,21,25
445,135,22,27
446,136,21,26
445,137,23,25
446,137,23,24
444,136,24,24
445,136,23,26
444,135,24,28
444,134,24,28
445,134,23,28
443,135,25,27
444,135,25,27
444,132,24,30
443,135,25,26
443,134,26,27
443,134,25,28
443,134,26,29
443,135,25,26
443,135,25,28
445,134,23,28
446,136,22,25
446,135,21,27
445,135,22,28
444,135,24,27
444,134,25,29
443,134,25,29
444,136,24,26
445,135,24,25
445,136,22,25
445,134,23,27
445,135,22,26
444,136,23,26
447,134,21,28
444,136,23,25
445,137,23,26
446,135,21,28
444,135,23,26
445,136,22,26
444,136,22,27
445,137,22,21
444,135,23,25
444,135,23,26
444,136,24,26
446,135,20,27
444,135,23,28
444,135,23,28
444,135,23,27
445,136,22,24
444,134,24,28
444,134,24,28
444,135,23,27
444,135,25,26
442,134,27,28
443,133,26,28
443,135,26,25
443,134,26,25
443,134,27,27
445,136,23,26
444,135,24,27
443,133,25,29
444,132,24,29
444,133,24,29
445,132,23,29
445,135,22,26
446,135,21,26
445,135,22,26
445,135,23,26
445,133,23,29
445,133,22,29
448,135,19,28
447,136,20,27
445,136,22,25
445,135,22,26
444,135,24,27
447,135,19,26
446,135,21,27
444,132,25,30
444,133,25,30
444,134,24,28
443,133,25,29
445,132,23,31
443,133,27,30
443,133,26,29
443,132,26,30
444,133,25,30
444,133,25,29
443,132,26,30
442,133,27,29
441,132,28,30
443,133,26,29
444,132,25,29
445,134,23,28
445,135,23,27
443,134,25,29
443,133,25,30
446,133,22,30
445,133,24,29
444,134,25,28
444,134,24,29
444,136,25,25
446,134,21,29
445,133,24,30
444,135,24,27
444,135,25,27
444,136,24,27
446,136,21,26
447,135,20,26
447,137,20,24
446,135,22,26
445,134,23,28
444,137,24,25
446,135,21,26
445,135,22,26
446,136,21,25
445,136,22,26
444,135,23,28
443,134,24,29
445,135,23,28
444,135,25,27
444,134,25,29
445,134,24,28
443,133,26,29
444,133,26,29
444,135,25,28
445,136,22,26
443,135,25,27
443,135,25,28
444,134,24,28
444,134,24,27
445,134,23,27
442,133,26,28
442,133,27,31
444,132,24,32
444,133,25,30
444,132,24,31
445,132,23,31
443,132,26,30
445,131,24,31
444,132,24,30
445,134,24,29
445,133,23,30
445,134,22,30
444,136,25,25
443,135,25,27
442,135,26,26
444,136,24,26
445,136,23,27
444,135,24,27
445,137,22,23
446,135,22,25
446,136,21,26
444,135,23,27
444,135,23,26
445,135,22,27
446,136,22,26
445,135,23,28
443,135,25,27
444,134,23,29
445,136,22,27
444,136,24,26
444,134,25,30
444,133,24,29
445,134,24,28
444,134,24,27
444,133,26,29
444,136,25,25
443,135,25,26
444,133,23,28
443,133,24,29
443,135,26,26
446,135,23,28
445,135,23,26
443,135,25,25
444,135,24,27
444,135,23,27
444,135,24,27
445,134,23,27
444,135,25,26
446,135,22,25
444,135,23,27
444,133,25,29
444,133,24,31
445,133,23,29
444,135,25,27
443,134,25,28
446,134,22,30
445,135,23,27
446,134,22,29
442,135,26,26
443,134,26,27
442,134,26,26
443,135,24,26
445,136,23,26
445,135,23,26
445,134,23,28
444,135,24,26
444,134,24,27
443,134,26,27
445,134,23,27
446,134,22,28
444,134,23,27
445,133,22,28
445,135,22,27
445,134,23,28
445,136,23,26
445,135,23,28
444,134,24,27
445,135,23,27
444,136,24,25
446,134,22,27
446,134,21,27
447,136,19,26
446,136,21,26
446,136,22,25
446,136,22,25
446,137,21,25
446,137,20,26
447,135,20,27
445,136,23,26
446,136,22,25
446,134,20,29
446,134,21,27
444,135,24,26
443,133,25,29
442,134,26,26
446,135,21,27
445,136,21,25
445,136,23,26
445,136,23,24
445,136,22,26
446,136,22,25
445,135,22,26
445,136,22,25
445,136,22,26
445,133,22,30
443,133,25,28
444,135,25,27
444,134,25,28
443,132,26,31
