454,209,60,39
458,210,52,39
460,210,49,39
457,210,54,42
458,210,53,44
459,212,48,43
457,212,53,36
457,212,54,40
458,212,51,37
459,211,46,34
458,214,54,28
457,215,56,31
455,210,55,36
459,212,52,38
459,214,52,37
459,214,53,37
460,212,52,35
456,210,52,36
456,212,57,37
457,208,56,44
454,212,56,39
452,211,57,42
456,210,52,43
457,213,50,42
459,213,50,35
458,214,52,34
459,214,49,34
455,211,57,36
456,211,52,34
459,210,49,36
458,209,50,35
458,208,52,39
457,207,54,39
459,208,49,36
456,206,53,36
455,209,55,36
462,208,46,37
459,206,51,42
455,204,54,39
457,205,53,38
458,204,51,40
455,204,51,35
455,201,54,41
455,197,55,45
455,196,53,45
456,197,54,50
456,198,49,46
454,198,55,40
455,201,57,39
455,197,57,42
458,199,49,39
455,195,52,43
458,194,49,42
457,195,51,42
455,196,51,40
458,195,50,41
456,197,50,39
455,196,52,36
455,197,54,34
456,194,49,39
463,197,44,35
459,195,44,38
456,195,50,40
454,192,54,48
458,195,48,44
456,195,46,40
456,195,50,38
455,197,49,37
453,193,51,42
454,195,49,41
452,195,55,42
454,198,54,36
452,204,55,33
455,200,50,37
453,199,52,39
450,206,57,34
451,201,55,40
454,199,50,44
451,203,51,41
453,205,53,38
454,204,52,42
451,202,55,44
457,200,49,55
457,201,49,57
456,202,49,58
457,203,45,56
453,204,51,55
458,210,43,49
458,212,43,45
455,215,46,37
457,215,51,35
455,217,50,36
455,218,50,33
454,214,50,39
455,217,50,39
459,220,49,37
454,221,53,30
453,221,54,32
451,223,59,36
453,222,54,37
455,225,51,36
459,225,46,32
458,224,49,35
457,225,47,35
461,227,44,33
461,228,44,33
460,229,46,33
457,229,52,33
454,229,54,35
454,230,55,33
452,234,60,33
453,233,56,34
456,233,51,32
459,235,50,32
457,235,50,36
456,234,52,35
457,236,50,33
457,235,50,38
456,236,51,35
456,238,54,35
460,236,47,39
459,236,50,30
459,238,51,30
460,237,49,35
457,238,51,38
452,240,57,33
454,241,55,34
455,239,55,38
454,241,54,39
459,238,47,43
461,241,42,36
458,243,48,33
456,242,52,38
457,243,50,38
454,244,54,37
451,245,60,37
456,243,53,37
456,243,50,38
457,245,50,36
454,244,53,37
456,243,51,35
455,244,49,36
457,242,49,36
457,241,47,38
461,242,43,37
459,242,46,38
461,242,44,42
457,240,50,39
460,242,45,32
459,241,49,29
459,238,50,33
457,236,50,33
456,235,51,31
456,233,51,31
457,232,53,31
456,232,58,33
458,229,50,30
459,229,53,30
460,226,46,33
459,224,48,33
459,220,51,32
455,219,53,35
457,218,50,39
462,217,42,45
458,212,48,42
461,214,44,40
464,213,39,46
460,208,42,42
459,210,45,38
463,211,39,35
460,210,45,35
458,208,48,35
453,207,53,35
449,202,57,38
450,200,54,44
450,197,52,46
453,196,53,48
450,196,56,49
450,194,58,44
451,195,54,46
452,193,52,45
452,195,54,45
455,194,49,44
453,197,54,40
455,194,50,46
452,194,56,41
454,196,49,39
451,195,55,41
456,194,49,45
452,193,59,49
457,194,49,45
455,194,54,47
456,190,51,54
453,189,57,61
449,189,59,61
450,190,61,69
451,189,60,61
451,185,59,68
446,188,70,69
452,192,73,68
447,190,74,64
453,190,69,67
455,189,60,62
463,186,49,65
462,186,48,65
459,184,50,56
465,187,40,55
463,184,45,59
463,183,45,65
463,181,46,62
463,186,46,55
462,184,48,59
464,184,39,56
461,184,47,60
460,181,48,60
463,187,41,54
458,183,44,58
463,184,42,57
464,180,41,62
463,181,47,62
463,185,49,62
462,185,49,60
461,185,47,53
463,186,42,49
463,183,40,50
464,181,35,52
466,183,35,49
467,185,34,48
466,182,36,49
468,183,32,50
467,184,33,49
467,185,31,48
467,185,32,47
465,183,34,49
467,184,30,51
466,185,32,52
468,186,31,54
468,185,31,54
470,186,29,52
470,186,29,56
469,186,31,55
469,186,30,55
469,188,29,49
467,187,32,50
468,187,29,54
467,188,29,50
466,187,31,53
465,187,31,52
464,187,34,51
465,188,33,51
465,187,33,51
466,187,33,52
467,186,31,52
466,187,33,53
466,186,34,52
465,186,34,52
465,186,34,54
467,185,33,53
466,185,34,53
466,184,35,57
465,185,33,50
463,184,34,50
463,186,35,49
464,187,33,51
465,189,32,49
464,188,34,49
464,188,34,50
463,188,36,50
465,190,35,51
464,187,35,52
464,186,34,52
466,187,34,55
463,187,39,53
466,187,34,47
464,186,36,51
462,184,40,54
464,187,35,51
465,186,32,53
463,185,34,53
464,186,35,56
465,186,34,53
463,186,35,53
464,188,33,52
466,185,32,53
464,186,36,53
465,185,35,56
465,187,36,54
463,186,38,57
462,186,38,58
463,185,37,58
466,189,32,56
468,189,31,55
468,189,31,56
466,188,34,55
464,187,37,56
465,188,33,57
463,187,37,57
462,188,35,57
464,189,36,57
466,188,33,60
464,187,35,59
465,187,33,63
465,192,32,56
466,191,32,57
464,196,34,48
465,195,33,49
467,194,31,52
468,196,30,51
468,197,30,47
467,195,30,49
469,196,29,49
467,197,32,48
465,193,33,52
466,198,33,46
465,200,31,43
465,201,31,42
465,197,34,44
465,198,35,44
465,198,37,45
462,200,41,43
463,198,37,42
468,204,32,39
468,199,34,44
467,202,33,42
465,199,36,47
464,200,35,43
465,199,36,44
468,200,34,43
467,203,35,37
464,202,41,36
468,204,36,36
467,203,34,39
469,203,31,35
467,206,35,31
468,207,35,32
467,209,36,30
467,210,38,30
463,213,36,27
467,215,38,25
470,215,37,24
464,218,35,24
466,223,33,20
467,220,34,22
468,219,32,24
469,218,32,24
470,217,29,27
468,219,36,24
469,218,37,26
465,218,32,30
465,219,36,28
465,219,37,30
465,220,39,29
467,217,36,34
467,213,35,41
468,217,32,36
467,217,40,35
465,217,42,36
464,217,46,34
463,217,45,37
467,217,41,40
467,218,38,42
467,215,37,48
464,214,41,49
468,217,36,43
465,214,37,46
467,218,34,38
464,215,40,44
465,215,42,42
467,215,40,43
470,210,32,52
469,208,32,52
465,211,41,47
466,214,38,44
467,210,35,44
465,214,42,41
462,210,48,48
466,212,41,48
466,211,40,48
463,206,46,53
466,209,40,47
469,212,38,39
468,207,40,47
468,207,38,49
469,204,37,54
468,206,35,51
468,202,36,54
469,205,35,56
467,205,41,55
465,202,41,56
462,205,46,55
464,204,44,56
463,207,46,51
464,205,43,48
468,204,36,57
468,202,38,58
467,203,36,54
466,203,36,53
465,204,37,51
464,203,37,53
461,204,41,53
459,200,42,60
458,201,43,56
459,201,44,57
461,206,40,48
457,205,45,49
462,203,38,50
465,205,36,49
465,198,35,51
467,200,37,53
466,201,35,56
466,198,37,59
464,194,40,63
464,201,38,59
464,196,37,60
465,205,37,53
464,201,41,56
465,198,38,56
464,197,41,61
465,198,40,61
467,198,35,59
467,202,36,53
467,202,36,57
467,198,37,59
469,200,33,56
470,201,32,56
471,200,33,57
471,199,33,59
469,198,36,56
470,200,34,58
470,199,33,55
468,198,36,57
469,198,33,59
469,199,34,59
469,198,34,60
467,197,37,57
467,197,37,61
469,196,34,56
468,199,35,52
468,200,36,55
468,199,35,53
468,198,33,54
469,195,32,58
469,197,33,52
470,197,31,55
471,196,31,53
470,196,33,55
471,196,32,59
470,199,32,59
469,193,34,62
469,195,35,61
467,198,38,58
466,197,38,59
466,195,37,63
467,196,37,62
467,196,39,63
467,194,39,63
468,192,39,67
467,193,39,68
466,192,39,71
466,196,40,62
468,196,37,61
468,198,37,60
467,201,38,57
467,199,37,57
470,201,31,56
468,199,33,52
467,199,33,51
469,199,33,49
468,199,34,51
472,202,31,50
470,201,32,54
467,198,34,51
468,195,32,56
468,198,32,52
467,200,32,50
467,198,33,55
466,199,34,53
465,197,37,57
464,199,36,58
465,202,34,58
465,204,30,53
464,200,31,55
461,204,34,54
459,202,34,58
457,200,36,62
455,204,34,58
458,202,30,57
454,199,33,62
448,205,38,57
448,201,34,55
447,205,33,56
443,200,36,62
441,200,37,69
438,202,40,64
430,203,37,63
431,203,37,61
427,206,38,57
425,200,38,63
417,204,42,53
418,200,35,59
417,204,32,64
411,206,33,59
410,206,31,58
404,206,30,59
400,202,36,61
397,208,34,58
396,208,33,60
389,210,39,54
387,207,38,56
384,209,39,55
383,209,37,52
381,210,36,51
382,210,31,52
381,208,31,51
381,208,29,60
374,208,34,54
372,206,33,57
370,204,32,68
365,204,37,65
359,205,45,66
357,208,48,63
352,201,54,72
343,200,65,72
340,206,68,65
339,211,64,64
338,209,63,66
343,206,55,62
338,211,58,59
345,205,63,68
346,201,49,70
345,205,50,65
339,201,54,66
344,211,50,56
340,208,46,59
335,204,49,66
340,201,41,66
336,203,45,68
340,202,42,63
339,204,44,62
337,202,45,67
335,202,44,68
333,204,48,65
335,201,43,63
334,205,47,63
334,202,44,66
337,203,41,71
334,202,42,68
333,199,42,71
338,205,36,63
332,204,39,64
332,204,38,62
331,207,37,55
331,211,37,53
331,207,34,59
331,208,32,65
327,202,35,64
329,204,34,61
328,205,34,58
328,206,35,57
329,211,35,52
328,212,33,45
328,211,33,49
328,207,31,56
329,211,32,53
328,210,35,51
328,208,34,56
327,209,35,48
329,213,34,46
332,210,29,44
331,208,33,51
331,206,31,54
332,209,36,49
332,208,33,44
335,205,32,52
335,206,33,53
337,208,33,51
338,208,33,48
339,208,32,51
340,204,32,53
343,204,32,55
345,203,33,54
347,205,33,53
347,199,34,60
352,204,33,57
353,206,35,53
354,205,36,54
357,209,32,50
359,204,32,57
363,204,32,61
366,209,29,54
366,206,31,57
370,202,30,62
371,205,33,58
378,204,28,62
378,204,31,59
380,206,30,59
383,202,33,63
384,204,35,58
388,208,33,56
391,207,30,57
396,202,29,61
395,208,33,55
397,209,33,54
403,207,32,56
404,206,37,61
408,209,33,55
408,208,37,53
410,206,43,57
414,206,44,59
422,204,39,58
425,203,44,63
421,200,42,64
424,203,48,67
412,201,64,68
421,209,62,59
404,202,73,66
401,199,78,72
424,207,72,71
403,202,81,69
400,210,94,58
421,217,77,47
433,212,66,59
411,200,75,64
398,196,87,67
414,204,89,65
437,216,73,53
420,208,77,59
406,204,90,64
404,205,101,65
402,200,110,71
404,192,105,82
410,189,109,90
403,182,119,92
413,214,119,94
432,181,103,97
428,164,90,102
439,199,94,89
425,186,109,91
418,183,105,80
423,170,100,90
433,196,102,79
418,183,116,88
435,165,112,108
436,161,104,103
433,158,109,100
423,191,124,75
431,175,120,81
429,168,123,88
441,191,118,92
437,182,129,86
445,166,125,95
443,173,122,88
444,168,123,93
460,163,111,94
456,186,120,89
464,169,112,97
463,197,124,92
451,185,137,95
457,167,130,111
461,171,129,101
468,169,117,106
476,170,114,97
466,164,130,99
472,170,130,100
479,173,130,97
490,164,112,111
506,155,89,118
505,154,100,123
514,164,92,103
519,159,86,103
517,167,94,105
520,159,93,102
510,184,114,86
508,165,111,99
527,163,92,100
538,158,75,109
552,151,63,114
551,152,65,97
542,171,67,93
551,156,73,104
542,155,87,111
553,149,76,114
552,152,78,111
552,153,91,113
542,151,110,127
546,157,103,114
551,153,100,115
551,152,98,104
550,170,105,97
556,149,96,107
560,153,90,113
561,155,89,97
548,180,102,85
542,171,108,84
545,158,115,101
551,156,116,113
560,157,102,106
566,148,95,122
574,149,88,118
571,148,95,119
574,151,95,117
573,145,92,124
576,144,92,115
582,138,85,130
589,141,83,128
581,138,87,126
583,144,81,124
581,145,85,122
589,143,76,110
590,146,73,116
589,146,75,115
589,145,78,115
601,144,64,121
598,146,71,111
596,145,77,112
593,141,84,125
596,146,79,108
598,141,77,111
590,140,83,117
588,141,99,119
591,136,91,120
596,139,88,119
606,140,76,111
609,143,74,103
613,139,72,101
622,143,60,114
631,139,51,103
632,139,53,108
633,139,54,92
638,140,49,101
640,140,48,87
643,138,48,72
646,140,44,83
646,139,46,89
642,137,52,87
645,140,51,98
647,139,51,90
647,136,51,73
654,144,44,64
654,144,44,64
658,140,37,61
656,139,40,55
659,140,36,54
659,142,36,54
660,142,35,52
657,141,37,48
656,142,33,51
656,141,34,50
654,140,34,51
652,140,32,54
650,141,35,55
640,141,43,58
643,139,38,71
641,141,40,63
640,142,38,62
633,144,40,62
634,144,36,59
634,142,35,58
624,144,41,62
626,143,38,66
622,146,39,63
620,145,39,63
618,147,37,60
616,147,36,60
615,148,35,58
615,149,33,55
603,147,43,54
600,146,44,50
605,148,36,46
