119,83,34,61
117,85,37,66
119,85,34,71
126,86,28,73
122,82,35,77
123,86,37,87
125,84,41,83
134,89,33,75
134,89,38,74
142,87,38,71
151,86,37,75
159,92,42,68
160,87,42,68
170,83,42,67
180,83,43,73
179,74,44,72
194,75,34,76
199,66,32,74
199,66,32,74
199,66,32,74
199,66,32,74
199,66,32,74
199,66,32,74
199,66,32,74
199,66,32,74
199,66,32,74
199,66,32,74
199,66,32,74
199,66,32,74
199,66,32,74
199,66,32,74
199,66,32,74
199,66,32,74
199,66,32,74
199,66,32,74
199,66,32,74
199,66,32,74
199,66,32,74
199,66,32,74
199,66,32,74
199,66,32,74
199,66,32,74
199,66,32,74
199,66,32,74
199,66,32,74
199,66,32,74
199,66,32,74
199,66,32,74
199,66,32,74
199,66,32,74
199,66,32,74
199,66,32,74
199,66,32,74
199,66,32,74
199,66,32,74
199,66,32,74
199,66,32,74
199,66,32,74
199,66,32,74
199,66,32,74
199,66,32,74
199,66,32,74
199,66,32,74
199,66,32,74
199,66,32,74
199,66,32,74
199,66,32,74
199,66,32,74
199,66,32,74
199,66,32,74
199,66,32,74
199,66,32,74
199,66,32,74
199,66,32,74
199,66,32,74
199,66,32,74
199,66,32,74
199,66,32,74
199,66,32,74
199,66,32,74
199,66,32,74
199,66,32,74
199,66,32,74
199,66,32,74
199,66,32,74
199,66,32,74
199,66,32,74
300,24,40,64
319,22,38,68
322,15,36,64
330,15,29,60
338,10,31,62
349,6,23,61
357,3,26,53
364,2,27,47
373,2,25,38
386,1,21,32
398,1,21,26
406,4,22,27
416,6,22,23
417,24,24,23
425,26,28,25
432,33,29,25
440,42,28,25
446,53,27,21
450,65,27,20
450,65,27,20
454,89,26,20
454,89,26,20
454,89,26,20
454,89,26,20
454,89,26,20
454,89,26,20
454,89,26,20
454,89,26,20
454,89,26,20
430,121,26,23
430,121,26,23
430,121,26,23
430,121,26,23
430,121,26,23
430,121,26,23
430,121,26,23
430,121,26,23
430,121,26,23
430,121,26,23
430,121,26,23
430,121,26,23
430,121,26,23
430,121,26,23
430,121,26,23
430,121,26,23
430,121,26,23
430,121,26,23
430,121,26,23
430,121,26,23
430,121,26,23
430,121,26,23
430,121,26,23
430,121,26,23
430,121,26,23
430,121,26,23
430,121,26,23
430,121,26,23
430,121,26,23
430,121,26,23
430,121,26,23
430,121,26,23
430,121,26,23
430,121,26,23
430,121,26,23
430,121,26,23
430,121,26,23
430,121,26,23
430,121,26,23
430,121,26,23
430,121,26,23
430,121,26,23
430,121,26,23
430,121,26,23
430,121,26,23
430,121,26,23
430,121,26,23
430,121,26,23
430,121,26,23
430,121,26,23
430,121,26,23
430,121,26,23
430,121,26,23
430,121,26,23
430,121,26,23
430,121,26,23
430,121,26,23
430,121,26,23
430,121,26,23
430,121,26,23
430,121,26,23
430,121,26,23
430,121,26,23
430,121,26,23
430,121,26,23
430,121,26,23
430,121,26,23
430,121,26,23
430,121,26,23
430,121,26,23
430,121,26,23
430,121,26,23
430,121,26,23
430,121,26,23
430,121,26,23
430,121,26,23
430,121,26,23
430,121,26,23
430,121,26,23
430,121,26,23
430,121,26,23
430,121,26,23
430,121,26,23
430,121,26,23
430,121,26,23
430,121,26,23
430,121,26,23
430,121,26,23
430,121,26,23
430,121,26,23
430,121,26,23
430,121,26,23
430,121,26,23
430,121,26,23
430,121,26,23
430,121,26,23
430,121,26,23
430,121,26,23
430,121,26,23
430,121,26,23
430,121,26,23
430,121,26,23
430,121,26,23
430,121,26,23
430,121,26,23
430,121,26,23
430,121,26,23
430,121,26,23
430,121,26,23
430,121,26,23
430,121,26,23
430,121,26,23
430,121,26,23
430,121,26,23
430,121,26,23
430,121,26,23
430,121,26,23
430,121,26,23
430,121,26,23
430,121,26,23
430,121,26,23
430,121,26,23
430,121,26,23
430,121,26,23
430,121,26,23
430,121,26,23
430,121,26,23
430,121,26,23
430,121,26,23
430,121,26,23
430,121,26,23
430,121,26,23
430,121,26,23
430,121,26,23
430,121,26,23
430,121,26,23
430,121,26,23
430,121,26,23
430,121,26,23
430,121,26,23
430,121,26,23
430,121,26,23
430,121,26,23
430,121,26,23
430,121,26,23
430,121,26,23
430,121,26,23
430,121,26,23
430,121,26,23
430,121,26,23
463,76,26,25
459,90,30,24
465,85,27,29
469,83,26,29
469,87,27,32
469,90,26,37
464,99,30,40
470,91,28,36
465,99,31,34
465,99,31,34
464,103,25,30
460,109,27,25
451,111,32,27
451,111,32,27
448,117,27,24
441,119,27,24
441,123,23,18
436,122,25,21
429,127,26,20
427,124,27,23
422,127,25,24
414,130,27,25
402,134,32,27
398,134,31,28
386,139,35,28
385,138,32,27
377,141,31,29
367,144,31,31
361,147,29,27
350,150,33,26
352,149,27,26
348,151,26,27
346,154,25,21
344,153,21,21
344,153,21,21
344,153,21,21
344,153,21,21
322,152,16,24
317,151,15,22
317,151,15,22
308,152,12,20
299,161,12,20
296,155,11,23
296,155,11,23
296,155,11,23
296,155,11,23
296,155,11,23
273,154,11,22
273,154,11,22
258,158,13,23
252,163,14,27
245,165,18,26
245,165,18,26
245,165,18,26
245,165,18,26
245,165,18,26
245,165,18,26
245,165,18,26
218,169,23,23
218,169,23,23
218,169,23,23
218,169,23,23
218,169,23,23
218,169,23,23
218,169,23,23
218,169,23,23
218,169,23,23
218,169,23,23
218,169,23,23
218,169,23,23
218,169,23,23
218,169,23,23
218,169,23,23
218,169,23,23
218,169,23,23
218,169,23,23
218,169,23,23
218,169,23,23
181,190,19,20
181,190,19,20
181,190,19,20
181,190,19,20
181,190,19,20
181,190,19,20
181,190,19,20
181,190,19,20
181,190,19,20
181,190,19,20
181,190,19,20
181,190,19,20
181,190,19,20
181,190,19,20
181,190,19,20
181,190,19,20
181,190,19,20
181,190,19,20
181,190,19,20
181,190,19,20
181,190,19,20
181,190,19,20
181,190,19,20
181,190,19,20
181,190,19,20
181,190,19,20
181,190,19,20
181,190,19,20
181,190,19,20
181,190,19,20
181,190,19,20
