247,114,105,245
238,118,118,239
236,121,114,233
232,125,125,227
231,129,125,226
226,129,132,230
224,126,135,237
230,124,131,237
232,120,136,242
234,123,140,236
236,119,146,241
239,114,150,242
248,109,135,243
252,101,144,259
254,99,141,258
262,96,136,262
267,99,131,262
270,99,132,264
275,99,132,263
281,96,122,267
286,100,118,262
280,105,117,258
280,104,123,253
278,106,119,255
279,106,117,253
275,101,117,265
277,102,113,259
270,100,116,259
266,92,118,267
263,91,115,271
257,88,119,268
253,86,121,272
254,81,121,277
249,82,121,275
250,74,120,289
249,80,122,281
249,76,119,287
246,74,123,287
247,75,122,285
249,77,112,285
247,78,114,283
246,78,112,282
244,78,116,281
244,76,116,286
239,82,121,277
242,84,115,271
239,80,116,283
238,80,125,285
236,87,127,275
231,85,133,275
235,89,132,267
235,90,134,269
232,98,142,260
234,106,138,256
240,106,135,256
241,107,135,255
244,104,134,250
246,110,124,254
251,107,125,252
254,95,117,261
253,102,121,256
250,100,118,261
250,103,120,257
254,99,112,253
252,101,117,256
253,100,113,253
250,106,115,257
246,102,122,255
245,104,109,252
251,112,107,246
246,109,113,248
249,109,101,257
251,112,105,242
251,122,96,239
250,133,99,230
249,133,101,227
248,136,102,221
251,136,97,220
247,136,100,217
245,140,104,216
245,140,99,220
240,140,104,219
241,139,107,223
237,129,112,231
222,126,115,242
227,123,114,243
226,115,122,242
217,116,125,242
219,104,129,246
216,106,125,253
218,97,128,255
214,100,130,262
213,89,134,274
210,85,141,276
205,104,138,265
209,105,136,253
207,105,135,246
210,102,139,254
206,112,143,246
199,107,147,251
203,111,139,251
212,111,133,249
205,115,137,245
214,106,134,258
208,109,138,249
213,110,137,244
209,108,134,253
216,112,136,245
213,102,130,261
217,101,131,256
217,104,126,255
220,96,122,255
219,94,125,263
217,96,122,264
221,82,117,272
219,81,115,276
222,74,116,285
218,64,118,284
223,61,117,286
217,54,113,297
211,52,124,290
216,51,118,299
214,54,118,286
223,56,115,286
222,62,109,271
223,57,110,283
227,63,105,283
227,68,111,279
228,74,105,277
227,68,107,285
229,69,105,275
220,62,110,289
222,60,110,291
217,58,109,287
216,49,115,298
206,52,120,290
206,54,117,300
203,48,115,295
203,45,112,309
201,40,112,307
196,29,113,314
197,34,117,309
193,30,112,315
190,18,109,318
186,28,120,304
187,20,120,309
196,15,110,314
193,16,108,315
196,21,112,318
200,6,108,322
206,3,106,316
206,3,111,302
204,5,121,287
217,5,116,295
215,-3,114,287
219,-4,118,278
225,-5,121,276
227,-2,121,283
226,-3,124,274
228,-5,124,281
224,-6,127,296
223,-2,128,298
221,-2,128,304
219,0,126,305
221,-1,117,308
220,0,117,321
207,4,121,325
209,8,118,322
195,6,129,331
199,13,123,315
195,11,128,320
196,15,124,328
188,11,135,309
194,14,132,313
197,14,128,308
203,14,127,304
207,12,123,305
218,9,117,308
225,3,117,312
235,-2,114,322
235,1,111,312
242,0,111,324
245,0,118,322
247,-1,103,338
252,4,108,341
252,6,101,331
254,17,105,313
250,21,115,315
250,22,107,330
247,30,107,318
248,23,99,328
244,38,116,318
243,41,112,314
244,42,114,312
238,48,119,303
240,35,117,301
241,30,123,313
239,23,121,315
241,22,120,307
242,15,122,319
241,14,121,326
239,7,119,331
235,7,125,323
232,12,125,330
225,5,131,329
223,5,133,342
225,1,123,337
217,-4,125,343
215,3,127,326
216,1,125,331
220,7,124,335
216,5,119,337
211,0,124,317
213,11,123,315
207,6,129,320
211,6,126,305
217,15,116,315
211,12,125,308
214,18,121,301
213,19,120,300
215,12,120,312
217,13,121,321
217,11,121,318
215,18,121,313
219,18,120,324
225,15,110,325
221,16,119,335
228,23,113,314
234,27,117,309
232,42,115,304
234,38,115,313
240,37,115,312
249,46,114,296
248,46,109,307
257,50,113,297
247,46,119,298
255,43,120,299
260,42,120,289
260,42,119,303
254,38,131,309
265,37,120,304
256,40,124,303
257,38,118,301
259,39,124,296
260,42,124,291
251,38,124,299
252,37,120,289
247,35,123,294
244,31,124,298
247,25,120,313
242,29,122,305
244,31,119,312
252,30,114,310
251,31,108,318
252,41,113,299
249,37,116,316
246,48,114,302
255,43,113,305
254,55,109,286
263,47,103,298
261,48,106,297
262,51,108,294
259,44,111,303
265,45,102,301
267,46,104,300
265,41,107,300
268,40,103,305
261,43,106,304
267,43,104,293
265,38,96,303
262,39,96,303
264,38,102,300
258,42,102,299
254,39,102,298
254,39,102,308
255,42,104,306
247,46,104,299
243,45,103,295
249,43,100,312
237,40,104,312
239,41,105,309
238,34,95,308
236,32,100,317
233,44,106,304
231,44,98,301
235,40,101,307
233,36,102,316
233,45,109,293
235,42,96,298
241,43,97,298
241,41,101,294
238,43,100,298
244,42,106,293
237,43,96,294
244,37,101,295
246,32,91,313
242,46,90,293
242,50,106,294
250,41,89,314
241,53,109,303
239,57,104,299
245,62,106,288
242,65,109,298
248,64,103,290
249,66,107,288
246,83,111,271
247,76,113,281
247,83,114,278
245,90,122,270
248,90,121,266
247,86,121,271
244,98,124,250
248,101,122,256
244,94,125,260
245,88,121,273
241,89,123,278
250,80,117,273
244,86,115,273
248,84,107,275
247,86,113,280
248,89,113,268
250,79,114,273
245,75,114,287
247,80,114,284
245,75,114,282
245,75,112,289
249,82,116,276
244,84,118,273
242,79,121,281
251,77,111,285
245,79,109,283
247,79,107,273
244,85,113,282
248,87,106,274
243,83,111,270
245,89,112,267
247,101,106,264
248,99,105,256
253,100,107,262
249,112,114,251
254,99,103,260
249,108,108,255
240,110,111,250
237,103,122,263
243,108,117,254
235,114,117,249
239,114,119,249
238,116,110,254
238,116,121,240
234,118,120,247
228,109,121,261
231,108,127,252
238,113,118,252
233,107,120,252
234,102,123,251
229,110,123,254
238,100,119,257
234,97,120,269
240,99,120,261
243,95,116,268
243,93,118,269
243,87,114,265
249,90,112,268
245,88,116,268
246,88,115,274
248,79,115,279
242,78,115,277
245,77,116,286
244,69,120,288
244,78,110,281
244,70,119,290
242,74,118,284
238,69,123,287
232,73,117,284
231,63,122,296
230,56,116,299
232,62,118,299
226,58,117,297
220,67,121,294
213,69,123,296
216,66,125,296
208,61,128,303
215,57,121,302
201,58,129,298
200,56,130,300
200,49,130,306
204,57,124,298
201,53,127,303
199,56,127,298
204,48,117,311
201,44,119,307
202,52,120,300
202,42,119,317
199,46,124,311
212,57,109,296
206,52,119,303
203,49,121,305
215,57,109,305
204,46,125,311
201,50,125,299
209,62,123,286
208,50,124,303
210,55,122,291
210,46,121,299
212,45,121,307
215,42,115,304
210,34,121,316
212,46,131,304
209,43,127,312
209,38,128,314
211,61,130,292
208,40,130,307
208,47,124,313
202,45,128,311
199,48,126,316
196,54,127,305
191,60,127,299
194,65,126,285
193,72,124,288
192,62,124,288
194,47,115,305
189,53,114,302
195,48,117,303
194,44,112,296
193,43,110,309
189,46,116,306
188,39,115,316
187,55,118,299
193,52,115,310
187,53,119,296
188,68,119,287
189,53,112,293
196,68,109,292
190,61,115,291
189,61,111,296
191,66,110,293
190,71,107,280
193,68,101,283
190,66,101,274
191,67,109,287
187,59,104,278
195,58,106,286
191,52,104,280
199,53,103,285
193,56,110,275
200,56,106,283
201,56,112,285
211,62,102,282
209,69,98,266
212,65,103,273
211,69,110,271
217,66,112,272
221,62,95,280
221,57,105,285
216,56,105,291
224,54,107,278
222,49,107,289
223,53,105,260
226,47,102,264
225,48,102,252
228,44,102,259
224,35,99,262
227,38,103,255
223,35,108,258
226,31,105,267
223,41,101,269
228,40,104,263
230,54,101,255
229,51,97,270
241,62,100,263
238,65,86,282
249,66,87,276
238,75,94,271
247,81,92,271
247,82,92,269
245,92,94,261
244,92,98,263
253,96,95,255
248,93,93,259
249,94,90,263
252,93,92,260
252,98,96,261
247,98,92,260
254,98,93,254
250,95,94,255
249,105,97,256
254,100,93,257
247,91,98,258
250,102,98,258
250,104,102,250
248,107,103,245
250,106,105,244
246,112,107,253
251,111,107,246
253,114,102,237
258,122,99,242
257,112,99,242
252,118,105,241
256,121,106,236
260,118,98,238
261,113,95,245
262,106,96,247
267,111,90,241
265,112,93,248
271,109,87,242
275,107,82,247
277,104,77,250
275,97,76,255
271,97,84,251
269,88,81,257
268,94,75,250
269,96,84,259
268,87,84,266
261,86,86,268
256,82,86,271
251,81,86,277
246,86,83,267
241,95,81,258
243,89,75,262
237,100,75,255
235,86,70,271
234,87,70,267
233,87,78,269
229,42,107,306
231,21,97,333
227,21,97,334
223,9,98,344
226,15,92,338
224,7,92,351
229,7,86,352
224,7,88,351
222,3,88,350
218,16,98,347
208,9,110,342
204,41,111,318
202,58,116,304
198,46,123,308
214,50,116,315
239,62,84,291
244,66,74,285
237,64,75,294
234,62,82,292
229,61,82,290
225,60,87,290
225,52,91,297
221,53,99,300
221,55,106,307
220,50,105,304
214,45,120,315
213,45,113,311
205,47,129,310
212,46,124,307
206,51,133,308
202,43,141,310
198,55,155,305
200,50,158,302
202,41,169,310
194,61,181,291
187,52,194,303
182,46,195,306
177,51,205,306
179,44,198,303
171,51,210,314
182,47,196,307
182,56,193,307
176,51,206,304
185,52,182,310
193,46,197,310
185,60,199,305
213,55,167,311
206,40,175,308
229,37,165,315
227,43,158,312
241,56,147,303
245,50,150,297
245,37,146,318
249,43,151,317
252,55,145,298
261,51,146,302
258,56,151,301
265,56,147,296
269,58,144,304
265,62,151,306
267,63,144,304
267,62,148,293
255,65,160,284
264,72,142,283
265,59,135,283
261,83,138,276
256,50,140,297
259,64,120,292
251,60,127,296
246,50,118,307
229,49,129,311
231,56,123,307
221,59,127,305
217,57,130,302
224,60,119,293
218,58,120,300
214,61,113,299
217,69,108,289
214,73,111,286
206,68,112,283
206,75,112,286
203,61,111,288
204,62,110,296
205,65,106,290
206,55,108,299
205,48,110,303
204,39,111,316
199,36,117,323
201,29,110,330
197,21,122,332
196,28,127,334
190,21,143,334
192,21,132,336
191,15,140,343
184,16,139,339
183,19,141,333
178,12,131,345
176,7,143,352
177,23,131,336
169,23,136,340
168,18,142,344
162,6,135,345
163,21,138,340
159,37,138,326
155,45,138,319
154,34,146,326
154,46,139,311
153,59,138,308
156,47,134,309
151,57,138,312
155,43,138,304
154,60,141,294
158,55,140,303
161,48,135,305
162,62,134,293
161,59,131,301
165,67,131,285
174,65,126,292
180,66,122,289
178,56,119,299
180,66,121,291
189,62,119,288
190,63,120,291
197,64,113,282
196,71,112,283
209,64,104,289
210,64,106,291
214,67,106,282
212,75,106,284
226,67,99,290
220,76,96,277
232,80,97,282
231,80,97,274
229,77,94,281
230,79,94,277
234,88,94,275
232,94,89,266
243,96,84,260
238,104,85,258
244,98,82,250
239,102,81,258
238,107,78,252
235,114,80,246
234,107,76,247
235,119,73,245
229,119,74,236
226,119,72,240
224,119,69,232
224,125,71,235
219,128,92,228
219,123,99,235
219,123,101,233
215,134,105,226
214,147,104,217
214,136,96,219
218,108,96,246
225,95,85,261
223,39,85,297
233,33,77,322
235,25,71,327
238,12,70,338
239,7,70,349
235,35,77,323
225,20,89,337
217,18,92,344
207,6,97,345
199,34,118,315
207,74,108,276
211,92,104,244
221,90,94,242
242,99,71,229
245,99,62,224
241,100,68,220
245,99,69,219
239,100,72,219
234,98,78,221
234,98,80,225
237,102,78,218
233,101,81,224
229,103,83,221
230,102,87,225
226,103,92,227
231,105,91,226
234,105,85,222
233,111,83,211
236,111,87,202
232,112,87,200
228,114,94,193
222,110,100,201
232,110,88,166
223,129,96,174
230,118,85,186
229,114,83,197
238,113,78,196
236,109,75,191
244,107,69,193
244,102,71,191
243,94,68,205
249,94,63,193
245,96,67,187
244,93,68,192
250,99,60,192
250,101,64,191
255,99,58,199
254,96,68,185
255,118,70,178
266,107,62,154
270,110,66,135
274,110,67,128
277,111,66,124
280,114,65,131
282,114,69,134
286,122,68,120
289,125,65,116
287,122,67,116
285,125,69,114
284,124,68,117
280,123,73,119
277,130,71,120
278,126,70,124
271,130,74,132
273,143,73,142
272,129,71,163
275,126,67,164
275,124,66,163
274,118,67,155
277,121,65,142
280,123,61,132
284,120,68,139
287,123,65,156
291,121,65,169
288,119,67,182
297,115,62,184
302,112,60,185
302,118,61,186
308,110,56,186
312,111,54,185
319,107,52,190
324,111,50,182
328,109,47,184
333,105,49,187
340,104,47,189
342,105,48,187
346,104,50,189
346,105,53,180
347,106,54,178
350,107,52,182
352,103,53,187
348,109,64,186
350,107,62,187
350,108,66,187
349,103,66,191
348,104,66,189
348,100,66,190
349,96,65,196
346,95,64,193
346,95,63,190
344,91,63,191
343,94,59,195
341,92,62,191
341,86,61,199
341,88,58,202
339,88,61,202
334,84,64,207
336,91,62,202
332,93,63,199
325,93,68,201
320,94,70,202
313,93,68,207
311,100,76,198
308,94,68,203
303,97,72,206
299,95,75,205
296,89,76,215
296,97,76,202
291,93,78,205
292,94,79,202
287,91,77,198
289,84,77,205
286,86,81,210
286,78,76,210
290,77,72,217
288,76,75,212
294,76,71,209
294,74,68,213
300,75,67,207
296,74,64,209
301,78,64,207
301,83,62,208
304,83,66,205
301,81,64,209
309,86,61,203
306,83,66,204
307,82,67,207
307,83,70,209
304,79,73,207
301,79,76,204
301,82,78,204
303,83,76,205
295,80,82,210
298,88,89,206
305,83,83,204
308,91,80,203
303,95,85,204
306,105,78,205
310,111,72,201
308,115,73,203
307,115,75,211
308,124,76,211
308,125,69,210
310,133,70,203
305,133,68,215
304,137,67,213
300,141,66,215
297,141,64,213
293,141,59,206
289,140,61,212
287,140,58,213
286,135,54,214
285,131,55,217
283,125,56,210
285,123,55,203
282,120,56,203
280,120,59,213
280,120,61,202
287,122,56,190
292,118,54,173
293,125,58,168
299,138,59,152
304,136,60,156
307,136,62,160
313,136,62,158
318,136,63,160
322,134,69,171
328,134,70,161
331,137,72,173
337,134,74,179
339,129,80,190
341,133,79,193
346,133,80,185
347,133,80,167
353,134,76,143
357,133,75,153
355,132,77,150
354,132,79,155
351,133,80,164
350,127,83,180
345,121,84,191
343,120,85,194
348,121,81,193
341,120,81,184
334,118,86,184
332,118,85,191
330,112,83,193
323,114,88,195
323,116,84,190
320,109,87,192
315,106,85,200
317,110,84,190
318,109,78,193
317,100,76,206
312,100,85,211
311,103,77,202
304,99,82,213
304,102,81,215
301,107,83,214
300,104,76,232
288,104,81,248
282,120,92,235
283,123,86,228
280,131,83,225
277,131,84,220
275,131,84,227
272,135,84,220
273,133,87,223
274,135,81,223
275,129,77,207
270,141,77,204
270,136,77,205
269,141,75,192
267,138,74,163
270,143,75,148
268,144,72,138
265,140,73,141
269,138,73,144
265,137,73,149
261,135,75,154
258,134,77,165
259,133,73,180
256,132,75,181
255,132,72,184
253,133,70,176
248,133,76,169
249,134,75,166
247,132,72,169
245,132,75,169
241,130,77,172
243,130,75,176
244,121,70,184
241,124,68,178
239,123,72,179
236,119,73,181
236,117,70,186
237,117,68,183
235,115,70,189
233,114,73,195
233,115,75,198
233,113,74,208
237,118,70,201
234,122,71,199
233,122,70,208
233,125,71,200
229,126,72,204
228,123,70,211
230,124,69,211
228,126,67,213
229,125,68,209
225,128,71,204
221,126,73,205
220,123,76,213
221,123,68,214
221,121,65,201
216,121,72,204
213,118,74,202
210,122,73,210
209,125,70,200
209,128,70,195
202,126,76,207
202,125,72,202
198,129,75,192
197,127,73,208
192,126,76,217
189,127,80,219
191,127,81,222
184,118,82,229
186,127,82,231
180,121,85,228
176,115,83,235
174,112,82,234
165,111,91,242
158,109,96,233
157,105,96,236
153,103,100,238
155,103,96,237
150,100,98,244
148,101,103,236
142,101,107,242
142,96,104,244
143,94,107,241
146,93,104,239
152,93,100,230
159,92,93,224
164,90,92,228
174,87,85,225
184,87,78,214
191,84,70,222
197,83,67,218
193,86,68,219
191,87,68,217
191,86,68,217
187,90,73,212
186,91,73,211
183,92,76,214
186,90,76,218
185,89,77,218
183,89,89,223
185,92,88,211
191,90,88,213
193,86,88,222
193,89,93,222
195,90,94,216
194,91,95,212
200,92,86,204
200,94,94,210
203,95,88,210
201,92,87,217
201,90,92,220
202,96,86,220
200,91,90,227
197,95,96,224
193,98,99,233
191,94,101,232
186,98,104,232
185,100,103,230
186,95,103,242
185,95,103,244
181,94,104,229
182,98,105,233
178,95,110,236
175,96,110,230
183,104,106,227
180,99,107,228
181,98,107,236
186,98,104,224
184,99,107,235
181,96,111,224
195,102,93,215
200,97,89,215
203,96,87,213
210,103,82,203
209,104,82,208
211,100,80,220
215,104,83,222
210,104,87,220
213,106,85,220
206,107,93,221
204,112,97,218
208,109,94,227
210,115,97,220
203,111,104,230
202,115,106,233
199,115,109,225
199,114,114,230
205,110,107,227
204,112,108,222
202,104,112,232
203,105,110,224
212,94,101,222
218,91,93,223
219,90,94,226
224,89,91,223
223,82,88,232
224,88,87,225
221,86,88,231
223,84,89,237
220,84,82,234
220,87,85,232
220,90,92,231
212,82,96,239
212,84,93,234
206,79,100,245
205,86,94,236
201,84,101,234
192,81,104,233
194,81,105,236
194,82,103,235
197,80,96,239
193,79,101,237
191,78,102,239
191,75,101,235
193,79,101,240
196,76,94,236
197,73,92,228
195,70,92,229
194,69,93,233
194,69,92,230
197,70,89,223
201,66,87,228
206,70,82,228
206,71,84,223
205,75,82,220
215,71,81,216
210,74,86,216
216,71,80,219
211,73,82,224
218,69,83,226
212,71,88,223
218,67,83,229
208,70,93,228
214,71,86,228
220,72,84,222
214,73,87,228
217,76,82,225
220,72,78,232
221,74,78,233
223,73,75,237
227,81,74,237
226,76,77,238
231,76,73,240
231,81,76,244
235,77,70,248
233,74,68,246
240,71,70,254
233,64,72,255
237,71,70,247
236,67,75,254
237,66,74,250
232,59,81,254
236,57,82,258
236,57,80,254
235,57,92,255
237,53,91,257
236,56,90,258
237,55,89,257
242,61,84,257
239,56,86,270
243,59,83,267
245,66,81,261
242,67,78,263
249,69,71,260
242,77,78,250
243,81,72,239
240,76,69,248
234,77,77,240
236,74,77,239
230,76,83,248
228,75,89,250
221,77,92,245
219,76,89,249
213,76,92,253
210,75,95,251
203,79,99,243
203,76,90,243
200,70,86,248
196,79,88,235
193,73,91,250
193,71,82,243
189,68,85,249
173,69,100,260
168,78,107,251
164,80,110,247
180,82,94,236
197,70,72,222
194,70,65,219
190,71,67,238
181,49,72,201
176,81,74,187
170,83,73,166
165,90,69,158
163,94,73,146
157,95,67,132
153,93,67,136
149,97,61,126
147,95,57,126
151,97,56,126
147,99,52,120
141,100,49,118
134,104,48,113
134,108,51,114
134,108,51,114
134,108,51,114
134,108,51,114
134,108,51,114
134,108,51,114
134,108,51,114
134,108,51,114
134,108,51,114
134,108,51,114
134,108,51,114
134,108,51,114
134,108,51,114
134,108,51,114
134,108,51,114
134,108,51,114
134,108,51,114
134,108,51,114
134,108,51,114
134,108,51,114
134,108,51,114
134,108,51,114
134,108,51,114
134,108,51,114
134,108,51,114
134,108,51,114
134,108,51,114
134,108,51,114
134,108,51,114
134,108,51,114
134,108,51,114
134,108,51,114
134,108,51,114
134,108,51,114
134,108,51,114
134,108,51,114
134,108,51,114
134,108,51,114
134,108,51,114
134,108,51,114
134,108,51,114
134,108,51,114
134,108,51,114
134,108,51,114
134,108,51,114
134,108,51,114
134,108,51,114
134,108,51,114
134,108,51,114
80,85,69,115
77,89,79,109
76,96,79,100
71,88,81,99
71,88,81,99
71,88,81,99
71,88,81,99
71,88,81,99
71,88,81,99
71,88,81,99
71,88,81,99
71,88,81,99
71,88,81,99
71,88,81,99
71,88,81,99
71,88,81,99
71,88,81,99
23,107,88,97
23,100,78,105
21,81,66,126
41,101,63,142
50,89,48,153
64,85,43,162
68,86,46,165
72,89,51,164
74,93,55,160
76,97,61,157
78,103,66,152
80,122,69,169
78,115,76,183
79,103,75,202
76,107,85,241
74,100,86,253
76,102,83,234
77,105,84,237
73,103,87,242
72,98,87,252
70,99,87,248
66,94,85,254
66,91,84,257
62,92,94,259
59,95,95,260
58,92,100,265
52,102,104,258
50,96,110,260
48,105,108,251
56,104,105,247
53,101,109,260
47,101,115,255
57,103,105,248
60,103,101,248
62,104,102,244
63,104,100,247
70,97,89,254
76,98,89,255
79,94,85,258
88,93,84,261
98,89,83,258
104,87,88,259
110,87,91,267
117,86,91,265
122,83,92,272
122,81,101,262
128,85,105,263
131,86,111,257
136,89,111,258
142,94,110,251
155,94,102,250
159,96,108,250
165,100,104,244
176,101,99,242
183,105,96,236
190,104,89,238
194,102,89,238
201,100,80,243
202,105,79,239
206,103,74,244
207,111,76,233
210,107,65,235
212,106,72,244
214,110,63,225
212,111,74,223
216,112,72,221
217,115,69,225
224,119,70,210
223,120,70,218
228,122,72,211
227,122,72,214
232,124,73,216
235,126,72,217
241,127,69,210
243,125,68,205
245,125,69,209
249,123,69,209
252,127,68,209
251,126,66,197
260,120,62,204
255,123,62,202
257,121,68,198
262,118,67,206
258,118,62,204
261,112,66,202
254,116,62,205
261,106,65,207
250,111,64,204
250,111,68,194
254,110,57,190
247,109,66,189
247,109,61,186
242,110,65,177
238,102,69,186
236,100,66,187
235,97,70,191
229,96,70,187
233,91,70,197
229,91,66,184
229,89,74,192
226,91,70,185
231,87,70,193
228,88,70,188
233,86,71,179
228,82,74,185
231,85,69,177
231,83,73,179
230,83,73,173
228,81,73,183
230,78,74,187
226,77,71,189
228,79,72,177
225,78,75,184
223,81,74,179
227,83,72,187
224,83,71,187
224,89,76,191
223,93,75,195
232,100,70,192
231,110,67,183
231,112,69,188
232,121,66,171
233,123,70,178
236,127,71,190
237,132,70,184
240,133,69,190
240,136,71,198
242,135,69,199
236,135,74,206
234,138,81,196
234,140,79,196
238,142,73,191
240,140,73,199
244,139,70,203
243,143,69,196
239,143,74,205
242,144,73,204
238,145,72,208
239,145,71,210
237,150,72,199
239,149,68,203
240,150,64,203
237,152,67,197
236,151,69,202
233,148,75,203
238,145,72,203
232,143,78,211
232,140,83,219
234,143,83,212
232,139,86,218
217,132,101,221
223,138,99,219
204,129,120,229
210,128,114,228
219,131,107,211
232,134,98,205
241,138,92,163
245,137,89,166
245,144,94,163
249,147,90,154
259,143,87,166
255,148,93,156
266,145,85,171
264,135,87,184
268,137,88,192
267,131,90,212
273,131,89,209
274,129,89,216
279,129,88,210
273,131,100,214
278,127,94,216
278,127,98,215
277,122,102,217
279,122,102,210
268,116,119,232
272,111,118,240
264,102,135,252
270,98,132,251
266,99,147,256
277,97,119,236
278,97,115,215
269,94,120,216
270,89,114,230
267,90,116,219
262,87,109,219
259,90,106,220
260,81,98,245
258,82,93,246
258,77,87,252
255,76,94,256
253,72,98,257
249,69,100,276
246,67,99,273
244,69,96,273
244,64,90,266
246,62,89,269
249,64,89,265
245,66,93,255
253,60,87,275
252,63,90,267
251,64,88,264
252,62,85,266
254,64,85,262
254,61,89,266
262,60,84,272
267,65,77,256
262,62,82,261
262,62,89,265
270,60,85,264
276,60,82,261
281,62,79,255
278,58,83,250
283,56,82,254
287,55,84,243
293,54,81,246
289,52,84,250
293,51,84,236
294,50,85,239
294,46,88,241
301,47,87,248
300,48,79,236
299,53,85,240
301,50,82,247
300,54,82,246
297,63,83,245
298,68,80,243
296,71,81,247
293,74,77,247
295,81,76,244
296,84,68,234
296,90,73,236
286,93,80,255
290,94,74,247
284,98,74,253
275,105,87,247
276,105,93,254
283,103,78,254
284,100,74,258
288,105,72,245
294,114,66,227
292,113,65,223
297,99,60,216
301,101,57,202
305,101,53,194
306,101,56,201
308,104,57,191
308,119,60,188
317,129,53,175
317,137,60,166
324,140,61,164
325,134,55,160
332,141,54,170
338,144,58,169
333,141,68,178
342,149,62,172
325,144,80,191
329,151,88,203
321,130,106,219
313,105,121,243
293,124,138,226
299,114,124,234
358,115,110,242
358,115,110,242
358,115,110,242
358,115,110,242
358,115,110,242
358,115,110,242
358,115,110,242
358,115,110,242
358,115,110,242
358,115,110,242
358,115,110,242
358,115,110,242
358,115,110,242
358,115,110,242
358,115,110,242
358,115,110,242
358,115,110,242
542,136,100,215
554,106,86,218
563,151,79,201
575,155,68,181
583,163,60,186
602,169,41,183
600,193,42,165
609,197,28,162
605,213,34,143
608,230,31,124
608,244,31,112
604,266,36,94
601,268,39,89
602,277,37,83
599,284,40,75
600,287,38,70
603,283,37,75
600,289,39,70
607,279,34,78
610,290,30,67
610,303,31,54
610,303,31,54
610,303,31,54
610,303,31,54
610,303,31,54
585,227,43,58
585,227,43,58
585,227,43,58
585,227,43,58
604,235,35,64
606,233,33,70
611,228,28,70
611,228,28,70
611,228,28,70
611,228,28,70
617,256,22,68
617,256,22,68
617,256,22,68
617,256,22,68
618,259,21,68
618,259,21,68
618,259,21,68
618,259,21,68
618,259,21,68
618,259,21,68
618,259,21,68
618,259,21,68
618,259,21,68
618,259,21,68
618,259,21,68
618,259,21,68
618,259,21,68
618,259,21,68
618,259,21,68
618,259,21,68
618,259,21,68
618,259,21,68
618,259,21,68
618,259,21,68
618,259,21,68
593,284,31,59
541,297,40,60
541,297,40,60
541,297,40,60
539,295,52,62
539,295,52,62
539,295,52,62
539,295,52,62
539,295,52,62
595,277,47,51
595,277,47,51
595,277,47,51
602,275,38,57
602,275,38,57
602,275,38,57
602,275,38,57
602,275,38,57
602,275,38,57
602,275,38,57
602,275,38,57
602,275,38,57
602,275,38,57
602,275,38,57
602,275,38,57
602,275,38,57
602,275,38,57
602,275,38,57
602,275,38,57
602,275,38,57
602,275,38,57
602,275,38,57
602,275,38,57
602,275,38,57
602,275,38,57
602,275,38,57
602,275,38,57
602,275,38,57
577,320,44,44
571,328,49,35
571,328,49,35
571,328,49,35
571,328,49,35
571,328,49,35
571,328,49,35
571,328,49,35
571,328,49,35
571,328,49,35
571,328,49,35
571,328,49,35
571,328,49,35
571,328,49,35
571,328,49,35
571,328,49,35
571,328,49,35
571,328,49,35
571,328,49,35
571,328,49,35
571,328,49,35
571,328,49,35
571,328,49,35
571,328,49,35
571,328,49,35
571,328,49,35
571,328,49,35
571,328,49,35
571,328,49,35
571,328,49,35
571,328,49,35
571,328,49,35
571,328,49,35
571,328,49,35
571,328,49,35
571,328,49,35
571,328,49,35
571,328,49,35
604,264,50,39
604,264,50,39
604,264,50,39
604,264,50,39
604,264,50,39
604,256,47,45
603,251,40,49
603,251,40,49
603,251,40,49
603,251,40,49
603,251,40,49
603,251,40,49
603,251,40,49
603,251,40,49
603,251,40,49
603,251,40,49
603,251,40,49
603,251,40,49
603,251,40,49
603,251,40,49
603,251,40,49
603,251,40,49
603,251,40,49
603,251,40,49
603,251,40,49
603,251,40,49
603,251,40,49
603,251,40,49
604,296,35,57
604,296,35,57
617,280,27,61
617,280,27,61
617,280,27,61
617,280,27,61
617,280,27,61
617,280,27,61
617,280,27,61
617,280,27,61
617,280,27,61
617,280,27,61
617,280,27,61
617,280,27,61
617,280,27,61
617,280,27,61
617,280,27,61
617,280,27,61
617,280,27,61
621,299,18,59
624,305,15,52
623,310,15,48
622,313,17,45
622,315,17,41
621,318,18,39
620,322,19,35
618,323,20,35
610,323,27,35
605,327,31,30
603,325,34,32
604,325,32,33
600,323,33,33
600,323,33,33
600,323,33,33
600,323,33,33
600,323,33,33
584,320,31,36
584,320,31,36
584,320,31,36
584,320,31,36
584,320,31,36
584,320,31,36
565,317,31,38
564,316,28,41
561,315,27,41
561,315,28,40
561,315,28,40
560,316,25,39
559,315,25,41
560,313,25,41
560,312,26,43
561,311,27,43
561,311,28,43
565,309,24,45
561,308,28,45
564,309,24,43
558,305,29,47
559,303,26,49
557,302,26,49
553,301,27,52
551,300,29,49
552,300,25,52
548,302,27,50
546,302,27,49
543,302,28,45
542,302,29,41
543,304,24,45
543,304,22,49
543,295,18,49
535,300,23,53
538,297,19,59
539,296,14,62
532,298,16,59
524,298,20,58
515,301,25,55
516,300,24,55
514,299,28,56
444,227,30,47
442,232,26,38
437,236,28,35
438,236,27,32
434,240,26,28
430,243,25,32
424,238,28,33
418,236,29,34
419,237,27,35
418,233,25,35
416,230,26,37
412,225,32,37
411,225,33,32
410,223,34,32
405,223,37,30
402,220,38,35
400,218,40,36
398,216,38,37
396,216,37,35
392,214,38,37
384,214,40,38
384,214,40,38
386,197,33,41
386,197,33,41
386,197,33,41
386,197,33,41
393,210,37,38
398,207,35,39
398,212,36,37
398,212,36,37
398,212,36,37
409,219,40,45
397,212,34,49
401,209,29,41
398,207,32,41
395,203,36,43
392,199,38,47
392,199,38,47
392,199,38,47
386,221,38,57
383,190,44,63
382,202,40,66
383,202,36,67
383,204,33,63
384,199,31,65
385,196,30,65
386,199,28,63
388,203,27,61
391,200,26,62
396,205,25,58
398,202,25,62
401,201,26,66
404,205,29,69
406,195,31,68
397,196,40,67
397,196,40,67
397,196,40,67
397,196,40,67
397,196,40,67
397,196,40,67
397,196,40,67
410,239,40,76
410,244,44,77
356,192,53,85
352,188,71,99
344,184,88,120
345,177,89,136
335,153,105,163
331,144,113,179
322,136,123,210
319,134,124,224
319,135,122,221
318,127,124,233
318,132,121,223
315,129,122,223
313,129,119,228
312,123,120,235
309,127,117,227
308,112,114,243
305,115,113,247
309,115,110,244
304,114,106,237
303,103,104,255
301,105,102,247
299,106,102,253
295,104,100,249
297,104,95,255
293,96,92,263
293,96,85,257
298,99,88,261
294,106,85,252
293,109,85,240
300,105,78,253
301,108,83,251
298,108,78,246
302,105,79,252
299,107,80,245
305,108,79,243
310,109,74,247
312,105,76,253
314,106,73,247
320,107,74,249
318,108,74,246
327,100,76,249
325,105,78,244
327,101,83,250
333,103,77,241
331,98,87,240
331,106,97,228
335,101,90,228
336,102,96,224
335,101,96,220
341,100,95,230
343,98,92,243
343,97,98,243
349,102,94,243
349,98,92,248
351,107,97,245
351,102,91,245
356,108,92,243
355,109,90,238
355,106,88,248
356,114,89,240
357,121,85,217
357,122,83,207
356,124,79,214
354,121,76,218
353,126,77,212
351,127,73,206
344,132,81,208
340,130,82,217
339,129,77,217
336,126,76,221
330,130,76,214
334,127,77,220
328,126,72,209
328,125,74,214
324,124,67,212
318,122,73,202
317,124,71,196
314,123,71,195
312,121,72,189
308,120,72,189
306,119,66,190
302,119,69,194
303,119,64,193
302,117,65,197
298,120,67,189
294,117,69,198
297,120,67,194
292,117,64,208
293,122,69,204
292,124,67,204
293,125,65,210
292,128,67,210
295,131,63,213
299,132,63,213
299,135,63,206
302,132,62,204
304,134,60,202
305,128,57,216
307,123,54,218
305,122,54,215
303,120,58,211
301,121,57,203
297,125,65,199
294,124,70,203
296,125,66,202
293,124,68,211
295,129,69,207
293,131,68,210
292,136,69,207
289,135,70,210
290,139,69,210
289,142,64,202
287,142,66,206
283,139,68,213
285,136,61,202
281,138,64,195
273,131,73,211
273,129,68,207
272,124,65,198
270,118,60,196
265,114,59,188
264,108,57,187
258,108,59,190
253,95,60,204
249,97,60,200
241,95,62,201
224,97,78,227
217,102,78,235
211,106,78,239
205,110,81,243
198,116,83,237
188,119,92,234
186,123,96,231
184,125,91,225
179,122,100,230
182,126,97,228
180,131,100,220
180,130,103,227
184,128,92,225
183,134,94,218
187,132,85,217
186,129,80,221
186,128,69,195
184,129,68,206
182,127,70,181
178,123,73,171
172,123,77,172
167,122,74,174
162,119,77,181
159,118,75,193
154,116,78,212
151,118,77,216
145,117,84,215
142,120,81,206
138,116,82,203
132,117,84,212
131,115,80,209
126,116,84,215
114,114,89,219
114,122,87,207
112,123,82,204
106,125,81,201
106,124,83,203
101,124,79,203
93,128,87,204
90,132,83,197
89,136,81,196
88,134,83,200
87,135,81,201
88,138,80,199
85,137,80,206
81,137,83,210
83,141,83,207
85,144,78,196
83,141,81,202
86,139,78,201
90,140,76,198
87,141,80,200
95,143,74,203
96,143,76,198
105,148,72,195
107,149,72,201
108,146,73,203
114,155,71,189
117,153,71,198
125,157,68,196
129,160,68,197
129,161,70,185
131,163,73,186
135,162,69,186
139,159,70,185
141,156,70,179
141,160,70,178
143,160,75,176
146,154,74,173
147,157,73,174
155,154,70,173
156,153,73,171
159,154,73,169
165,156,69,165
168,156,72,172
172,155,70,168
173,157,71,168
179,155,66,161
185,156,65,165
189,153,66,168
193,156,64,172
193,157,64,167
195,156,66,173
196,157,64,172
197,159,63,169
198,158,62,159
198,157,64,169
200,155,62,153
200,153,60,144
202,151,61,140
204,144,60,142
203,139,60,147
202,136,63,144
205,131,61,147
209,124,58,149
211,121,58,152
212,120,57,154
213,118,62,157
213,118,63,158
219,118,63,157
217,119,65,161
223,120,64,164
226,128,66,155
228,133,66,157
228,138,71,148
232,137,70,153
237,137,68,160
242,142,63,140
242,145,63,134
244,147,64,140
245,149,64,137
244,151,65,132
245,152,64,140
246,153,64,143
245,153,69,143
252,153,65,147
253,155,66,142
255,159,67,141
255,157,69,141
259,161,65,143
261,163,63,144
260,165,66,142
263,168,61,148
259,167,63,146
262,170,62,147
261,170,59,144
263,167,58,149
262,168,59,143
266,165,57,148
266,162,57,149
268,161,58,148
270,157,57,151
272,153,56,155
273,150,55,151
274,144,57,150
279,138,57,147
283,132,56,150
287,126,57,156
290,126,60,151
297,125,53,152
297,130,56,151
296,133,55,149
302,134,55,156
297,135,58,160
299,138,57,155
300,136,55,163
299,137,56,158
299,138,56,155
299,138,57,155
299,137,54,152
297,134,59,156
294,136,58,159
297,135,59,156
298,133,58,154
302,132,57,158
299,128,59,159
303,130,61,158
307,131,57,160
304,132,59,160
304,133,57,158
303,137,58,162
300,139,55,160
298,140,58,159
299,142,52,156
297,140,51,169
296,141,56,161
295,140,47,157
295,142,51,152
291,141,47,157
288,143,49,151
286,143,49,153
284,141,48,152
279,142,54,150
275,136,51,152
270,129,55,155
268,130,55,152
266,127,57,152
264,121,53,154
260,119,53,155
258,120,54,154
257,119,55,158
255,119,51,161
251,121,54,163
244,123,56,162
240,128,55,157
239,123,58,168
236,128,53,170
232,131,57,167
227,135,56,171
225,137,54,174
225,141,54,170
220,140,54,169
218,141,56,166
219,140,51,169
218,139,52,171
215,137,55,167
220,137,52,168
222,137,56,167
224,132,56,172
226,134,59,173
228,134,58,178
232,133,59,175
233,136,58,177
237,142,61,168
232,143,63,171
230,145,67,174
230,148,69,180
223,150,75,178
221,151,76,176
216,151,79,168
220,149,73,167
217,151,73,171
220,148,69,180
216,146,60,181
213,145,58,180
212,143,62,182
208,142,57,182
210,139,57,177
209,139,61,173
207,131,61,177
210,130,59,181
212,131,53,171
210,125,55,177
210,122,56,177
210,124,60,175
209,119,58,174
213,119,59,179
212,120,60,175
215,117,57,178
218,116,61,186
216,111,64,182
221,117,62,187
224,116,62,185
224,115,64,195
221,120,71,193
222,124,73,187
220,129,79,187
224,125,79,193
221,130,89,187
228,130,88,191
225,129,100,195
227,142,106,185
236,138,108,191
242,139,110,193
244,146,113,193
251,148,117,201
255,146,113,205
259,144,113,209
259,149,115,206
264,152,111,204
262,146,113,211
264,139,110,225
265,138,107,217
268,133,104,223
272,127,99,227
274,116,96,242
275,109,99,235
277,104,96,245
286,95,87,249
292,94,80,245
299,91,75,252
302,94,75,252
306,99,69,250
308,107,71,244
304,113,75,238
305,117,78,240
305,126,80,232
302,128,89,225
296,131,99,229
290,137,98,217
287,141,99,215
281,148,103,207
275,149,105,206
271,152,105,205
265,155,107,202
261,154,110,204
253,152,113,204
245,148,119,210
237,139,120,214
233,135,110,223
230,127,104,226
227,121,97,231
228,116,94,240
233,115,84,238
233,109,81,244
226,106,92,244
231,105,86,248
231,108,92,243
234,110,92,252
240,116,89,242
244,120,91,238
249,115,91,240
253,124,95,234
256,121,97,232
260,124,98,231
260,121,93,225
263,123,100,228
264,120,103,232
268,122,98,229
269,115,94,233
270,123,98,238
269,119,103,232
268,118,108,228
266,127,108,241
266,118,108,229
266,130,108,233
266,119,101,230
267,122,91,242
258,117,95,242
257,119,92,239
258,120,95,232
248,118,93,238
253,122,93,231
248,124,99,227
237,126,102,224
237,125,98,221
227,126,106,227
229,125,103,226
230,134,99,225
217,129,109,221
224,132,106,225
216,130,109,222
223,137,104,220
204,139,120,223
213,132,113,216
209,140,116,224
214,136,113,217
217,141,106,212
217,133,107,216
217,135,109,223
214,132,111,216
214,135,114,222
216,132,113,221
215,129,118,224
221,128,117,232
225,130,109,223
225,125,114,229
227,124,117,234
233,116,109,233
235,119,114,235
233,123,118,235
235,118,119,233
232,114,127,239
224,114,146,239
251,112,130,237
267,112,110,238
283,115,100,234
275,115,121,242
265,113,140,237
275,119,141,236
263,117,153,236
280,131,151,223
277,136,164,219
296,133,152,219
292,144,166,210
287,152,175,208
298,150,173,201
304,154,167,195
319,159,147,200
310,167,147,194
321,163,145,195
319,170,142,191
328,167,141,183
326,169,146,192
324,169,152,186
326,167,149,185
328,173,138,193
322,171,141,183
318,168,162,191
317,160,155,194
309,159,183,191
309,167,179,183
303,161,183,201
298,153,178,199
295,147,166,209
297,139,148,210
281,139,185,215
277,137,195,214
285,130,173,222
281,133,174,228
291,120,145,226
297,125,133,222
297,120,113,231
296,114,99,243
293,115,104,242
292,113,100,249
287,115,102,247
282,120,111,237
279,125,107,238
277,127,111,234
277,131,107,230
281,136,102,225
279,139,101,219
280,142,98,217
276,146,99,213
275,147,98,213
272,147,100,211
268,151,93,210
271,149,94,211
268,149,92,215
263,148,96,217
262,144,100,212
260,141,96,220
263,138,97,223
261,128,98,229
260,125,101,232
260,124,103,232
259,120,101,234
264,126,98,235
265,130,96,232
266,123,96,239
268,124,95,237
267,125,91,241
270,120,97,241
272,119,93,246
270,124,94,242
264,118,97,241
261,127,99,238
267,123,96,232
268,132,86,227
267,138,83,225
273,130,83,224
268,135,87,223
269,139,78,226
271,133,82,219
266,142,84,222
275,132,78,219
278,138,76,221
274,144,76,213
278,133,79,217
278,145,76,213
277,141,76,217
278,140,75,216
280,141,76,218
280,140,73,219
278,143,73,211
278,137,72,223
278,137,72,220
277,137,69,221
273,134,75,225
271,127,73,223
269,130,76,229
264,124,75,225
264,124,77,227
260,119,78,231
257,119,74,234
255,118,77,233
253,116,79,235
250,112,79,235
240,108,87,239
242,107,87,241
245,108,80,239
245,107,82,236
247,106,78,237
245,110,77,234
243,109,76,236
236,108,79,235
234,109,77,236
230,107,75,237
225,110,71,236
224,114,69,232
221,107,65,238
216,111,67,229
215,110,67,234
214,105,61,239
215,108,64,237
214,107,60,230
210,104,61,241
201,101,70,244
197,104,70,242
198,99,69,247
196,105,71,249
194,98,71,244
187,103,70,215
184,103,79,220
183,101,79,222
182,104,79,219
184,101,79,204
179,96,86,222
185,98,84,209
188,101,79,212
193,98,74,218
190,100,78,199
194,97,76,197
195,94,78,206
195,94,77,199
199,91,75,195
201,91,71,198
205,91,68,199
211,89,64,202
210,92,63,201
214,93,63,200
216,100,61,198
219,94,62,203
216,100,65,208
215,102,70,194
217,103,60,185
225,104,59,184
226,106,55,191
230,108,56,190
229,105,51,193
234,113,53,192
235,115,50,189
238,116,48,195
239,120,47,186
245,122,43,181
247,124,43,175
249,124,40,175
251,127,38,169
254,127,36,175
257,125,33,174
257,126,35,168
252,139,48,160
252,133,46,166
270,131,30,167
270,131,30,167
270,131,30,167
270,131,30,167
270,131,30,167
270,131,30,167
270,131,30,167
270,131,30,167
270,131,30,167
270,131,30,167
270,131,30,167
270,131,30,167
195,115,27,145
194,130,27,132
190,127,31,136
188,124,32,150
194,72,28,152
190,73,31,161
186,85,33,168
185,68,35,173
181,67,39,171
177,72,42,181
171,71,51,194
166,84,56,210
160,68,61,229
155,68,67,234
150,71,74,226
141,66,78,240
136,70,85,239
131,67,82,238
132,65,84,245
127,64,90,238
128,67,90,234
122,70,99,228
129,67,88,236
130,65,91,240
132,70,95,238
129,72,94,239
135,71,97,236
134,73,100,238
141,75,95,233
144,74,97,244
145,76,97,260
143,75,96,264
151,75,93,262
147,80,103,246
150,82,98,246
146,86,95,245
147,82,107,256
151,86,103,242
154,84,106,243
151,83,106,250
152,84,107,262
155,83,110,258
154,86,106,265
153,82,114,266
159,83,113,263
158,87,114,253
158,89,117,248
163,85,107,259
158,81,112,267
159,86,113,262
158,90,115,258
154,89,115,265
151,88,122,264
151,87,123,267
153,82,120,276
151,89,118,270
159,88,116,269
156,90,116,265
164,87,113,268
158,86,117,263
165,84,113,272
166,84,109,272
170,83,108,275
174,79,101,281
173,76,107,280
178,83,102,270
181,82,103,268
186,83,94,273
190,80,98,279
187,74,99,286
198,80,97,272
201,79,94,281
206,75,98,278
216,79,87,276
219,79,83,265
225,83,90,271
230,80,84,272
235,83,93,275
241,76,84,277
243,81,88,279
244,78,95,280
248,78,88,281
253,79,91,280
252,83,99,278
251,87,102,274
251,82,110,271
252,94,106,271
255,84,99,264
262,95,88,264
261,90,98,269
260,86,101,275
265,81,96,275
266,84,97,271
270,76,92,277
264,85,99,272
268,71,98,283
279,84,89,273
273,77,95,280
281,69,96,285
289,67,88,285
293,67,82,280
288,62,97,289
301,63,82,293
305,62,84,293
302,56,86,299
304,60,86,288
303,61,91,289
302,56,93,296
309,59,90,292
306,55,94,295
311,60,89,289
313,60,90,292
313,64,99,289
320,65,93,287
322,75,95,285
324,74,95,281
326,79,95,290
333,77,87,285
330,78,88,276
326,92,92,271
331,92,91,269
330,102,95,264
334,100,89,261
343,98,88,262
349,103,82,261
350,102,82,257
352,101,89,255
354,100,83,256
357,101,92,260
354,95,84,261
358,97,90,259
350,104,97,258
356,92,90,261
358,101,92,267
356,93,95,255
358,105,90,258
357,101,90,256
359,105,89,257
359,109,92,258
355,106,97,247
360,116,93,250
362,114,91,245
364,115,91,243
363,122,89,240
361,117,98,243
358,118,98,236
358,122,96,242
356,109,89,241
355,125,95,241
350,117,93,239
348,115,94,240
344,110,94,246
345,112,90,244
345,104,90,251
346,101,87,251
342,109,91,245
338,100,89,253
336,105,94,258
335,105,98,251
330,106,107,251
331,102,104,254
331,105,102,255
331,109,100,248
331,103,102,256
329,113,106,250
330,106,98,250
334,100,92,256
330,103,95,261
325,100,98,257
321,99,101,258
319,91,100,272
324,88,93,268
325,91,89,266
321,87,93,263
321,84,90,274
324,81,86,274
324,82,87,276
323,85,88,263
327,76,87,273
325,70,89,278
320,68,89,278
328,66,87,283
317,62,96,282
319,64,93,278
315,64,94,276
313,66,97,274
318,65,92,269
310,65,93,267
308,70,102,269
307,71,100,272
308,75,97,267
305,78,102,261
302,78,98,267
298,81,118,266
296,93,135,253
298,92,131,248
290,88,145,260
291,84,138,264
297,87,136,257
285,81,170,270
285,87,164,255
285,82,182,264
281,85,169,260
283,88,163,256
281,86,164,258
285,91,154,247
280,85,163,261
280,90,169,257
279,97,173,246
273,100,172,242
278,92,168,257
275,97,170,241
274,95,165,245
273,89,172,242
271,81,172,255
282,79,160,234
271,84,162,230
274,80,165,224
273,84,170,220
268,84,163,214
268,77,166,225
269,85,161,223
271,82,160,225
269,85,156,218
266,94,153,205
261,95,165,211
263,92,152,210
263,98,160,207
260,95,150,210
254,104,163,207
258,105,146,205
273,98,134,209
261,108,132,201
255,109,132,203
245,112,133,206
232,113,140,207
216,108,159,221
191,109,181,231
186,113,181,236
181,105,178,239
172,111,181,236
167,114,183,241
173,113,170,238
168,113,172,240
159,127,177,226
165,117,176,234
142,121,202,231
159,128,163,224
166,114,121,236
155,105,131,238
154,102,130,236
150,95,139,244
155,90,128,246
154,90,124,230
151,88,142,234
148,92,146,246
150,92,138,232
148,95,132,237
154,95,117,234
152,100,113,224
151,95,111,244
153,92,112,249
152,95,106,253
156,91,100,250
151,95,100,240
153,93,96,245
150,92,94,248
145,96,98,243
142,96,99,244
139,98,97,245
130,102,100,242
127,109,102,238
127,108,102,239
126,112,101,230
126,114,107,222
118,112,112,230
120,107,113,234
120,102,112,240
120,105,116,231
116,101,118,238
119,94,115,246
117,92,120,251
117,86,120,249
118,81,121,252
117,76,123,262
117,75,125,262
109,69,128,274
116,67,126,268
108,66,123,271
112,63,118,277
109,60,122,281
110,62,119,267
106,53,117,281
105,53,122,291
107,50,121,300
108,49,117,288
109,45,115,298
106,43,113,304
113,44,115,298
114,42,104,305
117,40,102,311
117,41,103,308
120,48,98,306
114,46,104,302
121,48,99,306
118,50,102,304
119,50,97,303
115,51,103,297
120,53,95,297
119,51,95,299
120,58,94,297
123,57,94,293
122,56,100,296
120,50,97,297
116,55,111,297
114,48,111,299
112,63,116,294
114,56,117,295
114,66,120,292
116,69,117,287
122,58,113,293
116,70,119,286
116,62,122,288
108,65,132,294
102,74,144,288
101,69,142,291
83,70,159,292
89,88,156,268
77,84,165,267
83,90,161,263
85,94,163,261
85,106,160,249
86,96,157,259
91,100,155,254
96,91,152,258
110,105,140,244
111,97,139,259
109,101,138,247
133,97,114,260
134,104,118,253
139,105,113,251
150,110,102,241
151,104,102,248
151,103,106,255
155,103,105,250
159,106,103,245
161,105,101,256
159,101,109,253
140,108,136,250
147,118,134,243
164,113,118,248
155,108,129,243
164,117,124,235
181,106,107,241
186,113,107,254
193,100,102,244
199,103,97,250
193,103,105,248
210,112,88,239
205,107,94,250
214,110,88,245
211,111,92,241
213,101,92,249
223,102,82,252
224,100,85,254
220,100,92,246
211,99,106,253
215,101,103,243
212,105,109,247
219,102,107,244
220,102,106,247
224,101,101,247
228,105,96,245
230,101,99,247
240,102,88,243
241,113,91,239
241,105,88,248
250,117,82,238
249,111,83,230
252,121,83,226
254,118,80,221
256,117,81,228
261,123,80,221
262,121,78,219
269,119,77,212
280,128,70,198
283,122,68,203
288,119,71,205
291,116,72,206
297,116,74,207
299,112,77,202
303,114,72,203
309,115,71,196
313,111,75,193
316,111,74,196
323,111,73,193
322,112,74,187
326,109,69,189
333,105,66,192
336,102,60,199
335,100,63,197
341,99,63,188
338,97,61,184
343,95,58,187
349,93,57,186
351,97,57,182
355,96,57,182
359,99,56,180
363,103,52,169
366,103,55,171
369,107,54,173
374,110,54,166
377,114,54,177
379,120,55,175
382,125,55,177
384,131,56,175
383,136,58,177
386,140,57,178
389,142,56,182
393,147,54,184
391,150,56,184
393,151,56,182
396,154,54,184
397,155,56,185
399,156,53,183
400,156,56,183
401,156,55,187
401,154,61,187
406,154,55,184
404,156,56,187
408,157,57,175
406,158,53,171
407,157,57,166
407,157,57,175
407,156,58,175
408,155,57,180
410,156,56,172
409,156,54,164
410,157,56,157
412,154,58,157
413,155,56,143
416,154,55,146
415,153,58,145
417,150,56,149
415,149,59,149
413,148,61,153
415,146,58,159
413,144,56,166
412,142,59,175
410,146,58,175
408,149,60,172
407,149,58,171
405,151,60,166
403,150,59,177
402,150,61,168
407,147,57,178
404,147,57,178
403,147,56,166
401,146,58,167
398,142,56,161
395,140,51,151
395,139,57,147
394,134,53,140
391,131,55,141
390,124,57,164
388,115,52,162
388,115,57,166
384,108,59,163
389,102,55,173
393,96,51,164
395,93,52,150
399,91,50,144
398,92,51,139
402,88,50,144
407,92,43,140
409,95,43,143
413,100,40,142
414,111,37,140
416,120,35,145
417,122,32,152
416,127,31,146
417,136,30,140
419,147,26,134
420,168,26,124
420,168,26,124
420,168,26,124
420,168,26,124
420,168,26,124
420,168,26,124
420,168,26,124
420,168,26,124
420,168,26,124
420,168,26,124
420,168,26,124
420,168,26,124
420,168,26,124
420,168,26,124
420,168,26,124
420,168,26,124
420,168,26,124
420,168,26,124
420,168,26,124
420,168,26,124
420,168,26,124
420,168,26,124
420,168,26,124
420,168,26,124
420,168,26,124
420,168,26,124
420,168,26,124
350,177,27,118
353,178,25,120
361,166,25,124
362,158,31,122
365,154,40,121
366,154,40,120
370,152,45,127
376,151,46,136
380,151,45,146
382,157,51,148
388,164,50,148
393,173,51,150
398,185,51,153
404,197,52,152
408,214,56,141
414,228,52,128
417,241,54,112
422,257,50,103
422,266,55,94
425,275,51,85
423,282,53,75
424,291,51,70
423,292,54,65
421,301,51,58
420,300,54,61
419,297,54,61
416,295,55,63
414,293,58,64
411,290,59,66
406,283,61,73
402,274,63,84
399,262,67,98
398,246,65,108
399,233,62,121
401,224,63,129
401,212,64,139
403,203,61,148
404,195,60,148
405,186,62,153
405,177,62,158
406,172,63,157
409,168,63,154
409,165,64,155
412,162,63,157
413,159,65,162
417,155,66,159
419,156,65,163
417,153,71,166
419,151,67,170
420,153,66,163
420,154,68,161
420,155,68,150
422,152,65,158
421,151,66,156
419,148,66,157
414,148,73,155
410,145,74,151
407,143,68,152
404,139,68,156
402,138,64,158
399,138,66,158
395,137,67,161
392,141,66,156
388,140,63,161
385,142,62,160
379,140,59,167
374,140,60,170
374,144,62,162
369,142,62,165
366,145,59,166
362,147,62,163
357,149,66,163
358,149,64,162
352,149,68,168
349,151,70,167
347,150,66,171
344,158,68,163
346,158,65,163
343,161,66,161
344,160,64,166
343,158,67,173
344,155,67,180
345,161,62,173
346,159,65,174
348,157,70,179
351,159,69,177
354,160,64,171
356,158,67,181
359,157,65,179
361,157,65,178
364,155,63,175
362,153,66,170
365,153,63,166
366,148,67,171
365,147,66,165
364,145,68,166
360,139,76,172
358,138,72,171
355,135,76,172
354,131,76,174
354,129,73,176
351,130,78,183
349,131,77,179
350,134,74,185
348,137,79,190
348,142,77,186
348,148,80,184
348,148,80,183
350,146,82,194
350,151,83,191
351,150,84,193
351,152,89,194
351,154,87,184
352,153,93,186
355,154,93,187
356,152,94,163
359,149,95,157
353,149,98,158
361,143,94,163
356,139,100,148
353,135,101,133
354,129,103,121
352,127,100,119
350,118,103,117
350,113,104,116
348,104,106,122
345,102,108,125
345,101,107,129
342,100,111,137
340,106,106,129
342,104,101,139
345,104,98,151
341,103,103,149
341,106,99,152
342,102,97,161
339,101,98,170
342,92,93,179
342,92,93,177
344,85,89,193
343,88,91,194
342,88,91,193
345,88,93,198
345,88,91,208
345,94,88,217
344,101,89,210
343,106,79,229
337,116,81,239
337,126,84,232
336,146,85,215
332,162,89,200
330,178,84,182
320,196,90,164
315,215,93,147
311,228,92,130
309,230,89,127
309,230,86,127
308,223,78,132
308,222,86,134
303,207,87,149
304,203,88,154
300,193,92,164
303,186,90,173
301,173,95,183
305,167,90,184
303,165,94,196
306,163,93,199
303,160,93,194
303,157,92,196
301,165,100,198
306,158,93,195
303,163,100,194
308,166,96,195
312,157,94,197
309,156,105,198
312,149,108,207
316,142,105,214
315,149,113,205
314,142,115,215
314,140,117,217
315,138,123,216
316,136,119,222
314,130,124,225
315,123,117,232
313,127,122,224
312,126,120,228
310,135,123,221
309,127,121,227
312,138,117,222
311,133,119,223
312,129,118,229
309,126,119,233
310,124,117,227
310,133,111,222
308,128,111,229
312,126,107,222
309,124,100,237
305,127,106,234
304,125,104,228
303,125,99,228
303,121,98,226
296,122,97,232
297,112,101,238
293,115,98,236
290,115,92,236
284,118,88,229
285,117,88,236
284,113,83,241
280,120,86,232
275,116,92,235
273,125,97,234
271,119,89,237
266,129,102,233
265,122,101,231
268,128,81,226
266,131,87,231
260,126,91,230
257,136,94,231
255,134,97,228
251,128,95,230
246,133,104,228
242,126,101,234
239,133,103,235
235,129,104,226
231,135,106,231
233,129,97,221
228,140,98,218
226,140,95,217
222,147,102,212
218,144,99,218
219,143,97,219
213,143,99,221
215,141,101,220
210,135,103,214
207,150,112,211
209,135,106,219
202,147,108,219
208,136,106,216
200,140,111,221
203,135,112,228
201,138,107,217
204,139,105,227
206,134,106,210
210,141,105,206
208,140,104,212
210,140,106,213
213,137,107,223
216,141,107,211
216,136,110,218
220,134,104,223
226,133,101,223
225,135,107,222
232,131,102,222
232,132,103,227
237,129,101,226
234,133,106,227
239,134,102,224
236,134,108,230
241,129,103,230
243,133,102,231
248,128,101,227
253,125,95,235
245,113,105,247
247,111,101,249
245,101,104,257
243,103,108,253
247,102,101,254
253,91,95,259
257,98,90,263
257,86,93,270
255,83,90,272
253,80,96,274
259,94,89,266
258,78,92,275
256,73,99,281
261,82,94,288
265,68,96,287
269,77,85,289
275,64,88,291
278,65,92,290
281,63,93,293
289,61,85,297
293,51,88,303
299,53,78,300
306,48,87,291
309,37,90,296
314,27,85,298
319,18,95,298
331,14,95,281
338,9,89,276
343,6,94,281
348,0,94,279
353,-6,93,272
358,-2,99,260
363,0,98,253
366,3,99,243
372,5,99,241
375,4,98,242
377,6,102,231
383,4,102,232
383,3,105,227
383,0,118,240
394,0,119,263
399,-4,131,256
401,1,139,263
404,0,147,278
412,-2,146,302
410,0,152,299
414,5,156,298
415,1,159,314
417,6,166,309
416,0,175,312
418,-2,172,304
414,0,179,296
411,-1,180,301
412,1,195,319
410,3,204,323
410,2,206,316
408,4,212,311
407,6,212,313
398,2,222,325
402,7,222,321
420,-2,195,326
406,1,202,332
412,-2,188,334
405,-2,189,331
408,2,181,328
393,1,195,337
388,0,200,330
371,-1,223,351
370,0,218,339
364,1,238,348
357,8,248,353
367,-11,234,349
359,-5,240,349
358,-2,254,347
367,-4,223,344
376,9,186,348
373,-3,179,348
378,3,179,353
375,-10,201,363
374,0,206,354
374,6,216,347
371,4,229,341
363,6,240,355
364,0,241,344
361,11,242,332
357,1,241,348
362,1,232,356
348,2,285,355
353,0,283,357
350,-22,275,360
346,6,285,358
349,4,288,365
349,-4,279,366
353,-2,278,367
346,-5,286,354
344,5,298,358
335,-10,307,375
347,-6,283,348
353,4,293,360
365,-3,274,358
365,-15,266,375
369,0,262,372
351,-11,285,372
