124,95,247,134
134,96,236,130
126,98,253,137
130,98,246,142
129,95,246,141
128,100,245,143
129,96,235,137
130,99,241,145
123,97,245,140
128,98,240,142
133,99,226,144
130,108,225,137
122,105,237,139
123,98,230,148
125,105,223,140
119,112,231,150
113,110,233,141
106,120,223,129
103,118,232,138
100,119,227,140
107,128,225,133
100,133,226,124
95,133,238,130
99,134,227,130
97,135,232,132
88,138,229,134
99,135,229,133
101,133,229,131
99,137,228,127
94,134,226,128
101,131,228,127
100,130,231,127
102,125,229,133
105,123,228,134
99,123,233,130
108,119,226,132
105,119,228,127
112,115,224,131
113,115,222,131
119,113,215,127
120,113,213,121
117,113,220,125
118,108,224,127
125,111,210,126
121,106,219,125
122,108,215,126
123,104,218,127
122,104,223,121
125,100,218,124
122,105,227,124
125,102,221,122
126,100,220,125
128,100,218,127
127,103,219,121
125,104,216,122
128,105,222,122
130,101,218,126
131,99,216,127
134,100,212,123
135,99,214,124
136,101,210,122
132,103,206,118
137,101,212,120
137,102,206,120
138,101,208,122
139,102,200,116
144,100,200,119
141,100,198,122
152,101,190,115
152,101,189,119
153,103,190,119
153,103,191,114
156,102,186,117
161,104,182,116
163,103,179,118
165,102,180,117
168,104,172,116
174,104,168,115
174,105,172,112
176,105,172,111
178,108,168,111
181,106,165,108
184,107,163,109
185,106,154,108
189,106,147,110
189,107,156,107
189,108,148,107
191,109,144,107
192,108,145,110
194,110,129,108
192,110,144,104
195,112,135,106
197,114,128,101
196,115,121,100
199,114,128,111
198,114,128,106
199,116,133,112
199,115,132,112
201,115,128,114
201,118,130,113
202,118,128,117
203,119,129,121
204,122,130,116
209,123,118,120
214,124,107,120
212,124,106,121
219,125,97,119
218,122,90,125
225,128,78,127
238,125,67,129
243,131,57,125
240,131,51,126
238,133,49,124
235,131,49,128
232,134,49,126
228,132,49,128
224,131,48,129
216,130,64,124
212,130,70,126
207,128,83,127
202,128,93,125
201,128,93,127
197,126,97,127
195,127,101,130
189,125,111,136
191,123,109,129
188,129,116,128
182,122,122,131
180,125,128,124
181,128,135,126
176,127,135,121
176,127,143,127
176,127,131,119
175,126,145,123
172,127,144,121
172,129,154,122
166,129,163,117
167,129,149,120
169,128,152,120
164,128,164,117
166,131,169,115
163,126,172,117
163,131,173,109
163,131,176,111
162,127,174,113
164,131,175,110
164,131,177,110
164,126,180,115
166,131,178,109
165,133,180,105
161,129,183,113
161,133,183,101
162,129,183,114
161,128,181,109
162,131,176,113
161,130,178,109
161,133,177,108
157,128,182,116
157,133,182,108
158,132,180,106
159,132,179,110
161,132,174,107
157,129,180,116
154,132,184,109
158,129,177,111
158,130,179,108
155,134,179,110
157,128,178,116
157,134,179,107
155,131,183,112
156,134,180,108
154,138,181,109
153,135,185,112
151,138,187,112
153,142,181,113
153,149,184,102
151,146,185,115
149,153,189,105
147,156,194,106
149,160,190,102
147,154,194,109
147,155,192,119
147,165,194,105
146,161,197,108
146,161,189,114
146,164,192,110
143,159,194,114
142,165,196,118
142,159,203,115
138,164,199,117
137,167,210,111
139,166,204,116
135,167,205,111
139,171,202,115
135,170,210,115
137,171,213,117
136,170,205,117
137,175,213,116
135,175,209,113
138,174,220,120
135,178,209,119
138,176,203,121
133,179,210,124
135,179,206,122
139,178,207,121
138,183,198,118
140,179,201,128
141,182,198,119
139,188,204,121
134,184,201,120
138,189,197,117
137,192,204,119
146,192,192,119
146,195,196,114
140,198,197,116
145,198,201,112
140,196,202,117
144,200,201,115
144,198,197,116
145,198,201,119
147,197,200,117
146,198,207,118
146,195,206,120
145,195,205,119
148,193,206,120
152,196,198,120
152,194,203,117
152,200,202,120
150,198,201,119
155,202,197,111
152,206,197,116
154,204,195,110
152,204,201,111
153,205,197,110
154,205,197,106
157,207,190,107
154,210,198,109
150,209,200,116
156,208,193,110
155,209,192,117
153,210,200,115
152,210,203,114
154,211,199,117
156,219,199,105
156,216,205,112
160,218,201,110
162,217,201,112
166,215,199,111
159,219,205,110
163,218,204,109
166,220,197,109
170,218,198,109
170,217,192,113
163,217,196,111
168,218,197,113
167,219,198,109
166,217,194,107
170,215,196,110
169,212,196,114
175,212,194,114
171,212,201,110
170,211,200,111
170,209,206,113
171,207,195,112
180,209,188,110
176,209,198,112
172,207,202,109
177,208,197,112
173,208,206,113
174,203,202,116
182,205,195,113
178,201,202,119
182,198,197,124
180,187,198,129
182,185,196,134
182,182,193,143
182,179,197,134
173,173,200,144
186,168,198,152
176,158,193,166
190,156,193,166
180,151,195,170
188,145,203,170
172,142,196,172
184,141,205,186
179,143,197,174
186,141,198,174
179,141,202,174
189,143,191,174
190,138,199,171
184,133,193,170
185,136,193,170
186,136,200,174
189,136,197,172
186,135,189,172
193,135,190,167
190,135,194,168
192,137,195,164
193,135,195,168
187,134,195,175
189,131,199,175
195,132,192,173
192,133,189,161
193,132,191,168
197,134,193,163
189,135,193,157
195,130,191,166
194,134,185,161
196,131,193,165
193,136,190,160
190,132,194,166
196,132,180,162
194,132,187,166
195,130,184,167
195,130,182,168
196,129,185,172
194,131,187,175
193,128,188,180
194,127,179,181
196,129,186,175
192,131,185,182
194,128,186,178
191,128,183,179
193,126,182,181
190,129,181,179
191,124,176,180
194,122,173,181
194,124,173,183
196,121,167,181
189,121,166,186
198,117,166,188
187,114,165,187
195,116,164,192
189,113,158,190
196,118,157,188
189,112,162,190
194,115,157,191
192,111,155,191
194,112,155,197
193,111,151,193
192,110,152,192
192,114,143,191
196,108,141,192
190,111,149,185
185,112,153,191
191,113,136,185
188,113,144,186
192,100,137,194
189,109,138,186
194,101,131,189
187,105,138,189
191,94,136,195
191,98,129,197
189,100,136,187
188,104,136,189
196,98,125,192
196,96,124,192
201,93,118,193
199,89,120,194
197,88,123,195
198,89,120,190
198,83,117,194
197,86,117,192
199,80,114,194
194,79,124,190
193,73,128,193
196,77,124,187
193,77,134,190
193,74,140,191
195,76,136,190
196,73,139,194
199,70,134,190
202,74,133,192
197,75,142,186
204,78,138,189
210,71,130,181
207,72,137,189
201,67,144,182
201,69,145,180
199,79,152,181
202,66,148,182
215,70,138,184
205,71,150,181
208,66,147,179
212,64,146,177
232,68,129,184
216,58,146,181
202,67,165,174
225,59,141,180
218,72,155,175
226,69,146,177
238,67,135,182
231,68,144,177
237,65,141,179
244,72,140,182
223,73,160,169
230,70,153,172
233,67,155,176
238,64,153,175
239,70,156,170
240,69,157,169
247,67,150,172
251,69,149,177
240,65,164,173
247,74,160,175
264,71,148,174
248,75,163,167
260,72,154,168
265,76,153,173
277,71,141,170
284,78,135,171
284,72,139,175
296,73,124,171
298,79,128,173
295,74,132,173
290,80,134,171
292,76,138,177
293,77,140,178
303,76,128,178
295,74,134,180
296,76,142,176
295,75,145,174
304,81,140,182
312,79,134,179
300,83,146,170
300,81,153,173
304,83,155,167
308,85,151,172
305,82,153,173
304,80,158,177
303,83,161,174
308,80,160,177
311,88,159,170
311,85,160,172
310,89,161,164
309,90,167,163
318,89,163,167
323,90,161,167
317,87,165,164
322,88,164,165
326,89,167,160
325,89,162,160
328,90,163,163
320,91,169,161
323,92,173,162
325,95,172,158
327,88,165,165
337,93,157,160
343,91,157,160
336,91,162,163
332,95,165,159
340,91,161,161
346,91,155,159
354,87,148,163
356,93,144,164
339,90,166,161
335,94,167,157
348,93,158,158
342,92,164,157
348,92,154,156
359,89,149,162
366,93,142,159
362,87,146,160
357,90,152,157
361,90,151,160
358,85,156,163
385,98,129,158
380,91,134,159
379,88,136,163
378,85,141,164
392,94,130,158
387,94,138,158
388,91,137,161
386,91,143,165
386,94,147,158
383,89,149,162
402,93,133,166
397,97,142,156
395,92,145,160
405,92,138,162
411,93,138,167
404,93,147,162
406,92,148,165
406,96,155,158
415,99,146,158
417,97,149,161
425,98,142,159
424,97,145,159
425,95,147,159
433,99,141,160
441,100,134,161
440,98,139,162
444,98,138,158
442,104,142,155
446,97,141,155
452,104,138,155
453,100,140,160
462,98,129,165
458,103,135,160
466,103,129,159
468,103,129,160
465,99,135,165
469,100,131,162
466,106,132,162
475,101,126,161
472,102,130,160
473,105,129,166
476,102,127,161
475,101,134,167
480,101,132,166
480,101,131,163
484,99,127,164
485,100,128,161
482,103,136,161
485,104,134,161
487,103,128,164
486,101,129,163
484,102,139,167
495,103,125,165
490,109,132,162
490,104,131,166
491,106,134,161
490,103,135,166
492,104,130,166
492,102,131,162
490,108,139,161
488,107,136,164
494,105,127,165
487,107,135,163
486,107,133,165
494,103,123,168
490,102,128,169
484,107,139,164
484,103,130,167
481,101,135,166
485,97,128,173
480,102,129,162
478,101,132,165
477,102,129,162
470,102,138,161
472,101,133,163
470,98,131,165
462,96,141,165
463,106,136,161
463,99,135,166
464,102,130,160
465,103,126,155
456,104,132,156
456,101,132,156
453,101,131,158
450,102,132,157
452,102,126,157
442,103,134,159
437,99,138,157
431,103,141,159
433,101,134,160
432,102,129,162
428,94,132,161
424,104,132,160
424,99,126,162
418,99,131,157
418,101,125,158
411,96,131,160
404,97,137,160
402,101,135,157
398,98,138,159
398,98,132,161
392,101,137,160
389,97,138,160
392,100,128,164
388,99,130,161
386,97,128,162
379,99,135,159
382,95,127,161
379,97,128,159
372,102,132,161
371,101,131,158
369,100,131,161
368,98,130,155
366,99,129,161
358,101,135,158
351,97,137,157
333,95,159,161
326,95,162,155
338,98,143,156
320,99,165,154
317,95,159,156
320,93,159,160
317,96,157,160
321,95,151,160
318,97,155,162
319,100,151,161
311,93,152,165
314,102,158,157
309,102,152,164
313,102,149,161
308,98,150,165
318,109,141,159
307,100,148,166
315,107,135,161
305,105,143,162
300,107,146,163
296,106,150,162
296,108,143,164
293,103,143,171
292,107,143,163
291,107,146,166
280,110,149,162
287,106,143,162
282,110,145,160
280,110,143,162
277,112,145,159
276,111,142,163
276,109,143,164
269,109,149,163
269,109,148,166
269,111,141,167
265,111,140,159
267,111,139,163
264,113,140,169
265,113,136,164
257,116,142,162
261,115,137,163
260,119,133,163
263,115,136,163
258,121,135,166
253,120,133,162
251,123,138,166
257,122,127,168
252,123,128,165
249,118,128,170
242,121,129,166
239,119,138,169
240,124,129,166
239,123,129,166
237,122,124,168
230,122,130,169
234,126,120,169
235,124,117,166
231,127,122,168
226,122,124,166
219,126,130,169
223,128,118,166
212,123,130,168
214,123,127,167
218,123,118,167
205,122,133,163
207,124,128,170
208,119,120,168
202,124,131,166
200,120,128,168
198,121,128,165
197,121,128,165
192,120,129,167
190,119,133,165
190,124,131,162
194,120,117,157
184,121,132,161
185,122,129,162
180,125,134,165
180,119,125,160
180,121,127,166
177,121,130,161
180,125,121,161
175,121,124,166
176,119,118,160
173,120,119,162
164,121,127,162
170,118,119,164
172,119,113,161
175,121,108,163
176,123,103,163
176,121,100,163
172,125,107,156
166,125,110,157
168,122,107,163
175,122,97,164
165,123,109,159
163,120,110,160
162,121,112,163
150,122,128,161
154,122,121,158
151,126,126,160
149,122,126,159
149,125,126,161
148,121,125,160
144,125,134,162
144,123,130,158
142,123,136,163
140,125,141,157
139,123,144,159
142,121,134,156
140,121,141,158
141,123,138,159
142,125,135,153
139,123,145,156
139,123,140,156
140,123,144,162
137,122,147,155
140,125,141,157
137,122,146,154
138,124,147,154
137,126,148,151
137,123,143,152
134,123,150,151
134,121,151,155
134,122,150,152
135,123,146,152
133,123,155,147
133,126,149,145
133,123,155,153
130,125,157,148
136,126,160,147
128,125,159,142
133,126,159,146
132,124,158,149
129,126,156,143
132,125,162,144
127,125,171,144
128,122,172,151
125,122,175,150
126,123,175,146
127,125,169,143
125,125,173,139
126,123,177,151
126,123,170,147
127,127,172,139
122,125,179,144
125,122,183,148
123,124,176,147
128,124,177,144
123,126,176,143
120,124,182,146
123,125,180,142
119,128,190,139
120,126,181,140
116,128,188,139
118,122,188,149
116,128,185,135
115,126,187,143
115,124,187,147
111,126,193,134
113,129,193,138
116,130,188,127
117,130,186,133
115,130,190,137
115,129,189,131
116,129,188,132
112,126,190,143
110,128,197,133
113,130,195,133
111,132,192,129
113,131,190,135
113,137,190,119
113,133,194,131
113,137,196,116
113,133,194,122
111,135,192,130
109,137,196,120
112,136,193,121
110,138,190,119
109,139,195,116
108,139,192,115
108,139,192,121
105,139,194,117
107,143,190,115
106,143,193,109
107,147,189,102
101,142,195,104
105,148,188,96
100,142,193,99
101,142,194,105
98,146,194,97
97,145,191,98
101,147,188,97
98,144,188,101
95,143,191,101
96,142,189,101
94,145,191,96
95,142,190,104
89,142,196,100
97,142,182,104
96,142,186,105
94,144,189,98
86,145,190,99
92,145,193,100
88,143,184,96
86,149,190,94
92,150,181,90
87,150,191,89
85,142,191,102
90,150,184,90
86,144,185,99
93,157,177,80
86,149,183,86
86,150,186,86
79,148,189,88
88,148,188,90
86,157,186,77
85,151,193,83
83,157,191,78
89,155,182,81
87,148,186,89
87,141,189,98
91,154,193,83
88,148,190,86
93,146,187,86
90,154,193,78
91,146,185,89
94,154,185,77
96,148,188,85
96,149,186,85
98,156,189,76
100,145,183,86
105,148,184,84
96,145,190,84
102,147,188,81
106,146,185,79
105,145,194,82
106,143,198,81
106,147,198,75
111,148,190,75
109,146,194,77
117,150,183,72
115,147,190,75
112,147,191,74
121,148,188,71
115,152,185,67
122,152,184,69
120,146,192,72
120,150,188,66
120,150,195,66
120,152,192,60
123,153,189,61
126,153,186,60
131,153,181,59
130,153,181,59
132,155,182,56
136,148,176,64
134,145,176,65
129,148,185,65
139,146,175,69
136,147,175,64
130,146,183,68
135,149,174,62
135,149,179,64
130,148,186,66
131,145,187,68
128,148,193,70
127,143,192,75
129,142,189,77
131,144,188,78
137,143,181,80
129,151,191,72
125,152,195,74
126,162,193,64
130,169,190,59
134,169,187,55
128,167,193,60
128,167,194,57
131,169,189,59
128,166,193,60
129,167,192,61
131,163,189,66
129,167,191,65
126,165,196,62
124,167,194,63
128,166,192,65
124,163,196,68
125,166,195,68
124,163,196,70
125,163,195,71
122,163,199,72
124,163,196,73
122,165,198,71
122,159,199,78
120,157,199,82
124,160,198,80
123,157,197,83
123,157,197,84
121,156,198,85
125,159,196,82
120,163,198,80
124,163,198,80
120,158,199,86
128,159,192,83
122,164,201,82
122,160,200,86
122,161,204,84
125,158,200,90
127,163,189,82
130,161,195,86
125,163,193,82
128,159,193,88
129,159,192,86
129,158,187,88
132,156,190,90
136,160,188,84
135,158,184,86
133,155,190,91
136,160,186,83
135,160,184,83
131,153,186,91
135,154,195,91
133,156,194,85
138,162,183,78
138,159,181,81
138,155,182,86
135,152,187,92
136,152,187,91
135,158,181,82
142,158,179,82
138,157,179,85
143,159,177,78
142,158,178,80
140,152,179,89
142,146,180,100
141,150,180,95
142,155,176,87
138,159,182,81
139,152,179,92
137,149,187,99
142,153,178,94
142,157,175,85
139,155,178,90
140,151,185,98
137,146,177,102
141,154,174,95
139,156,179,90
136,151,174,99
141,154,181,97
133,158,176,90
139,150,179,100
142,153,174,98
137,153,172,100
140,151,175,100
143,155,173,98
138,148,175,106
142,149,173,104
133,157,175,96
139,150,181,104
139,156,171,94
138,156,175,93
144,154,173,94
136,152,172,99
142,151,177,100
143,149,170,101
147,151,168,100
143,153,170,97
143,150,174,101
140,149,170,105
142,144,177,107
140,151,176,95
141,154,178,98
142,151,171,100
147,155,175,96
141,148,174,109
149,151,172,105
147,153,171,103
148,153,172,104
144,152,171,107
146,161,176,96
151,157,170,103
152,151,173,109
154,153,171,109
157,155,166,108
147,153,171,112
155,167,165,97
154,164,171,101
159,159,174,105
160,155,171,111
160,148,170,119
157,160,177,104
165,157,168,109
161,154,170,112
166,157,167,107
167,150,173,115
165,161,175,105
169,155,177,110
169,154,173,114
172,149,172,119
176,160,173,109
176,154,170,117
179,154,175,115
183,162,171,105
180,165,168,107
181,164,175,103
180,167,175,104
190,168,166,102
195,169,166,96
191,165,165,106
188,154,175,115
186,166,174,103
191,164,169,108
193,170,165,99
194,163,167,109
194,164,164,106
195,162,165,108
198,163,163,107
201,167,159,104
197,163,166,108
196,162,162,107
197,159,163,110
197,160,162,110
197,161,158,109
201,157,159,111
201,159,156,108
201,163,161,106
200,170,155,100
201,174,156,95
202,176,151,94
203,182,159,85
203,181,154,88
203,181,157,90
208,183,150,85
203,184,159,87
204,182,155,90
206,182,152,92
209,184,146,88
208,182,147,91
222,187,135,86
220,183,134,92
224,182,129,91
228,183,124,91
221,181,124,96
217,166,131,110
227,161,122,111
218,155,127,117
219,153,119,116
218,151,125,127
220,145,120,131
220,148,123,130
216,141,124,133
220,142,124,138
219,150,123,129
221,153,121,127
220,147,118,135
219,148,120,133
220,136,122,145
211,164,130,120
219,160,122,122
220,152,121,130
221,142,114,141
219,154,117,132
220,148,109,137
221,164,100,123
217,180,98,104
226,184,85,101
220,179,87,101
222,183,82,99
225,181,77,99
226,181,74,101
227,182,68,98
227,177,72,101
225,181,76,100
227,179,66,101
231,176,61,102
230,175,66,105
232,177,56,104
235,176,55,101
236,177,53,106
240,174,49,105
245,169,48,109
246,167,50,112
248,165,51,114
246,165,56,115
240,164,65,116
239,163,69,115
232,165,81,111
235,164,82,111
229,166,93,110
232,167,89,104
232,164,93,109
227,161,113,110
229,159,104,115
227,159,111,118
227,157,108,119
223,160,118,114
221,159,118,120
221,159,120,117
220,161,122,115
215,157,129,123
212,158,132,123
206,154,138,130
208,157,143,120
209,158,138,121
211,153,143,127
205,157,144,120
205,159,146,119
207,156,150,125
206,152,146,129
204,157,159,123
208,160,149,120
203,155,153,127
209,158,158,121
201,165,159,114
200,155,167,124
199,162,165,113
197,159,163,117
201,155,162,117
202,162,163,109
199,164,164,110
196,152,175,125
196,159,168,116
199,166,169,108
207,156,166,120
201,158,165,118
204,162,176,112
196,152,171,121
198,159,170,113
199,159,177,116
197,156,169,118
201,152,170,122
193,158,171,112
196,155,171,117
199,164,169,105
201,156,172,116
188,153,177,119
194,152,182,124
190,152,177,126
198,150,177,131
195,154,173,125
194,147,181,134
191,151,181,133
194,152,175,126
198,150,179,133
189,161,174,120
195,150,185,133
188,150,179,135
196,150,180,133
193,153,181,130
196,162,177,116
197,152,179,133
191,155,181,126
195,154,180,127
192,145,179,139
194,155,179,130
192,148,187,139
188,151,190,132
192,153,179,131
190,146,185,138
190,150,189,132
184,153,192,131
197,155,182,128
199,146,171,133
201,144,184,143
195,141,171,146
196,148,170,138
189,144,178,144
203,149,170,136
200,147,173,131
203,151,167,130
199,142,179,140
193,151,181,134
202,142,179,141
196,146,178,139
198,138,179,150
205,152,170,133
203,143,172,140
204,139,172,146
201,144,172,144
205,139,171,148
208,145,175,138
204,139,172,149
205,143,174,146
206,136,172,148
210,144,163,144
211,148,166,137
215,142,156,143
210,152,159,132
212,147,152,136
210,150,156,132
205,150,159,133
203,155,158,126
207,154,157,121
204,158,158,119
202,160,160,117
204,151,159,133
205,158,159,127
206,158,159,127
212,157,151,127
208,154,158,130
211,159,150,125
212,155,155,131
219,161,144,125
219,159,145,125
217,155,145,132
219,155,150,133
223,160,143,126
220,158,146,127
219,161,147,127
221,161,140,122
219,163,149,126
214,160,146,130
216,155,149,132
215,159,148,129
216,155,148,130
217,156,148,130
212,156,153,127
211,157,159,125
216,162,152,124
223,160,148,125
219,167,144,117
212,162,153,121
217,163,150,120
208,160,160,122
217,164,151,125
215,159,150,121
223,164,149,121
223,161,145,120
216,161,155,121
225,164,145,123
219,158,149,129
228,163,138,126
220,159,148,127
225,162,150,124
224,159,144,128
228,160,143,128
218,160,151,129
225,157,143,134
225,159,149,129
217,155,153,131
229,162,140,125
222,165,147,119
226,162,147,119
222,165,145,119
227,163,144,122
227,168,143,116
234,165,142,121
224,164,146,123
227,164,147,119
231,166,145,116
228,169,142,111
229,172,145,111
227,168,146,116
230,169,147,117
226,171,149,116
227,165,144,123
233,175,140,107
227,175,144,110
233,176,144,99
232,176,142,102
234,177,143,100
235,178,143,101
237,176,141,107
240,176,142,112
237,177,144,119
243,180,143,116
243,178,142,118
246,181,145,117
245,180,147,122
254,182,146,121
249,182,149,117
258,182,144,113
258,182,147,120
263,182,140,119
261,180,147,122
266,181,149,121
266,183,149,122
275,184,148,121
266,186,157,116
276,189,149,121
279,184,153,122
271,183,159,127
280,185,159,121
274,188,159,124
283,186,160,121
279,188,158,124
287,190,160,121
282,187,162,119
286,189,163,122
283,190,164,118
288,189,165,118
289,188,174,114
283,188,169,121
286,195,169,109
291,192,171,116
290,194,176,109
290,196,168,112
292,203,170,103
292,198,170,107
294,201,174,105
284,202,181,100
289,202,183,103
290,207,184,100
284,202,189,110
286,205,188,108
284,208,200,98
283,210,198,108
283,206,205,108
283,208,203,107
283,207,200,112
281,204,205,112
282,206,212,115
281,204,209,113
284,201,208,121
280,204,211,119
287,203,205,117
283,204,210,120
286,204,212,123
282,204,209,124
289,203,213,132
282,203,206,125
288,210,217,126
284,208,207,125
293,209,209,120
292,209,209,117
291,212,218,119
291,207,213,126
291,211,216,124
294,209,212,122
293,210,216,121
292,207,219,133
287,206,219,131
294,204,216,136
292,211,222,126
290,208,224,130
293,208,222,134
287,208,224,135
290,208,223,134
292,209,219,133
289,213,217,128
290,214,220,125
289,215,219,127
289,216,216,128
287,216,222,129
285,218,220,128
285,218,219,128
286,218,219,129
285,219,221,128
287,221,216,130
285,221,223,126
291,222,210,129
291,222,213,128
289,221,207,132
297,222,202,128
296,224,205,131
290,219,200,138
296,223,208,130
289,229,206,127
295,222,206,125
297,222,196,136
297,224,196,132
295,226,194,133
297,226,195,131
298,227,194,132
296,225,194,132
299,228,188,131
