96,69,136,153
97,71,131,153
97,72,128,155
92,67,131,156
90,75,135,148
89,68,134,155
91,67,133,157
87,67,136,157
94,66,133,157
87,72,138,152
89,69,133,155
85,76,136,149
89,65,132,163
86,70,137,157
86,71,136,159
83,70,137,162
83,70,135,163
83,73,138,159
80,72,137,162
84,77,131,159
86,76,132,159
84,73,130,164
86,74,130,164
90,76,129,160
84,71,128,169
83,79,132,161
81,74,133,165
82,77,126,166
80,77,127,166
83,79,125,165
77,80,131,164
79,86,131,155
76,86,130,158
80,86,124,160
76,81,130,163
78,85,128,159
74,82,127,161
76,82,127,160
68,87,130,156
76,84,124,154
65,88,126,153
68,87,133,154
67,88,131,154
66,86,129,154
66,83,125,157
66,86,131,158
65,84,127,158
66,83,134,157
63,94,131,148
69,84,130,159
72,88,127,151
66,85,129,153
70,80,124,157
71,80,126,154
71,73,127,155
75,71,131,155
71,70,128,150
78,63,125,154
78,51,122,157
81,54,122,152
82,46,122,151
84,51,121,141
85,42,121,147
83,37,124,146
84,34,125,148
89,29,124,148
89,25,123,149
90,17,124,152
91,12,127,154
94,10,128,148
91,13,128,142
94,6,126,144
95,5,126,142
98,8,124,138
96,7,129,136
95,6,129,131
99,12,128,126
102,7,123,129
102,8,123,128
101,12,126,127
102,12,126,129
101,8,126,135
101,6,126,141
98,8,128,141
101,9,123,144
102,8,124,147
100,12,127,152
100,10,125,159
101,15,122,160
99,21,123,162
100,35,118,157
100,41,121,157
99,49,124,157
100,55,120,157
98,65,121,156
98,74,119,153
100,74,116,157
102,82,112,159
99,86,114,155
96,86,116,159
93,86,120,164
90,84,114,167
93,83,115,164
93,87,114,158
92,88,116,156
92,85,117,158
90,82,116,158
88,84,118,159
88,82,119,159
86,87,125,156
86,82,130,163
88,85,130,165
90,86,131,165
88,89,138,166
96,92,139,167
104,92,138,168
107,94,145,166
118,101,137,165
123,108,152,161
124,110,157,161
131,103,150,165
136,102,145,171
151,107,130,167
161,118,126,160
172,113,116,167
176,120,114,150
184,119,107,151
196,119,99,147
204,117,94,145
215,116,83,139
220,114,78,140
220,114,78,140
220,114,78,140
220,114,78,140
220,114,78,140
220,114,78,140
122,110,103,163
113,105,109,172
111,111,110,164
109,113,113,161
104,99,115,181
101,107,112,173
100,99,111,179
96,107,119,167
95,111,116,161
93,105,115,169
92,97,122,181
92,95,121,185
99,90,116,195
97,92,118,187
100,92,114,187
99,104,110,165
101,100,109,182
98,102,113,177
98,103,114,176
100,109,118,171
107,109,111,176
108,115,115,170
108,117,116,173
115,116,113,170
111,121,122,178
113,122,124,175
116,119,115,177
121,121,109,181
126,116,105,185
133,116,95,184
131,124,101,172
135,123,100,175
136,129,98,167
213,61,104,152
209,60,106,149
145,135,100,161
145,126,106,171
190,51,118,152
158,48,151,149
169,45,126,156
165,49,126,143
156,49,127,149
145,46,126,159
133,53,130,150
122,61,133,145
109,61,131,149
101,65,127,151
87,73,128,150
79,76,131,149
72,78,131,151
67,81,128,152
56,90,135,150
52,89,128,154
59,93,123,151
63,92,117,156
57,92,119,152
61,99,115,146
59,94,114,152
63,97,114,148
67,100,116,143
69,100,109,145
72,99,114,146
78,99,115,142
85,91,111,148
88,94,114,143
93,93,114,141
104,96,110,137
108,92,111,146
112,101,115,138
124,104,112,141
128,112,110,141
134,118,107,137
138,121,109,142
148,127,107,140
152,122,105,149
157,126,103,145
154,129,112,147
158,132,112,145
170,133,99,141
168,133,101,139
173,132,103,140
177,134,96,140
178,133,94,141
180,133,93,138
181,134,92,136
181,136,91,135
180,131,91,142
180,132,88,141
179,134,90,141
173,132,97,143
169,132,99,144
171,134,95,142
165,134,99,139
164,136,100,139
167,139,92,133
163,134,94,139
158,135,99,136
155,139,95,133
150,140,99,131
146,138,104,134
144,142,99,130
148,138,102,136
146,137,96,136
147,140,101,133
147,135,95,140
146,136,100,136
144,132,101,140
146,134,103,136
144,135,102,131
148,136,98,135
142,135,106,138
144,136,101,136
145,136,100,139
142,139,103,136
140,139,104,136
143,138,100,138
141,141,102,133
143,138,98,135
144,139,99,132
144,140,100,129
137,139,103,126
148,136,99,127
146,135,103,126
146,134,110,127
147,137,111,125
154,130,103,132
159,130,102,131
166,130,100,129
175,131,93,126
185,129,85,126
182,127,91,124
184,130,91,122
190,130,87,122
199,131,78,122
202,131,77,122
202,134,78,121
203,135,80,122
204,140,74,120
206,145,77,116
208,146,77,114
210,147,76,114
211,150,72,111
211,157,73,102
215,163,66,92
214,170,62,105
214,172,61,98
214,175,60,103
214,174,60,100
215,172,58,101
213,170,62,97
212,169,60,107
208,166,67,113
205,165,71,106
205,165,69,105
206,169,68,103
205,169,68,106
203,171,71,104
202,174,71,103
206,172,68,107
203,174,70,102
205,172,71,105
204,172,73,107
205,171,72,106
206,170,72,110
207,170,69,112
205,170,74,109
205,169,72,114
208,169,70,113
205,169,74,110
208,167,73,110
208,165,74,112
209,162,75,110
206,163,81,100
207,161,81,91
208,155,79,108
208,153,82,109
209,148,81,114
208,147,85,115
210,143,82,115
212,141,80,116
213,141,81,114
215,138,78,119
218,137,74,120
219,133,73,126
220,133,71,123
221,135,61,124
221,133,70,125
223,132,68,128
224,129,66,132
222,128,68,133
222,126,68,133
221,128,70,128
219,126,70,127
217,128,73,131
214,130,72,129
213,134,70,128
209,136,78,121
207,140,76,131
203,145,80,132
199,145,84,136
196,149,88,134
187,152,96,134
184,153,91,134
176,155,97,135
168,158,100,133
167,159,98,133
176,155,85,138
179,156,83,137
174,156,86,134
157,156,110,132
158,155,105,130
157,152,111,131
161,144,114,131
171,138,105,130
179,136,96,131
189,131,89,127
196,124,88,129
204,115,81,134
208,105,85,139
212,91,99,158
220,85,92,157
225,79,86,161
232,78,84,159
232,71,93,188
234,58,92,203
237,55,95,210
237,55,98,211
240,53,100,220
246,48,101,228
243,41,103,230
240,43,109,223
242,43,108,218
248,32,107,241
265,31,87,241
228,31,121,254
254,30,95,232
257,23,90,241
255,10,92,262
253,3,96,258
229,40,111,230
233,41,108,222
225,50,108,215
225,53,106,206
221,64,110,194
220,72,118,189
221,78,97,179
221,83,90,160
222,82,86,163
217,82,92,166
213,65,105,185
212,88,125,176
210,76,141,189
208,71,151,197
199,54,162,215
217,40,132,229
232,25,106,244
247,18,91,251
253,18,80,245
214,94,118,234
232,22,114,243
249,23,98,241
256,25,89,239
222,50,99,237
232,33,118,234
245,33,101,228
236,41,110,228
229,48,121,217
223,58,130,207
229,61,116,204
225,75,110,186
227,74,98,182
229,67,91,179
236,58,92,191
239,50,90,218
239,40,96,223
243,35,93,230
245,27,97,238
248,26,97,241
249,23,100,241
247,23,103,251
252,21,101,243
259,24,93,243
262,30,93,240
258,31,98,238
256,38,99,228
263,48,91,221
262,55,93,214
256,62,91,204
256,71,92,195
259,78,75,186
250,83,81,180
244,91,86,171
241,85,86,175
240,76,86,183
235,68,90,196
234,64,93,201
244,59,82,206
244,57,84,213
245,51,86,215
237,54,95,213
257,52,75,209
215,93,66,188
214,138,71,150
206,144,79,131
203,144,83,125
201,142,89,122
202,136,90,122
206,132,89,129
208,128,85,130
213,124,84,133
218,121,82,133
222,122,76,133
226,123,79,134
230,120,102,141
237,130,113,133
237,120,110,140
236,103,117,158
241,117,112,147
231,112,124,146
227,109,128,151
223,116,126,144
223,107,140,154
216,112,139,149
216,114,132,147
219,120,146,143
214,116,146,146
220,126,140,136
212,112,146,147
211,121,156,144
207,119,154,143
217,130,153,135
200,110,168,147
200,124,166,141
205,107,161,145
203,129,163,135
201,118,171,145
