112,163,68,43
117,161,67,45
117,160,67,44
115,160,73,44
117,159,70,44
116,159,67,44
113,158,73,45
113,157,73,46
116,159,70,49
116,158,72,49
118,156,70,50
115,157,70,47
113,154,75,49
113,163,73,38
115,161,74,42
115,156,75,50
114,162,74,44
112,157,77,48
114,159,72,44
118,160,66,40
120,157,64,49
121,160,72,42
119,163,78,41
116,161,76,46
125,156,64,47
125,149,80,51
132,138,76,59
136,129,77,50
149,123,83,54
154,112,87,54
169,110,80,58
169,103,83,62
178,103,81,56
192,105,76,54
191,104,77,55
195,109,73,51
199,121,66,47
192,127,69,51
188,136,69,59
185,135,71,61
191,136,62,59
193,139,58,60
191,138,58,58
190,140,61,55
186,138,72,56
186,136,78,58
193,137,71,58
194,136,73,62
196,135,73,62
204,138,72,64
205,134,74,73
217,136,66,67
218,138,74,56
227,137,68,68
234,138,69,61
246,142,62,54
240,142,72,50
241,140,83,53
246,137,81,53
264,141,74,46
261,136,80,54
270,139,74,49
268,135,80,50
272,137,74,49
277,136,69,52
275,135,76,52
273,137,80,47
270,133,81,54
262,142,93,45
265,137,88,57
262,145,93,51
259,137,98,60
253,133,104,69
255,124,105,83
260,131,96,75
258,119,104,86
258,132,99,74
258,135,111,71
267,130,103,80
271,134,93,75
268,139,108,68
277,147,103,63
283,148,99,58
292,149,91,54
296,153,93,49
299,150,91,53
302,151,87,54
301,151,100,58
301,148,94,61
299,152,102,59
300,150,98,63
295,159,102,58
290,159,109,56
298,169,105,47
288,169,111,48
285,164,110,54
272,147,120,68
279,144,117,73
273,136,114,81
282,146,105,71
267,157,104,63
279,158,101,60
282,154,98,62
264,161,100,52
278,162,94,48
282,161,94,48
282,160,89,49
280,154,88,58
278,152,89,59
284,150,86,57
283,151,87,52
288,149,86,53
296,150,71,55
292,149,77,54
292,146,87,59
285,143,93,66
285,141,92,71
289,136,87,74
289,137,87,73
283,143,88,71
276,144,92,70
275,158,73,58
286,156,71,61
283,165,57,51
284,168,60,42
284,170,58,35
282,170,52,35
278,172,54,33
318,163,45,31
321,163,40,30
323,162,39,30
316,161,40,28
276,169,45,34
299,156,50,42
285,155,43,43
291,152,46,48
283,153,50,48
294,156,60,42
293,155,70,45
288,153,79,48
284,155,85,50
279,154,88,57
278,154,91,55
278,153,91,57
281,151,89,64
282,149,90,73
281,150,92,72
281,155,82,63
286,156,82,64
290,158,83,64
296,156,77,69
300,153,77,71
299,154,81,65
295,155,82,63
295,156,83,61
291,159,89,58
290,164,88,55
284,164,93,51
288,160,87,55
284,167,98,47
286,167,88,50
286,168,76,44
283,168,74,43
288,172,67,40
290,171,66,39
285,170,72,38
289,172,64,38
285,173,70,37
283,176,70,34
279,176,81,34
283,178,74,36
269,178,72,35
285,178,68,33
285,178,76,34
281,176,76,34
278,171,86,39
279,166,94,44
266,164,103,45
263,158,119,54
263,148,120,67
267,136,123,80
263,150,108,66
262,147,128,69
265,136,121,79
246,139,139,75
256,154,137,61
259,148,124,71
252,140,133,80
263,127,122,97
262,123,128,100
258,136,116,85
265,128,106,97
274,123,104,98
280,144,89,74
283,140,86,78
281,138,99,79
283,129,97,95
277,132,103,83
276,132,102,81
278,130,103,80
278,131,101,76
271,130,111,76
271,143,107,67
275,144,93,67
276,139,83,70
278,150,64,56
277,158,78,52
273,159,72,48
272,167,75,42
271,165,86,41
273,166,86,40
278,165,84,41
280,167,77,38
284,166,79,37
267,171,88,35
280,165,83,35
274,168,81,33
271,170,77,34
305,158,83,36
283,162,77,39
298,158,87,42
275,164,80,42
276,168,66,39
281,163,62,45
285,160,63,45
281,154,59,54
287,154,55,57
290,155,53,57
288,153,54,61
289,149,51,63
283,148,60,64
289,144,66,72
281,143,76,65
278,142,77,65
276,144,80,61
279,141,69,65
280,139,63,64
281,139,61,68
276,139,71,70
271,140,78,67
275,144,67,56
278,147,78,49
274,144,80,58
276,139,77,67
277,136,71,78
274,144,83,72
270,139,92,78
266,140,104,86
262,135,114,90
266,137,103,86
262,135,110,89
252,137,124,88
254,133,121,91
259,132,114,94
262,136,114,89
255,137,114,92
253,137,118,89
252,145,118,79
247,145,123,78
241,147,133,77
248,146,121,82
246,146,124,83
239,146,134,82
234,137,143,90
246,138,124,90
254,142,123,81
248,146,125,75
242,143,130,82
247,142,123,85
243,143,129,84
238,134,134,97
254,129,124,101
240,126,140,102
236,134,145,93
229,122,146,102
213,121,148,110
220,138,162,91
211,124,167,99
199,126,180,97
198,133,189,96
204,124,183,105
197,135,185,92
200,127,178,107
197,133,180,100
201,128,187,106
195,119,183,113
206,122,181,110
196,125,185,99
197,133,191,95
197,134,182,96
203,147,177,81
200,142,182,84
187,145,203,85
198,132,180,99
196,135,186,95
199,129,173,106
201,127,178,109
205,128,175,111
208,128,170,103
201,134,166,98
206,132,179,95
203,135,174,95
206,135,170,102
205,149,168,87
199,140,176,100
204,133,173,110
205,137,172,99
209,122,172,122
200,127,177,110
197,140,184,98
200,135,181,105
209,141,176,94
203,137,177,93
207,148,174,92
203,137,176,104
206,136,176,106
207,130,170,116
214,147,164,95
230,139,151,105
229,157,149,83
234,142,147,98
223,133,161,110
202,133,183,107
202,143,187,102
202,143,179,106
207,134,177,111
207,134,175,109
204,144,169,97
208,140,163,100
206,137,167,97
198,132,172,100
199,136,175,97
197,136,164,95
197,141,186,85
195,135,172,101
202,136,167,102
204,132,172,114
194,131,188,101
195,135,179,100
194,139,185,97
202,132,182,106
195,128,195,110
195,134,178,103
201,138,176,93
206,128,170,115
203,131,178,119
197,127,189,117
196,135,185,110
199,134,184,107
198,131,183,109
197,135,185,101
202,128,181,114
199,132,186,108
200,132,188,113
196,129,184,115
195,139,187,107
195,130,191,115
189,126,191,120
188,137,194,108
191,144,200,100
190,140,197,96
195,147,198,104
197,135,192,112
192,139,192,110
195,135,197,116
187,130,196,108
194,124,196,115
208,125,183,110
208,127,181,104
207,117,179,104
209,122,181,100
219,123,175,97
217,121,173,103
216,121,170,105
208,115,180,111
216,122,170,114
219,119,159,111
209,125,175,103
206,129,177,97
206,132,171,96
207,133,186,92
204,120,170,101
203,134,188,89
203,130,183,97
208,122,177,111
211,124,162,111
206,120,177,113
201,136,174,91
208,126,166,102
208,126,157,100
208,137,159,95
208,134,169,99
209,130,162,102
214,134,173,94
216,137,169,95
213,132,173,98
212,129,176,104
209,124,176,116
204,127,176,103
208,125,175,108
199,132,190,104
206,130,187,108
200,128,182,111
211,118,182,117
211,115,191,110
195,116,194,107
201,117,180,112
206,128,183,98
208,126,195,91
200,131,199,96
198,128,190,101
204,133,189,90
198,136,199,89
203,132,205,94
199,134,191,89
215,121,181,102
208,130,181,105
206,129,174,106
201,129,181,102
205,128,176,112
200,129,182,109
200,132,178,108
202,134,188,104
198,128,191,115
192,132,190,107
196,123,185,117
193,122,191,120
196,127,185,116
192,128,185,115
202,131,182,115
192,121,188,122
195,130,181,114
212,141,162,114
205,142,173,110
205,152,168,101
209,140,166,117
202,130,178,125
193,150,189,101
201,154,174,99
205,141,172,116
205,139,173,120
206,130,173,129
194,133,192,127
193,150,186,99
201,139,182,104
203,150,174,93
205,145,173,92
207,129,175,110
206,134,174,107
200,134,175,108
204,133,176,108
209,126,155,112
204,135,171,104
207,133,173,107
199,141,172,96
207,142,167,94
211,134,165,98
206,146,174,88
208,141,169,101
205,133,172,101
202,143,175,93
210,128,161,117
214,129,165,98
210,134,169,89
205,135,171,86
216,138,165,92
207,138,175,90
193,132,189,102
198,137,181,90
200,140,189,91
201,132,175,99
205,130,179,88
213,126,177,81
199,129,181,83
205,129,175,109
208,123,185,113
199,126,187,94
207,120,180,95
204,124,187,92
207,126,175,88
211,123,182,100
207,118,182,105
201,126,189,103
200,123,182,93
205,124,183,101
203,116,177,108
203,118,192,117
199,119,184,99
200,121,191,106
205,125,184,103
200,127,176,86
213,126,164,94
216,118,162,107
208,124,176,103
209,124,177,101
207,128,178,102
207,126,177,105
205,119,173,107
208,126,174,104
208,125,173,106
207,125,178,104
208,129,175,101
211,121,164,111
209,124,166,106
210,131,179,94
219,127,164,97
219,126,159,97
220,129,154,97
221,133,157,92
218,132,169,92
221,131,162,95
206,123,177,102
202,134,189,92
205,129,177,94
209,134,180,89
198,130,197,97
200,124,193,106
202,127,191,104
198,125,181,104
200,124,188,107
209,119,176,117
203,117,176,114
200,125,192,98
200,125,188,99
205,121,190,108
208,130,183,95
186,137,206,88
199,131,200,80
195,123,198,101
203,124,189,106
203,123,183,104
205,127,188,98
208,125,181,99
201,129,180,96
205,133,181,96
206,135,186,102
198,139,196,81
206,133,176,90
216,138,168,95
223,136,178,86
206,140,178,88
216,137,171,83
205,139,181,87
207,137,185,97
200,131,194,98
202,133,191,99
213,133,188,104
189,138,201,92
200,126,179,117
201,124,188,116
203,114,185,127
198,114,184,125
217,127,163,108
209,124,177,119
200,127,184,100
202,125,184,98
201,126,187,102
208,116,173,121
212,127,180,96
215,133,181,92
200,134,191,81
212,126,179,94
207,119,183,102
207,127,183,98
214,121,175,105
208,125,186,98
205,134,187,92
190,122,200,103
201,126,189,108
197,134,191,77
203,130,185,93
199,140,182,87
197,136,191,91
213,130,171,104
216,133,170,99
205,131,179,96
216,133,169,97
211,136,171,100
199,128,174,103
200,131,175,107
199,133,180,106
201,131,184,107
208,132,173,124
204,127,166,108
200,130,169,111
202,131,175,115
195,129,180,131
185,129,189,154
207,108,167,143
194,103,181,178
196,119,167,195
197,102,181,160
192,125,173,140
184,127,187,128
180,137,193,127
182,134,194,154
186,102,199,160
172,99,211,180
177,104,192,200
174,104,198,238
197,42,172,258
213,78,153,263
193,94,176,249
209,85,151,263
202,55,155,297
211,80,151,279
190,61,177,310
187,66,177,270
186,62,177,290
197,78,170,296
180,87,189,282
211,92,154,292
204,49,168,319
201,48,170,308
199,50,172,303
191,51,178,313
201,59,166,293
200,67,171,299
164,86,204,257
173,86,178,258
185,89,167,262
180,96,178,249
189,77,182,259
189,67,183,309
192,74,181,293
185,79,182,281
198,73,159,300
187,62,182,275
194,55,175,326
184,78,186,297
195,58,175,310
193,60,174,288
200,68,170,234
197,66,171,206
197,106,163,201
209,101,153,166
213,108,148,127
222,123,143,104
220,118,149,113
218,126,159,107
208,131,169,99
207,140,163,94
207,134,161,103
202,132,176,102
206,137,167,100
203,125,164,124
206,120,159,123
201,137,174,103
199,133,188,108
202,137,178,109
205,136,173,103
210,131,159,105
204,132,179,105
208,145,175,88
194,135,197,108
194,127,194,108
192,136,182,102
198,146,186,90
194,138,189,84
199,147,180,78
192,142,179,87
196,152,170,80
205,142,158,94
193,143,179,91
201,143,185,89
186,131,199,103
190,136,179,108
192,127,198,105
200,140,180,105
198,136,187,91
197,145,200,85
195,142,187,91
183,144,212,82
181,145,210,83
179,128,225,100
178,140,211,90
175,140,224,88
180,144,209,93
183,137,206,82
180,140,207,83
168,140,223,83
174,127,220,94
193,131,201,93
199,126,183,90
193,129,198,89
195,126,186,96
209,127,163,97
211,128,161,92
209,122,167,101
209,128,175,98
206,125,177,97
204,122,184,101
212,124,176,101
193,116,193,108
196,126,189,103
204,126,177,102
203,130,183,95
199,123,184,102
203,126,184,102
203,126,178,102
202,127,178,105
212,126,170,103
209,121,175,106
212,120,171,111
205,118,185,112
198,123,190,110
202,121,176,107
205,125,181,103
198,129,190,98
195,119,186,114
184,121,205,100
194,122,182,97
195,124,197,107
191,116,193,110
188,134,195,94
193,134,203,94
192,129,188,86
202,131,176,91
199,133,181,97
196,135,193,95
196,137,185,88
189,134,201,99
203,122,179,120
198,129,186,101
209,131,176,91
216,133,165,99
192,132,186,106
188,133,191,101
197,121,179,134
191,123,190,111
189,129,193,96
200,121,186,107
206,124,193,100
187,127,205,92
200,122,203,101
192,129,198,96
200,145,188,80
200,153,167,72
196,150,164,75
204,151,144,77
207,143,145,85
208,150,131,81
214,148,127,82
219,139,116,94
210,139,121,100
228,146,108,87
229,149,100,83
219,146,108,90
214,149,119,92
219,140,109,101
228,143,98,101
217,132,110,111
206,127,120,121
224,125,131,125
214,128,156,121
209,139,172,102
211,128,174,124
206,144,163,107
205,135,176,113
201,146,175,95
210,140,164,101
209,140,177,94
202,142,188,92
206,134,186,103
198,137,193,91
204,123,195,104
204,120,195,100
199,139,190,91
193,133,206,101
191,120,196,113
195,122,187,114
197,133,184,95
204,134,179,101
200,126,189,112
198,118,188,120
200,123,188,112
204,112,178,125
200,118,180,124
197,122,186,115
203,127,182,106
206,135,178,104
213,133,172,106
203,134,181,86
209,140,164,83
200,140,191,86
203,136,179,103
207,134,173,98
204,136,190,101
199,132,190,92
195,133,195,99
201,136,188,97
207,130,183,110
199,118,182,118
199,119,181,111
198,125,187,108
206,136,169,96
208,138,175,97
208,141,169,95
206,134,170,101
203,137,185,96
208,130,174,102
207,130,173,101
208,124,178,104
204,129,177,98
214,137,153,91
205,138,175,91
204,140,173,84
215,139,162,88
206,131,177,101
206,139,179,92
210,140,170,95
197,137,182,102
201,138,177,107
200,140,176,105
200,141,185,105
205,136,179,108
206,135,180,104
203,142,187,97
205,133,175,107
210,135,170,107
217,138,171,97
200,131,183,100
202,118,190,119
192,120,193,109
202,127,178,103
209,125,173,107
223,138,160,92
217,132,166,104
217,138,172,101
230,133,160,106
204,141,179,96
206,130,175,108
212,142,169,96
209,134,183,106
201,124,189,106
197,116,184,107
203,124,195,109
203,128,188,105
201,132,186,95
208,143,185,88
207,140,180,93
199,139,193,93
199,130,194,102
201,135,192,99
204,128,180,103
205,126,173,103
208,135,171,95
204,137,177,92
204,135,197,93
197,135,194,96
198,134,191,95
206,128,174,100
207,124,165,107
207,120,158,107
200,130,181,94
206,115,165,111
204,122,174,107
205,119,172,107
203,120,177,103
198,113,181,110
194,122,190,105
198,123,166,98
202,122,175,99
201,126,178,94
203,126,174,94
207,122,169,101
203,118,175,105
205,118,177,109
208,123,170,98
205,126,187,96
219,118,170,105
215,115,176,109
203,120,183,105
212,119,178,112
209,123,180,108
206,118,184,104
207,124,181,102
210,117,172,107
210,120,180,109
214,118,172,109
207,122,187,106
208,117,188,113
205,126,196,102
209,119,178,94
209,120,177,100
203,120,184,97
208,117,183,108
210,113,182,117
205,116,176,111
204,111,176,129
207,111,182,127
202,118,175,110
208,133,177,97
199,137,190,88
200,132,188,94
209,120,168,102
212,131,181,93
219,130,171,99
212,135,177,81
199,139,183,85
200,136,198,84
209,124,182,95
208,144,183,79
209,141,171,59
206,145,180,66
199,147,192,67
198,141,194,80
198,142,193,81
204,146,196,78
204,140,194,84
197,142,195,75
199,141,198,79
198,130,205,80
196,130,206,88
198,132,207,93
200,124,189,104
201,131,192,99
190,132,211,84
187,139,210,90
200,133,204,108
194,127,200,116
202,128,188,89
203,130,181,94
196,139,194,92
201,127,190,104
195,136,188,80
199,139,180,89
194,135,190,88
199,132,186,103
196,138,181,77
203,140,166,79
199,134,157,92
202,139,173,85
206,132,185,94
194,137,180,89
203,136,176,96
200,141,201,81
191,137,186,90
193,134,202,97
194,139,192,88
196,137,200,101
186,136,208,79
192,133,190,95
194,132,205,108
188,146,201,105
188,140,205,95
186,139,200,93
188,140,208,91
183,132,210,95
188,137,193,99
193,135,183,110
196,134,184,90
199,133,173,95
191,147,195,86
187,159,196,73
177,151,218,80
178,147,211,92
186,127,210,101
188,133,195,99
185,127,220,100
191,109,209,118
204,111,193,118
197,122,190,109
193,125,195,100
195,128,199,97
197,130,189,101
203,125,193,86
197,124,196,94
205,124,188,101
206,121,190,110
207,114,187,123
214,111,185,121
233,102,151,133
203,106,184,130
199,99,183,136
202,95,177,141
217,103,168,128
200,121,179,104
196,118,180,107
199,110,182,116
191,108,190,119
185,121,196,106
187,127,189,105
192,120,189,98
204,118,172,107
202,114,172,107
194,108,176,117
193,114,189,113
197,113,177,113
194,122,193,109
188,120,188,100
188,124,180,99
188,130,195,96
183,118,192,108
185,121,191,110
180,111,187,110
182,115,184,108
180,114,174,110
168,113,182,110
161,113,175,114
153,113,184,117
158,117,182,103
171,119,160,84
145,113,187,98
154,121,174,95
158,116,170,102
150,126,179,74
152,127,195,79
137,126,207,62
139,131,215,70
152,134,214,52
141,139,227,58
149,135,232,55
139,131,233,73
147,143,233,66
140,151,246,58
142,146,245,66
141,149,249,56
144,145,240,78
144,148,251,68
149,132,247,90
148,130,255,96
154,127,242,105
157,129,228,111
157,130,237,94
158,142,230,99
164,139,221,112
171,136,214,119
182,135,204,122
175,135,207,112
174,150,206,99
175,148,215,84
181,146,209,97
175,145,204,104
176,139,212,112
167,121,218,134
170,121,206,136
162,120,223,123
170,121,217,120
184,106,199,124
191,129,209,106
185,118,203,114
178,116,228,129
187,112,206,130
180,109,222,136
180,99,218,144
191,76,212,188
197,70,187,191
171,71,215,210
178,109,202,169
177,107,207,165
172,95,209,159
171,87,211,166
178,109,209,153
182,124,189,138
167,122,216,116
159,127,232,88
146,140,231,92
151,140,224,92
146,135,229,82
142,131,224,108
118,136,247,101
120,131,232,105
113,126,236,121
98,138,242,108
102,124,219,122
99,122,205,135
94,123,208,126
91,115,203,130
75,112,208,119
70,123,208,101
87,93,183,118
54,125,194,108
49,106,212,122
45,87,227,132
44,103,218,115
