532,207,49,77
531,210,48,80
533,210,50,81
536,210,48,80
539,210,46,82
542,213,45,80
545,216,42,76
546,213,43,80
549,214,41,75
552,215,38,63
552,215,41,62
553,215,42,63
554,217,44,62
555,218,43,63
556,217,47,68
554,218,52,73
557,217,51,77
560,217,49,77
563,218,44,77
560,218,50,79
559,219,52,76
563,219,50,77
558,218,56,77
564,218,50,80
567,220,48,76
566,218,50,78
569,218,48,77
571,215,47,80
570,215,48,77
573,215,46,74
570,213,50,69
577,216,44,77
574,214,48,81
576,216,49,77
581,216,45,78
584,215,43,80
580,214,48,76
581,214,50,78
582,215,49,75
585,214,44,77
582,214,51,75
585,214,47,77
583,213,51,79
587,212,47,78
587,209,47,80
585,209,51,80
588,207,47,81
589,207,48,78
590,207,49,79
589,205,50,79
593,205,47,79
594,203,47,79
596,202,47,80
597,197,47,82
599,197,46,83
600,197,46,81
602,197,46,78
603,198,48,79
602,194,50,81
606,196,49,82
608,192,46,87
608,195,51,78
611,192,47,82
612,192,48,82
615,192,49,80
614,193,51,81
619,194,48,82
621,192,49,85
624,193,48,85
627,192,48,87
628,193,49,88
629,194,52,82
631,194,52,83
633,194,54,87
636,193,53,86
639,193,51,86
637,193,58,87
641,191,57,90
646,192,54,89
650,191,53,88
653,185,52,91
656,190,53,87
657,189,53,87
658,190,52,88
663,189,51,88
667,189,49,83
668,192,52,84
671,190,50,82
673,189,53,88
675,186,55,93
677,191,56,86
679,186,53,90
685,190,50,82
687,192,52,78
689,192,52,79
692,192,53,80
692,192,57,83
696,191,55,86
699,191,55,83
701,192,53,84
702,195,57,80
705,194,56,82
708,194,57,79
709,194,58,82
712,196,59,75
714,195,59,82
716,195,58,79
718,196,59,78
720,196,61,81
722,197,61,78
723,197,61,80
725,199,72,77
727,200,73,73
729,198,78,78
731,199,76,79
733,200,72,78
736,202,70,74
737,200,69,75
742,197,62,82
743,197,62,82
746,196,61,81
750,196,58,78
753,197,55,77
757,198,53,74
759,199,51,73
760,200,51,72
761,197,53,75
762,196,52,75
766,198,46,70
768,199,46,72
770,198,43,71
775,196,39,73
776,196,39,73
777,198,45,69
779,198,48,66
778,198,56,63
772,196,67,71
778,197,66,62
784,199,62,49
792,199,55,52
800,202,47,43
801,203,48,44
803,204,50,42
801,206,53,40
803,207,52,36
801,208,57,38
803,209,56,38
806,211,54,34
807,211,53,37
809,213,52,33
811,213,51,36
811,215,50,36
814,214,47,35
811,216,51,34
809,216,51,32
808,216,53,36
811,217,49,33
809,216,50,35
811,216,48,35
809,216,49,33
808,216,51,31
807,215,51,34
806,215,51,32
806,215,51,34
805,215,51,34
803,214,53,34
803,213,53,35
801,212,52,37
803,213,48,33
802,213,48,35
801,211,46,36
799,212,45,36
797,211,45,37
792,210,47,37
787,210,52,39
784,212,52,39
781,212,53,39
773,214,52,44
771,212,57,51
770,213,55,39
768,214,50,48
765,214,51,54
763,212,45,57
761,214,43,59
758,215,47,58
755,216,46,58
752,215,46,64
749,216,47,64
748,219,48,58
745,220,49,59
743,220,52,56
741,222,54,56
738,221,59,57
736,220,62,57
734,220,67,58
732,221,69,58
731,221,65,56
730,220,65,59
729,220,51,64
729,219,48,64
728,219,47,66
726,220,48,66
725,218,49,70
723,220,49,65
722,220,48,67
721,220,49,68
719,221,54,63
716,222,57,64
715,222,60,64
713,222,61,64
713,222,61,64
709,223,67,64
710,221,64,68
708,222,66,66
706,223,68,67
702,222,74,68
697,224,63,66
699,225,66,64
699,225,60,64
700,227,52,65
696,226,56,68
691,228,63,63
693,228,54,64
689,227,58,67
684,227,65,64
683,229,66,62
684,229,63,61
683,228,60,63
683,229,58,65
681,227,57,65
683,228,58,63
684,229,57,64
683,225,56,67
681,229,59,63
680,228,58,63
681,228,54,63
680,229,53,63
679,227,52,64
677,228,51,63
678,227,47,64
675,228,46,61
673,228,44,61
672,228,41,61
667,229,43,61
663,228,44,63
663,228,39,64
657,228,41,64
656,227,39,66
653,228,39,64
650,227,41,64
647,226,35,60
645,227,37,63
642,226,36,65
639,225,34,64
635,225,33,67
632,225,34,64
629,226,34,61
626,226,34,56
623,227,35,53
620,226,41,59
616,225,35,62
612,224,34,58
610,225,33,57
608,226,31,56
607,225,30,57
606,224,28,64
603,225,30,63
600,224,29,64
597,220,29,62
597,225,28,64
594,219,30,68
593,225,29,64
590,226,29,58
588,224,29,54
588,225,29,55
584,224,31,52
582,225,32,49
583,225,30,44
583,226,28,48
583,224,29,47
580,223,29,51
580,222,28,47
579,222,27,46
579,222,25,45
577,220,24,46
576,219,25,43
573,219,26,42
572,218,27,44
570,215,27,43
569,216,27,39
568,214,27,41
567,214,26,37
565,213,27,32
564,213,26,28
562,212,27,28
560,213,27,27
559,211,27,28
556,211,28,29
556,210,27,32
554,211,30,36
551,210,29,30
549,212,28,31
548,212,27,28
546,213,27,28
543,214,28,29
540,213,28,29
538,214,27,28
537,215,27,29
534,218,28,33
532,215,30,41
528,214,31,37
524,215,32,40
521,215,32,42
519,216,30,41
513,214,34,49
511,214,34,55
507,213,37,66
504,212,38,67
501,212,38,64
499,210,38,66
496,214,39,62
494,212,36,63
492,214,36,61
489,214,38,59
486,215,39,58
484,216,41,59
483,217,42,55
482,215,43,57
480,214,44,59
478,215,47,59
476,214,49,60
475,215,50,61
474,216,51,60
473,217,52,60
469,216,58,61
465,215,62,64
468,212,58,67
465,208,56,75
465,211,62,70
459,209,57,71
462,210,51,69
465,212,39,69
463,210,38,71
460,210,43,70
459,210,40,70
458,211,43,70
458,211,41,67
458,211,43,67
456,211,46,67
456,210,43,67
455,209,41,69
456,209,40,68
453,208,42,69
452,207,43,69
451,208,44,68
453,208,41,68
451,208,42,67
452,207,42,68
448,209,46,65
447,209,46,66
448,208,45,67
447,209,43,65
447,210,47,65
446,210,44,66
445,210,46,67
444,210,43,68
444,210,45,66
444,208,40,68
442,209,42,66
440,210,45,64
440,209,42,67
439,209,42,67
438,208,42,67
437,207,40,69
435,207,43,69
433,208,45,65
433,208,42,64
431,207,44,66
429,207,45,67
428,209,46,67
426,207,44,70
423,209,46,72
425,208,42,73
423,207,41,74
421,208,44,74
421,207,39,77
418,208,43,78
418,208,40,75
414,211,48,68
413,211,45,70
412,209,47,73
412,210,42,73
410,212,46,70
409,211,44,72
409,210,47,71
408,212,46,71
407,212,48,71
406,214,52,67
407,213,49,72
408,215,50,72
409,215,51,71
411,217,51,67
411,218,51,70
414,218,50,71
414,220,51,62
414,221,52,63
415,222,52,63
415,222,50,65
417,223,50,65
417,222,51,68
420,224,49,67
420,223,50,65
421,224,50,65
421,222,50,72
423,225,50,66
424,224,51,71
425,224,52,71
427,226,50,63
427,226,53,69
429,226,50,67
430,226,52,68
430,227,53,68
431,229,56,64
433,229,56,63
433,230,55,66
435,232,49,69
439,233,47,70
439,235,51,69
440,238,54,65
442,241,57,67
446,245,49,71
447,248,51,70
450,253,53,62
451,259,51,58
454,264,51,54
455,268,49,53
458,272,46,56
460,277,44,56
462,283,42,56
462,287,43,56
463,292,45,57
464,297,44,57
465,301,44,58
467,302,42,59
470,311,39,57
469,314,41,56
468,317,43,63
470,319,42,63
470,320,42,68
473,322,37,73
471,327,40,68
469,329,41,76
470,334,39,77
469,341,40,74
472,346,36,73
471,346,36,76
470,353,38,73
472,353,35,75
471,358,34,74
471,360,32,76
472,365,31,71
471,367,31,75
471,370,30,74
471,374,32,74
472,378,33,73
469,382,34,72
472,383,31,76
467,387,37,75
472,392,34,74
467,396,39,71
470,398,35,73
465,402,40,75
465,405,40,80
464,407,39,79
464,412,41,76
467,413,38,72
465,416,40,72
466,420,40,64
464,422,42,64
465,425,41,63
468,427,37,65
467,426,39,63
469,427,37,67
468,429,38,62
467,429,40,62
471,431,35,62
470,433,37,62
468,431,38,61
468,431,38,62
470,432,35,68
472,433,33,66
468,432,36,67
469,431,34,69
467,432,36,63
463,434,42,59
467,434,37,59
466,435,40,59
465,433,41,59
463,435,41,56
467,435,37,59
466,434,39,60
468,435,36,60
470,434,34,62
466,435,38,59
468,437,35,58
465,436,40,58
467,438,38,56
464,436,40,57
464,435,42,56
463,434,41,60
463,435,42,58
464,435,41,58
463,437,42,54
464,437,41,57
462,435,42,56
465,434,39,57
465,432,40,61
468,433,37,61
466,433,39,60
467,433,37,62
466,432,39,63
469,433,36,62
466,432,40,60
467,432,38,62
469,432,35,67
467,431,38,66
465,433,40,61
466,433,40,61
463,432,44,60
463,432,42,61
467,432,38,61
463,432,43,61
467,432,37,65
466,432,39,64
469,431,36,69
471,431,35,73
469,432,35,68
468,431,36,73
468,431,38,71
469,430,36,75
467,430,37,74
468,431,38,70
469,431,36,71
466,431,40,72
467,431,38,67
468,431,38,70
468,431,37,72
467,430,38,76
469,430,36,77
467,431,39,73
465,431,39,68
467,431,38,72
465,431,40,68
465,432,39,67
468,431,37,71
468,430,37,74
466,430,40,73
465,431,39,67
468,431,37,72
469,431,37,73
467,431,37,73
466,431,37,72
467,431,38,70
466,431,38,69
469,431,37,71
468,431,36,72
467,431,39,71
470,429,35,75
468,431,35,74
468,431,36,72
466,430,39,71
467,431,39,70
468,430,37,73
469,430,36,75
467,431,38,73
469,432,37,68
466,432,39,68
466,432,37,67
468,431,37,73
467,431,38,72
469,431,35,73
468,431,38,71
466,431,40,68
469,431,36,71
468,431,37,76
466,429,40,73
467,431,37,71
469,431,37,72
469,431,37,71
469,430,35,74
469,430,36,74
470,430,36,74
468,431,37,77
469,430,36,72
468,430,37,73
467,431,37,72
467,432,38,68
465,431,41,68
467,431,38,68
469,431,35,70
467,431,38,68
469,431,35,70
467,431,39,68
469,431,36,73
469,431,36,70
466,432,38,71
470,430,35,75
468,431,37,75
469,431,36,72
468,431,36,73
470,431,36,73
468,432,37,68
468,430,37,71
469,431,35,70
467,430,37,72
467,431,38,69
467,431,38,76
467,430,38,71
467,432,37,67
468,431,38,68
467,431,38,73
468,431,38,74
464,431,42,67
467,431,39,70
467,432,39,66
466,431,39,71
469,431,37,71
468,431,36,73
473,430,32,73
472,432,33,71
471,432,33,71
