358,123,104,300
371,138,99,291
355,122,97,287
336,114,99,307
318,93,122,336
309,83,121,351
278,77,147,349
304,49,136,365
275,78,134,321
271,88,153,316
275,71,152,333
270,94,157,324
254,93,172,293
273,103,150,301
260,77,162,318
248,99,165,325
257,97,161,339
264,89,154,320
259,91,150,342
256,85,157,319
248,88,162,329
246,83,159,341
245,76,157,343
244,88,156,323
247,83,154,342
237,68,160,364
245,54,154,374
234,59,153,386
225,43,170,376
229,48,129,397
217,53,145,380
207,62,144,374
204,62,156,362
205,58,144,386
202,67,149,384
201,76,131,368
196,68,120,379
189,52,154,370
193,35,133,383
187,18,148,404
190,23,152,414
187,38,155,408
193,16,145,414
190,37,145,387
182,10,199,431
191,31,197,391
206,33,186,393
200,45,183,370
174,53,196,373
184,52,191,364
186,59,181,343
144,73,246,328
158,75,208,343
149,90,198,334
150,90,207,317
171,87,186,338
178,87,180,336
186,83,148,325
186,100,167,291
186,96,155,309
187,104,140,306
186,123,103,299
177,105,130,317
168,100,153,328
168,99,206,325
170,105,180,311
177,109,162,291
177,99,151,339
176,104,166,325
178,102,171,332
167,78,147,342
176,95,100,349
163,88,129,344
167,105,98,333
169,82,113,351
167,76,149,364
162,84,155,335
155,85,203,336
161,83,155,322
160,98,113,335
138,91,125,353
151,108,138,343
141,98,164,327
142,127,178,306
139,124,190,304
138,128,181,295
128,112,204,313
147,121,150,308
140,114,151,334
133,104,165,324
148,92,152,334
151,111,153,338
144,111,153,318
150,111,153,319
156,106,159,319
161,78,166,344
172,87,132,354
172,87,141,367
171,83,158,327
171,99,174,333
181,93,138,330
180,92,148,347
183,90,163,342
198,101,118,328
197,95,104,342
194,85,130,352
191,96,138,351
189,88,186,338
208,54,177,369
216,83,161,366
215,101,163,331
195,109,146,320
188,125,170,317
199,134,148,296
191,159,149,272
192,127,151,296
184,130,130,298
183,152,143,281
182,140,156,276
177,128,160,293
176,131,166,293
165,140,192,283
165,129,241,280
129,125,215,303
151,137,202,289
162,113,234,289
168,104,212,294
157,99,247,314
166,93,248,329
119,111,236,325
143,89,269,351
156,82,238,347
156,84,245,348
169,87,230,328
184,83,206,335
192,90,191,341
146,74,242,357
160,77,217,355
169,80,204,348
171,96,196,334
168,101,203,332
168,101,203,318
171,100,220,315
158,104,209,309
156,98,208,324
173,96,151,326
169,104,112,317
163,97,105,341
150,86,129,353
150,100,113,352
147,83,156,371
145,81,159,339
148,97,148,330
149,92,160,352
156,94,163,348
159,82,167,349
169,107,126,309
166,92,143,338
170,97,147,344
174,82,154,350
178,87,139,341
172,76,183,359
170,87,245,339
188,89,225,324
207,105,191,295
209,97,183,330
209,78,184,334
218,53,171,379
224,51,172,385
210,80,199,343
212,106,187,306
214,116,193,292
218,93,177,322
227,105,135,320
188,90,127,359
190,84,132,367
194,88,173,369
199,113,174,318
206,106,137,324
205,105,124,341
203,100,166,346
201,108,166,327
201,106,153,315
202,124,139,291
196,108,166,332
194,97,161,325
187,108,173,336
184,129,171,304
179,104,162,326
173,128,173,298
179,133,171,296
171,129,177,296
157,101,187,325
153,115,184,307
175,101,166,339
164,89,175,338
160,94,165,353
161,102,162,322
158,123,158,315
151,107,186,314
165,107,157,299
167,97,163,320
172,91,159,342
171,85,160,343
176,88,130,335
169,81,156,346
156,66,169,341
161,72,175,357
171,79,171,341
192,71,151,355
177,48,157,383
206,63,130,363
192,53,140,383
217,71,107,374
207,71,121,379
214,61,125,390
201,44,143,414
223,46,125,391
218,70,108,374
154,75,159,352
152,75,168,329
151,74,176,379
179,67,151,368
182,75,160,340
175,61,174,350
169,80,168,357
188,91,156,335
199,76,143,359
200,70,152,375
197,99,127,346
195,96,141,330
187,111,162,335
174,101,171,321
182,87,187,339
185,110,162,317
179,93,162,325
188,86,155,339
189,62,155,358
176,40,176,382
168,16,190,429
168,16,185,396
174,12,178,419
182,20,168,432
179,28,138,423
178,36,166,383
188,20,116,410
199,33,137,409
194,25,109,383
201,28,125,407
191,29,134,400
186,25,155,392
192,23,120,403
189,23,142,392
190,7,106,423
190,6,125,421
184,16,127,415
171,13,153,417
167,28,159,407
193,16,148,414
188,14,107,411
184,22,143,412
188,27,115,420
200,16,131,408
197,14,98,409
188,19,129,416
192,13,145,427
185,51,156,402
192,63,113,370
185,44,153,386
186,47,153,400
187,37,141,392
178,48,161,376
182,54,151,381
175,44,163,403
189,63,126,386
187,70,140,374
176,71,157,361
177,100,138,345
175,119,152,303
172,126,155,309
172,124,166,298
173,121,166,311
184,122,150,304
188,117,135,308
192,130,134,290
192,147,136,260
196,111,136,295
198,121,130,306
198,104,128,306
198,115,140,311
199,106,145,321
191,85,164,319
201,99,148,322
202,83,159,340
167,103,191,338
173,104,188,328
174,94,191,331
190,91,173,333
188,102,171,328
191,105,144,323
193,104,137,342
197,84,149,347
198,84,201,327
205,65,227,358
219,73,273,346
179,59,307,380
129,39,388,414
191,57,369,346
159,44,432,378
151,61,398,369
114,114,391,298
67,89,391,353
97,50,416,384
106,43,467,409
41,114,467,316
59,134,401,287
88,106,382,326
127,93,453,333
80,102,550,322
-32,166,534,243
7,139,486,288
56,96,462,323
119,79,518,340
144,64,495,341
150,57,461,354
121,98,453,339
135,72,459,347
141,67,427,336
179,50,376,366
227,43,328,400
176,80,377,317
177,82,372,330
160,75,394,351
124,38,420,386
192,33,377,423
191,26,388,405
197,24,404,405
181,59,407,360
163,38,438,353
153,50,425,350
188,57,371,346
172,41,449,398
178,66,371,340
167,36,421,409
158,65,446,330
182,76,432,338
170,31,479,379
173,67,418,373
174,59,398,378
169,58,363,414
190,92,342,322
225,102,310,334
158,72,384,369
203,32,379,384
224,80,324,327
199,70,337,351
187,68,352,349
207,78,351,335
180,67,380,378
207,55,340,378
244,62,279,366
243,63,305,386
264,68,281,359
226,58,337,362
257,61,292,351
270,55,294,375
281,43,273,403
297,51,276,396
223,55,311,397
258,62,390,353
243,70,389,346
273,62,339,364
316,67,301,344
282,74,346,344
324,57,298,381
294,75,338,355
272,77,366,341
298,53,319,361
350,81,264,336
186,70,238,341
222,84,185,340
227,76,142,313
246,69,141,346
246,56,138,374
458,98,161,341
258,77,117,325
247,73,111,346
240,60,138,355
239,77,155,341
240,80,110,330
262,80,117,334
254,97,126,309
249,77,135,333
251,86,143,321
252,91,119,314
251,78,132,338
242,78,160,346
241,75,163,321
240,86,163,315
264,75,143,320
254,86,154,304
258,88,122,341
252,103,145,302
255,83,150,299
269,101,143,280
272,104,142,282
271,95,144,283
274,94,135,290
263,81,135,336
272,58,170,341
283,49,134,347
299,70,132,344
287,84,135,336
316,74,112,361
308,87,107,350
306,96,124,337
322,96,128,342
314,79,114,361
323,95,126,342
311,97,162,325
318,93,223,334
364,77,212,343
343,80,241,337
352,66,220,353
366,68,212,362
350,87,228,353
333,99,237,329
357,125,210,306
373,96,186,332
341,103,212,321
376,119,184,299
346,114,179,298
366,116,183,307
356,127,172,294
383,155,146,255
361,160,183,253
386,142,157,271
371,152,154,253
386,152,154,254
387,158,121,260
280,107,109,258
407,135,89,273
417,114,92,304
407,102,101,332
397,91,117,343
390,115,136,312
384,134,135,296
384,128,149,285
355,141,171,259
380,135,158,268
378,137,144,258
388,145,139,242
395,128,129,252
387,109,148,283
394,98,150,303
410,78,140,325
400,61,148,332
378,93,174,319
411,69,150,330
391,42,152,357
349,59,197,343
380,45,191,350
386,63,145,346
435,33,109,366
419,84,106,320
422,98,112,315
418,50,126,326
412,84,131,308
409,78,142,321
411,59,134,329
417,114,126,291
411,97,100,266
430,129,100,248
430,123,112,264
405,93,111,288
430,140,102,251
426,104,119,270
401,155,149,219
427,168,127,200
440,157,105,222
444,162,102,227
452,134,102,250
455,120,106,252
459,135,109,245
464,124,98,253
465,123,94,252
474,116,96,257
475,129,84,264
475,129,84,264
