375,251,45,39
377,253,46,37
378,252,45,36
385,252,37,33
385,249,42,36
386,249,44,36
395,246,46,36
395,244,47,39
394,244,52,37
399,243,49,38
402,242,49,37
404,238,50,41
408,239,46,37
409,237,50,40
411,234,47,43
410,233,50,41
410,231,53,39
410,230,52,40
410,223,54,42
411,221,53,42
413,215,50,44
416,217,43,35
414,214,45,35
413,211,47,37
413,210,42,37
411,206,45,39
407,206,42,34
405,204,44,35
402,203,44,35
396,200,42,34
396,196,40,37
388,193,44,37
386,193,41,33
380,193,43,31
377,193,39,30
375,192,38,33
370,192,37,38
361,194,44,36
357,196,43,35
353,198,42,34
346,199,42,37
342,200,48,34
340,200,46,35
336,201,40,38
332,205,42,39
326,208,42,47
319,212,49,48
317,216,48,47
319,229,44,40
321,232,42,32
321,231,44,37
318,229,49,43
320,235,48,53
324,235,45,61
329,232,39,69
331,238,38,65
340,228,32,57
346,226,33,51
345,227,32,42
350,231,37,37
355,231,38,33
337,230,36,32
363,217,36,40
367,214,42,44
367,214,42,44
367,214,42,44
351,211,47,44
349,210,55,44
344,210,59,40
347,206,50,45
343,204,52,46
347,206,50,42
347,203,43,46
346,201,37,45
346,201,37,45
346,201,37,45
346,201,37,45
325,200,40,51
326,212,48,46
315,220,58,43
321,220,56,42
321,220,56,42
313,225,56,39
313,225,56,39
319,227,50,28
319,227,50,28
319,227,50,28
319,227,50,28
314,227,58,30
314,227,58,30
321,226,53,34
321,226,54,32
315,227,60,31
315,226,59,32
315,226,59,32
315,226,59,32
315,226,59,32
315,226,59,32
311,226,64,30
311,226,64,30
311,226,64,30
319,225,58,34
315,225,57,34
318,226,59,32
320,226,58,32
322,222,57,34
326,221,53,34
330,217,53,38
332,210,47,47
331,207,56,51
332,209,58,44
338,210,61,41
338,212,65,40
338,214,65,42
341,225,71,39
342,223,69,41
335,219,79,48
334,206,79,61
328,209,89,65
336,212,84,71
332,211,86,81
343,216,74,72
347,215,66,70
343,207,72,76
337,208,81,84
329,201,88,90
322,207,100,95
333,204,86,90
322,198,95,105
325,209,101,87
324,203,97,89
320,210,106,72
316,209,113,88
317,209,109,85
320,209,100,87
323,202,98,97
322,203,97,93
319,210,93,92
319,198,101,102
317,207,105,87
315,211,109,90
317,213,109,87
314,205,112,90
325,215,98,71
313,219,114,68
304,213,124,78
304,212,122,80
304,215,121,75
309,212,119,83
309,210,117,80
307,207,122,89
302,205,126,98
309,211,118,79
301,212,133,73
302,206,128,91
305,207,130,83
305,208,121,81
313,211,116,77
306,207,126,92
302,211,128,83
308,212,121,83
309,214,113,78
306,216,116,77
308,209,122,86
305,211,128,85
307,223,116,67
312,216,114,80
312,214,117,86
310,217,115,76
308,216,113,79
304,223,122,70
304,222,120,72
307,219,120,75
306,221,121,73
307,221,121,71
306,221,120,72
308,222,120,72
306,221,122,76
309,223,120,69
301,221,129,76
308,219,115,81
305,217,125,79
310,218,115,75
310,219,112,74
308,224,120,68
303,215,127,85
303,212,129,86
305,213,125,88
307,215,124,79
309,216,117,80
310,218,118,74
308,220,113,73
311,218,119,79
314,222,105,75
310,221,111,72
306,221,120,74
302,219,129,76
303,216,129,78
308,215,122,78
308,219,120,73
308,218,121,75
307,221,125,72
309,222,119,70
316,217,111,80
310,218,112,78
312,222,118,74
311,220,120,73
307,220,119,74
308,221,119,73
307,220,117,78
309,220,122,75
310,221,124,72
306,216,122,82
305,220,122,73
309,219,123,75
308,219,121,76
307,219,119,75
306,222,124,76
308,215,118,78
313,217,114,77
310,218,116,75
307,220,121,74
308,224,121,69
312,215,113,89
307,220,120,77
312,219,114,76
314,219,111,79
317,223,103,72
315,218,117,78
309,220,119,77
305,225,120,67
307,223,121,71
304,225,119,71
306,218,117,77
306,221,121,73
314,223,109,69
317,219,105,74
315,217,107,85
309,220,116,76
308,224,130,72
300,217,132,83
303,220,121,72
303,220,121,73
308,221,117,73
311,218,122,78
311,221,107,70
307,221,123,72
305,216,131,79
311,211,112,79
308,209,119,85
318,207,109,80
317,207,110,74
322,205,102,87
318,199,101,103
318,205,104,90
323,204,97,94
325,196,94,106
323,195,99,113
331,194,88,106
331,191,87,112
337,189,79,111
340,191,77,105
330,194,88,103
328,191,95,110
335,195,87,110
326,190,95,113
325,202,103,88
333,207,91,85
323,205,104,93
318,205,115,92
322,206,108,91
321,208,116,84
311,210,126,79
320,207,114,82
308,208,132,77
319,208,120,76
312,207,125,83
310,209,128,73
311,208,126,79
321,209,118,73
314,206,120,91
326,210,105,76
319,208,106,91
317,208,113,85
334,208,90,80
333,209,82,93
328,207,89,91
325,201,98,104
327,199,89,106
322,204,102,96
314,202,114,107
312,205,116,98
315,214,110,75
315,208,108,83
310,209,123,88
312,211,117,80
325,213,101,80
312,212,110,88
311,213,114,84
319,216,106,78
321,201,101,90
328,202,93,90
325,205,96,87
320,205,106,85
319,205,112,85
321,204,107,90
328,209,95,82
334,207,84,90
327,205,96,93
322,207,100,94
317,204,108,89
319,206,107,85
329,210,96,78
327,203,96,92
331,203,90,100
331,204,84,96
330,202,89,96
330,205,92,97
321,210,102,87
327,207,95,88
326,202,97,99
335,202,82,94
324,202,94,100
317,209,110,85
321,207,103,84
331,206,92,79
325,207,95,88
322,207,99,88
314,201,114,100
310,205,119,85
322,206,104,85
329,205,97,85
330,209,93,80
321,204,103,92
321,204,102,92
314,203,110,92
321,206,108,87
323,205,100,89
324,207,101,83
322,206,103,84
322,201,102,96
319,206,108,80
318,204,108,83
314,207,112,83
322,211,105,76
328,209,98,74
316,209,111,82
318,208,111,80
327,206,99,83
330,210,92,74
325,206,96,84
332,207,88,79
331,208,88,81
336,209,82,85
333,200,82,99
333,203,83,88
324,202,96,93
332,207,96,80
319,204,104,93
322,207,107,85
321,204,106,90
329,204,94,87
335,206,87,85
324,202,94,95
319,207,103,90
319,203,103,90
313,205,112,92
317,207,107,88
311,205,114,93
306,207,120,89
316,210,113,80
326,205,97,95
319,200,104,112
326,209,97,89
317,205,110,98
323,213,103,83
325,207,94,94
333,202,88,103
321,198,97,120
328,204,96,95
325,202,97,111
335,204,88,104
322,199,98,121
328,206,96,101
332,202,90,120
327,201,96,110
333,201,91,132
323,194,106,116
332,199,91,132
333,202,90,119
324,199,103,107
332,200,92,130
332,200,93,128
330,205,92,106
323,199,102,103
329,206,100,108
328,205,97,99
324,201,100,119
326,211,102,99
319,198,114,102
321,209,118,86
312,212,129,87
326,213,113,80
324,210,114,90
320,213,121,81
329,216,108,76
327,218,113,73
337,222,102,65
332,222,108,75
344,225,106,61
317,222,126,70
317,222,130,71
324,222,124,70
322,224,124,66
324,223,122,66
326,222,123,63
322,222,126,66
328,222,125,68
330,222,123,64
337,220,118,63
314,219,139,64
321,217,146,63
322,211,144,69
318,207,153,70
316,204,152,74
303,204,160,83
303,208,157,76
313,202,137,91
309,204,139,90
313,210,127,88
321,205,110,93
320,209,109,86
328,215,92,77
321,215,104,84
324,214,91,82
317,215,107,83
316,210,107,83
326,211,100,80
324,210,101,84
319,209,110,88
330,211,92,83
320,216,107,81
316,218,108,79
324,220,95,72
322,217,96,76
318,212,105,83
325,206,100,89
318,205,106,98
329,208,95,83
326,216,95,77
325,219,99,74
331,217,92,71
328,217,91,80
325,219,98,66
315,217,112,74
316,215,110,75
314,211,114,79
320,213,104,84
327,214,92,83
315,211,109,84
328,208,90,83
322,201,99,90
328,203,95,90
330,204,90,95
321,203,99,102
332,210,87,80
327,211,96,85
326,206,96,91
322,206,100,93
321,207,98,90
327,210,94,89
322,205,98,94
314,203,109,92
325,209,102,79
322,210,103,87
316,206,107,93
328,211,95,84
318,208,103,97
317,207,110,87
319,208,108,84
316,209,111,86
318,207,108,89
314,209,115,84
320,201,102,99
326,202,95,93
330,198,88,107
326,204,94,96
318,208,108,86
320,210,105,85
323,216,101,78
320,216,103,80
318,214,106,81
