318,235,91,66
316,225,99,74
326,223,106,77
324,224,121,77
324,226,128,78
329,227,128,80
330,226,121,85
341,232,103,81
346,232,96,84
359,233,77,81
350,230,94,80
351,229,100,76
353,231,91,73
355,229,88,75
354,230,81,72
349,229,94,71
356,231,85,73
357,230,88,70
358,228,92,74
362,228,89,69
366,228,98,68
368,230,90,68
381,230,89,69
376,230,93,67
374,235,103,59
377,234,98,61
378,235,102,62
375,236,108,65
383,236,105,64
392,236,95,68
394,233,86,70
384,232,87,68
371,232,100,64
359,226,113,74
362,232,110,70
362,231,106,74
357,236,110,72
354,240,116,70
360,240,111,71
362,239,101,76
362,239,101,77
361,239,107,77
370,240,92,83
362,243,102,78
372,244,90,76
377,237,85,82
374,237,90,81
380,241,80,82
370,244,88,77
372,245,86,76
372,247,84,83
376,251,79,82
379,254,80,78
402,260,69,85
407,265,64,86
409,269,68,85
411,269,81,91
407,273,91,89
408,272,93,101
415,266,82,110
423,268,68,109
416,264,74,114
412,268,80,108
406,268,84,104
412,275,80,99
418,275,75,93
409,278,83,93
396,276,94,99
393,282,111,96
390,282,116,100
395,285,120,90
378,284,142,94
380,285,145,90
376,287,148,87
381,288,130,88
382,287,121,95
384,287,123,92
376,285,126,91
371,290,140,83
368,290,151,89
365,296,169,84
363,295,187,87
374,295,177,89
385,297,164,94
355,304,189,80
361,304,195,81
338,305,201,84
359,302,185,86
357,300,180,89
365,305,171,82
337,314,189,75
354,302,168,98
342,309,183,94
350,307,182,102
366,305,161,107
380,307,130,109
386,315,118,100
377,323,115,94
378,328,114,95
379,324,104,103
388,328,89,94
384,331,96,88
383,332,99,85
384,330,99,86
375,330,113,89
371,333,120,84
369,337,120,76
370,336,124,73
389,314,118,84
373,328,127,70
385,323,130,73
391,313,121,85
397,313,113,78
403,310,103,80
401,309,111,76
406,310,99,73
404,309,98,72
406,306,101,71
404,305,114,64
406,296,105,80
400,294,113,76
403,293,100,72
427,281,84,83
419,277,90,83
412,276,86,84
413,279,89,77
410,277,97,72
404,266,101,74
406,266,95,73
404,265,104,74
401,264,108,74
402,260,103,76
400,256,97,81
395,255,117,74
395,258,118,73
394,257,115,73
396,253,108,75
405,255,92,72
408,248,90,77
402,247,100,75
395,252,107,68
394,245,102,77
391,251,109,66
382,240,121,78
384,246,112,70
404,234,102,83
407,238,87,75
411,239,78,68
414,240,75,67
418,240,70,62
412,241,85,58
412,244,85,54
417,252,90,45
418,247,83,52
419,248,82,52
425,250,88,48
421,247,92,53
425,240,87,60
428,236,80,70
427,232,82,70
435,234,69,69
428,231,82,70
435,230,71,77
430,233,77,72
430,233,79,70
428,230,84,74
422,230,93,73
423,232,84,72
425,235,77,63
429,236,79,59
415,236,84,70
414,237,94,70
420,239,88,73
421,239,91,73
424,241,83,70
421,240,82,72
423,237,83,75
423,240,83,74
417,244,95,67
419,242,93,70
422,242,82,71
418,247,84,64
416,245,91,66
417,249,96,65
423,248,91,66
427,250,80,63
431,258,70,52
432,256,71,53
432,258,73,50
431,258,75,53
426,261,79,53
427,261,79,52
427,264,76,50
424,267,80,45
426,268,78,49
426,264,80,56
429,264,78,56
428,265,82,58
426,261,85,67
425,261,75,76
435,266,66,77
435,266,73,80
440,272,69,78
438,276,69,75
438,275,74,77
437,281,75,76
441,279,68,86
446,280,65,89
449,287,78,84
449,288,81,80
455,294,79,76
453,296,85,74
451,302,91,71
456,303,89,75
467,308,75,69
460,302,88,84
466,304,80,81
466,305,81,85
470,307,87,80
473,312,80,74
479,311,71,78
467,308,82,87
471,311,74,82
470,314,80,82
473,322,80,73
478,328,75,71
459,326,91,71
460,333,97,67
465,336,95,69
458,338,95,71
467,341,83,66
444,339,102,67
446,337,100,69
446,335,101,69
451,332,89,72
436,329,101,75
435,327,103,75
437,326,104,76
439,327,98,74
435,328,99,71
434,323,100,76
435,325,95,71
428,325,102,68
424,326,109,66
424,325,98,66
427,323,96,68
417,317,109,74
418,315,110,77
415,323,110,66
420,321,103,68
416,318,103,75
423,314,89,81
411,317,103,76
413,318,97,74
408,314,103,77
407,314,110,79
397,314,120,81
397,312,124,83
393,319,128,75
393,312,136,86
399,312,145,88
380,315,147,78
390,312,148,80
379,324,129,73
387,318,123,74
403,323,97,69
404,323,85,79
408,317,75,84
415,314,60,90
431,317,51,85
432,320,48,84
446,310,49,86
435,313,54,86
437,320,51,80
437,330,50,70
450,308,67,83
433,304,66,95
448,304,75,89
440,306,68,83
451,306,74,79
460,305,70,72
468,311,63,60
472,313,60,57
458,310,68,66
465,313,68,62
470,312,64,57
460,311,73,61
463,310,76,60
456,310,75,60
459,315,80,52
457,311,85,63
433,313,96,68
442,310,86,71
438,308,95,75
438,307,97,78
438,303,96,84
421,315,88,73
425,318,75,69
420,317,74,71
414,318,69,68
417,312,59,77
408,309,60,85
383,312,73,81
385,314,69,79
383,314,63,83
369,312,71,84
346,303,88,89
349,308,86,86
341,306,84,81
329,301,92,91
324,302,98,85
326,302,99,85
335,295,82,95
333,290,86,106
328,294,97,99
326,295,98,96
316,294,102,92
323,295,82,88
315,288,85,104
312,292,79,101
311,290,77,104
310,289,79,102
314,285,72,105
310,286,74,104
308,286,75,99
310,285,72,96
306,285,78,97
308,286,75,99
300,294,84,88
305,299,83,87
305,296,86,98
312,298,82,92
319,302,82,87
327,303,77,85
329,306,81,80
332,306,74,84
312,299,91,87
313,299,106,97
307,303,116,98
294,307,137,94
292,304,156,110
295,312,144,108
312,312,148,107
313,306,152,119
320,313,149,102
326,314,148,104
325,317,146,91
328,308,147,108
355,308,132,107
355,307,122,102
368,297,108,123
366,300,114,126
384,291,109,130
379,300,112,120
377,303,118,120
372,308,131,118
376,304,128,124
374,306,134,117
378,306,126,124
379,311,133,122
384,316,125,118
388,326,121,104
392,325,121,106
389,334,133,94
402,339,116,94
383,340,138,95
369,349,153,88
380,342,141,103
386,345,149,101
388,346,153,108
387,349,162,108
372,353,161,83
377,349,168,86
370,354,177,82
375,353,190,85
352,356,191,75
358,356,198,83
356,359,196,83
350,360,204,84
343,358,215,77
347,352,196,79
339,354,210,70
327,357,223,70
310,347,238,84
314,349,239,93
316,352,198,71
310,363,179,66
312,362,162,74
314,363,152,76
320,356,133,90
322,348,128,104
319,349,132,101
315,349,142,98
314,349,135,100
312,355,132,90
314,352,127,100
312,354,125,103
316,352,114,109
314,350,113,115
315,355,103,108
314,361,104,108
315,363,104,104
306,357,117,116
302,356,127,111
297,360,137,100
304,358,140,100
291,361,155,96
298,361,141,95
286,367,155,84
271,371,163,76
263,371,177,72
254,372,194,73
242,370,195,69
232,360,211,88
220,364,219,83
206,354,222,100
195,350,216,106
204,339,214,119
204,340,206,103
212,334,190,104
218,326,174,92
234,317,147,104
226,311,162,109
231,303,164,118
229,301,164,117
230,299,170,115
246,290,154,127
243,286,157,131
248,296,150,107
255,294,155,109
259,285,154,118
267,279,139,122
257,272,157,130
264,274,165,123
272,270,164,123
290,271,152,107
279,261,163,121
297,257,146,120
321,267,132,99
347,253,128,118
341,254,147,124
369,255,162,116
382,254,148,116
395,253,142,111
402,248,148,119
414,255,153,111
431,259,154,105
439,260,149,105
454,257,139,118
469,261,133,116
468,262,138,109
460,263,140,109
469,263,130,111
448,256,148,122
448,264,151,110
452,260,148,116
453,265,137,109
446,271,153,95
438,267,159,99
427,269,137,98
434,263,143,110
432,270,151,103
439,273,154,96
414,259,145,111
422,271,174,92
424,273,166,92
429,269,162,96
438,279,148,80
413,258,154,94
419,247,167,110
405,256,139,89
414,242,134,103
419,235,130,116
412,236,132,113
425,230,109,124
406,213,109,147
423,226,121,139
425,241,135,114
429,259,120,98
436,250,112,108
430,260,128,97
437,258,126,102
432,262,136,96
437,261,136,101
443,262,137,101
442,260,130,108
451,263,132,99
450,267,149,95
451,265,161,105
453,263,139,108
451,257,123,119
462,256,113,118
466,269,104,105
474,273,106,102
471,288,97,92
479,303,105,75
474,292,119,87
471,285,119,99
472,287,125,94
478,294,110,82
471,282,125,98
484,284,105,98
487,285,101,98
481,286,105,97
482,289,104,94
482,293,99,91
481,288,99,105
481,297,101,90
473,296,102,94
482,294,94,102
489,303,82,97
478,307,93,96
485,315,78,88
482,322,84,84
478,319,95,89
476,322,88,84
465,311,100,96
460,314,108,91
456,311,118,94
439,296,122,109
447,291,112,115
443,304,117,96
436,299,127,101
424,310,136,89
413,312,144,93
412,316,148,93
408,313,150,103
414,318,140,108
417,328,138,96
415,329,137,100
404,337,153,88
393,320,167,95
394,324,170,101
402,326,160,101
413,339,154,81
390,335,159,85
408,330,157,91
391,331,148,91
414,325,144,99
392,343,145,82
392,346,149,81
376,351,169,79
384,344,172,89
408,342,151,91
394,345,162,88
382,350,181,83
382,350,185,85
386,350,179,87
380,352,188,81
373,359,198,77
388,360,175,76
384,366,179,70
413,361,149,66
403,366,156,63
410,360,140,72
418,357,133,76
406,356,149,78
404,359,149,77
394,366,161,61
377,361,177,60
388,354,167,64
391,341,147,84
395,331,138,90
391,329,146,89
403,318,134,101
402,315,135,108
404,319,139,102
393,324,154,97
374,320,155,94
376,316,164,99
373,316,165,102
385,306,150,113
394,312,141,104
377,311,138,101
390,313,119,98
382,311,131,105
401,319,111,104
420,320,98,104
426,318,97,102
439,321,83,104
420,301,98,123
428,318,95,104
441,330,89,90
446,340,87,75
451,337,75,82
454,342,69,73
457,343,68,73
439,335,77,89
439,335,77,89
443,333,71,100
466,322,56,103
462,327,61,103
453,319,71,112
453,324,82,98
448,315,83,93
457,311,91,92
447,304,101,102
449,308,104,90
454,306,92,90
463,299,81,88
468,287,81,85
474,283,69,90
473,280,64,97
473,278,71,94
474,283,63,80
477,283,60,78
471,279,64,88
470,283,69,77
468,277,62,93
469,277,65,87
471,281,66,76
477,281,61,69
478,282,54,65
477,284,60,60
474,293,67,60
480,295,70,70
473,301,87,76
469,306,86,84
471,310,106,78
468,306,118,88
475,310,118,95
476,316,122,85
487,322,125,81
491,326,115,80
497,331,109,77
501,336,102,72
525,336,92,72
527,335,79,76
508,329,93,88
521,333,87,78
523,332,81,82
522,334,81,76
516,335,83,73
511,330,82,79
507,328,93,83
511,331,87,83
502,322,100,90
503,325,96,81
502,322,98,87
505,326,87,81
501,322,83,87
499,326,84,77
498,323,93,81
497,325,87,80
504,321,88,88
500,322,91,82
508,333,74,74
504,329,80,71
500,330,96,68
497,338,91,65
493,331,101,76
490,337,106,68
491,333,101,75
487,334,109,73
490,331,108,75
482,338,122,66
489,340,113,63
491,339,113,64
481,340,114,65
488,342,102,62
479,336,113,68
485,342,107,64
491,342,97,65
488,344,102,62
491,336,96,69
487,336,100,80
487,335,103,76
488,334,99,74
479,330,99,78
477,330,102,85
483,321,101,95
468,329,106,92
459,340,114,76
460,315,121,94
457,322,128,94
461,327,100,77
458,325,110,80
455,330,110,76
460,321,121,84
454,328,132,73
462,325,120,86
462,326,122,86
467,322,114,96
466,321,116,103
457,332,123,94
456,337,126,90
456,339,118,84
449,345,123,73
469,330,109,88
461,340,113,74
453,340,119,74
456,329,113,90
450,327,129,95
450,323,124,98
446,330,133,89
455,329,115,94
461,333,109,89
459,332,105,95
457,327,111,107
458,340,110,89
449,340,112,88
443,340,125,91
455,341,116,90
457,340,113,90
455,341,115,89
456,343,115,86
460,337,113,88
452,333,126,94
461,333,117,91
454,340,116,86
448,341,111,81
447,346,116,72
449,343,111,75
463,321,111,83
459,316,109,90
449,316,123,90
452,300,117,104
461,289,102,111
456,296,105,101
449,297,104,99
457,293,92,96
454,285,104,107
448,283,117,120
446,289,113,107
429,300,124,87
427,287,135,103
432,275,113,120
435,265,113,129
436,264,96,121
437,263,89,125
436,261,81,129
435,254,81,126
445,250,69,124
448,254,66,104
444,254,70,91
436,257,80,81
427,258,90,78
419,263,96,72
415,257,104,64
412,262,112,64
418,262,101,68
422,263,107,67
424,265,96,68
427,270,88,70
443,271,80,70
447,277,73,63
448,278,75,63
447,277,79,74
446,284,79,63
443,282,81,77
439,279,89,88
436,276,86,102
439,287,70,83
453,280,74,78
449,285,87,72
429,288,90,90
451,287,74,83
442,287,73,86
438,285,65,98
463,271,60,83
451,274,65,90
468,284,52,89
461,269,62,97
468,273,56,88
478,273,46,76
479,273,51,75
482,273,50,66
493,276,58,58
500,281,52,52
451,300,57,59
452,301,65,56
451,302,67,54
449,303,72,56
452,301,73,67
451,300,73,71
450,299,75,85
464,288,62,77
457,289,66,84
457,288,66,95
466,277,66,81
460,283,79,69
473,285,68,55
468,282,78,55
475,278,69,57
473,278,70,55
472,275,73,62
474,277,72,56
477,275,74,72
485,275,60,69
479,272,71,79
480,278,73,65
483,280,67,70
483,284,64,80
472,288,76,87
472,298,77,72
473,289,84,78
481,297,85,72
488,296,77,75
492,297,72,70
499,297,68,66
505,285,64,72
510,281,62,74
518,274,54,76
516,266,69,76
513,270,84,64
505,262,76,75
505,262,88,73
510,264,89,70
501,260,79,83
500,265,92,73
509,268,88,69
508,272,90,64
504,279,86,60
494,282,88,58
515,282,87,53
495,287,95,48
520,283,83,52
532,287,71,40
546,280,62,50
549,280,59,49
481,260,69,42
558,268,68,55
569,258,72,65
573,259,66,63
590,255,51,74
594,247,47,61
604,252,44,51
608,249,45,48
605,248,54,47
608,244,57,57
602,244,63,48
608,241,62,47
604,245,60,40
603,240,64,49
597,245,62,43
599,240,66,46
597,245,58,38
594,241,54,51
587,243,55,44
587,245,56,40
581,248,48,38
581,245,47,42
577,243,53,49
582,245,45,44
580,250,46,36
581,255,37,28
584,252,36,34
586,253,33,34
586,255,37,36
595,255,32,37
592,255,34,35
598,255,36,33
606,257,31,32
607,256,34,35
613,258,27,33
618,256,25,38
615,256,30,41
615,254,31,43
609,252,36,45
604,251,42,47
604,252,40,43
601,254,46,41
588,258,46,33
589,264,39,27
584,264,33,28
580,264,32,35
577,269,33,33
573,269,32,36
568,270,38,37
556,268,48,41
562,269,41,38
555,268,49,39
549,266,57,38
552,265,53,38
552,266,53,36
548,264,55,36
550,261,50,40
553,262,45,41
551,259,47,47
554,261,50,41
554,261,51,42
552,261,53,41
551,257,56,45
557,258,52,39
557,254,48,42
562,254,41,40
557,254,43,39
553,255,47,39
555,256,41,39
546,252,48,43
548,252,41,44
544,252,42,45
529,251,51,42
524,248,56,48
535,247,43,48
527,247,46,47
527,244,49,47
526,244,51,52
523,244,51,53
528,243,47,49
529,243,47,53
525,242,51,51
528,242,45,56
525,245,48,53
526,243,46,60
525,244,45,59
523,247,50,54
521,245,51,61
526,248,43,57
537,248,38,45
536,250,37,40
529,253,45,35
535,254,42,35
534,252,41,41
528,252,48,42
525,252,51,41
520,253,57,45
526,252,53,43
529,251,48,43
523,253,55,43
536,253,46,41
531,250,46,45
523,255,47,38
525,260,48,33
526,261,51,29
522,259,55,38
526,259,57,36
520,259,57,34
526,256,54,40
523,259,53,38
527,259,53,35
526,258,52,40
526,259,49,39
524,257,53,42
525,263,47,35
523,261,52,38
525,262,50,38
524,260,52,42
528,261,49,40
528,262,52,38
531,262,49,39
527,262,51,38
526,264,54,36
526,262,51,40
528,261,50,42
535,265,41,37
533,266,37,36
533,262,41,41
534,259,38,47
535,257,37,49
535,255,38,47
531,251,42,47
530,255,46,48
529,252,49,45
532,250,43,50
530,248,43,55
530,247,41,52
532,247,38,54
528,247,44,56
522,240,54,57
527,244,44,51
524,247,47,54
518,243,52,65
520,245,51,61
519,241,54,72
512,241,60,71
512,243,65,68
506,249,75,61
512,246,62,68
509,247,64,68
513,243,63,70
520,238,54,74
514,236,61,79
524,234,51,84
521,232,56,77
514,232,63,81
512,230,64,89
507,236,73,83
505,232,71,83
503,229,71,92
503,235,74,80
505,238,74,84
496,244,90,78
497,249,76,73
507,234,69,80
504,245,75,71
496,247,79,74
502,233,79,79
499,237,86,83
496,244,97,85
496,244,97,85
499,234,100,75
509,240,105,76
485,238,121,87
485,246,109,74
484,238,100,79
491,242,81,68
497,237,66,74
502,237,60,72
501,236,57,79
507,236,49,82
507,233,53,89
508,233,52,86
508,231,49,89
509,234,50,87
510,231,46,91
506,229,55,91
506,228,55,90
510,230,50,92
502,232,60,89
511,233,52,76
503,231,57,90
502,233,58,88
504,233,57,88
507,237,50,76
510,234,45,86
509,240,45,82
505,233,56,72
503,238,60,72
504,243,58,74
511,241,47,74
510,240,51,84
508,241,53,85
504,239,66,86
502,241,70,82
504,242,69,78
498,242,86,87
499,241,81,78
500,239,72,82
506,235,66,87
503,236,65,94
505,237,67,78
502,237,70,88
510,239,63,87
506,238,66,92
500,237,71,93
502,238,70,87
509,240,64,73
507,241,67,86
505,242,68,80
504,242,70,88
501,242,69,81
502,240,70,82
498,239,74,77
501,236,77,95
497,236,82,83
493,238,83,77
504,242,70,70
501,239,72,80
494,242,84,73
507,246,76,62
503,245,73,67
503,242,71,72
510,244,59,58
503,243,63,67
504,245,62,52
501,253,52,62
505,249,60,69
507,251,50,69
506,252,44,70
517,244,46,72
518,244,45,72
512,244,49,77
507,241,54,82
503,240,63,91
505,238,61,84
500,243,75,75
490,243,85,75
494,243,78,73
488,246,83,60
491,245,83,58
496,249,79,55
500,245,69,69
500,245,67,74
501,246,68,71
505,247,58,76
502,245,63,82
503,244,64,84
503,249,65,72
499,249,68,69
495,247,68,81
502,243,59,60
502,248,53,68
494,244,58,79
488,242,64,69
493,249,73,59
488,248,71,69
496,253,59,64
500,260,57,54
499,258,53,56
500,255,50,60
504,254,48,62
505,249,44,68
508,253,47,62
506,250,48,64
508,248,45,68
495,241,54,80
499,244,63,75
505,246,53,74
504,250,52,70
503,249,50,67
507,250,49,67
507,250,45,71
508,247,44,71
508,254,46,68
506,252,50,68
503,253,54,63
503,254,52,63
502,259,58,52
505,259,52,53
498,263,64,56
496,260,60,56
497,263,64,57
499,262,55,56
499,262,54,56
500,265,54,50
495,265,58,50
496,261,56,52
494,261,56,50
491,261,57,49
488,256,60,54
484,258,63,54
484,259,59,48
482,257,57,46
475,255,59,47
475,254,54,49
472,249,56,57
460,250,60,43
459,245,59,55
448,242,62,61
438,240,69,63
436,241,69,60
432,240,64,63
434,240,64,64
428,239,69,64
422,242,81,59
421,248,67,50
421,252,62,48
428,252,56,53
429,252,54,51
432,253,50,56
434,251,45,60
434,250,47,62
436,249,48,66
438,249,48,65
437,251,52,67
438,254,52,68
439,254,59,69
442,255,64,66
445,250,69,65
447,249,66,66
449,252,70,64
454,255,70,62
457,253,74,70
463,251,68,74
465,252,72,72
466,255,68,67
460,255,78,66
460,255,77,70
465,257,70,69
461,255,77,78
466,260,68,72
470,254,62,86
471,258,57,84
468,262,57,81
453,257,70,82
444,259,75,79
445,255,73,84
435,251,86,86
426,255,87,75
417,271,86,64
408,276,101,60
401,259,108,77
406,264,102,73
403,267,97,74
411,277,84,61
387,285,92,51
385,263,88,65
404,258,79,82
395,251,82,90
389,259,92,79
384,264,108,69
382,263,117,70
380,258,122,79
380,259,132,81
385,261,131,72
387,257,122,81
390,263,135,83
399,275,125,67
399,275,121,79
408,272,116,86
414,277,120,82
411,282,126,79
405,281,115,79
436,273,90,84
447,277,72,74
443,278,79,92
441,286,76,92
424,287,84,90
428,282,97,98
421,286,105,90
448,281,95,97
449,276,96,114
451,274,100,122
454,286,95,114
460,286,101,113
468,297,93,93
474,305,80,87
497,304,77,82
513,300,81,81
485,305,98,81
477,302,119,91
480,298,123,115
469,301,144,120
467,305,147,129
452,309,145,112
422,305,167,131
420,316,175,136
385,320,166,132
386,350,153,113
