234,240,70,74
235,240,71,74
239,241,66,74
239,239,66,76
243,239,63,76
244,240,61,75
247,241,58,75
248,241,56,75
249,247,53,69
250,246,54,71
253,249,50,69
255,248,48,72
259,249,45,73
260,246,42,77
264,248,35,77
265,248,34,75
267,248,30,76
268,248,26,77
268,251,24,75
268,249,22,75
267,251,25,74
264,252,25,72
259,252,26,71
255,252,26,70
248,254,31,71
243,253,31,72
238,251,30,73
231,248,30,76
225,247,31,73
219,246,32,74
211,244,35,72
205,242,38,71
199,244,41,64
191,244,45,58
189,244,46,56
186,244,49,57
185,247,50,55
187,245,51,58
188,248,56,58
190,248,58,60
200,252,53,59
210,254,53,55
220,256,54,54
232,256,57,56
245,255,63,55
260,256,61,53
276,253,63,55
290,248,74,59
312,244,75,62
334,242,82,64
363,234,78,66
391,228,71,72
408,222,77,75
434,219,75,81
461,218,68,78
486,216,58,78
502,215,68,71
520,215,64,69
531,212,67,77
547,214,55,75
552,211,57,75
553,213,54,78
548,218,60,75
543,223,60,73
536,227,57,75
529,231,58,73
512,238,64,70
490,245,61,71
473,250,55,68
438,253,57,70
427,261,50,64
397,266,45,61
383,267,37,62
376,267,34,62
351,269,35,62
325,273,33,59
302,268,29,51
286,266,26,49
286,266,26,49
240,261,32,51
224,250,30,60
208,241,36,61
192,236,36,56
184,227,35,59
178,221,35,58
173,216,35,61
167,213,37,63
165,213,39,61
167,213,39,61
167,216,43,60
172,220,40,62
176,224,45,61
184,231,47,62
193,238,50,62
203,246,60,65
221,254,60,63
241,264,65,59
260,271,62,58
290,278,56,64
319,284,53,62
342,286,60,61
378,287,50,63
421,296,58,61
444,283,59,71
479,279,45,75
503,276,53,70
526,269,57,69
545,257,61,76
559,247,70,80
574,240,63,82
581,235,59,80
588,231,51,80
596,230,41,81
595,231,43,83
593,235,45,85
586,239,52,87
577,249,58,91
557,261,74,88
527,272,88,83
503,282,89,75
483,291,76,70
459,301,68,57
426,312,68,47
386,317,55,42
361,319,44,38
361,319,44,38
361,319,44,38
280,314,38,42
263,300,44,53
237,282,43,54
218,271,44,56
201,259,48,60
187,248,50,66
177,237,51,63
173,230,48,61
169,223,48,56
168,218,46,55
170,216,47,53
172,215,47,47
175,217,46,47
180,221,43,44
189,227,40,42
199,232,35,41
211,238,40,41
211,238,40,41
211,238,40,41
243,269,35,41
262,281,30,38
280,292,33,39
297,300,35,39
321,299,41,47
341,299,51,52
369,297,58,57
401,297,67,57
430,289,65,65
461,281,56,71
478,276,65,76
499,266,69,82
521,261,74,75
548,253,72,72
560,248,75,60
571,241,69,54
571,235,68,51
573,232,67,51
571,232,67,54
567,234,70,59
560,239,80,59
549,245,83,63
537,256,87,64
514,268,90,62
493,276,98,67
471,289,98,67
434,293,100,65
416,302,83,54
383,310,89,48
347,310,78,46
312,310,70,48
301,311,58,47
266,311,52,48
266,311,52,48
266,311,52,48
226,282,38,37
211,270,41,44
198,263,47,45
187,251,53,47
181,245,54,45
175,241,57,44
172,238,56,44
170,235,59,42
172,234,56,44
176,236,54,44
182,237,48,43
183,239,49,44
184,241,51,44
202,240,45,45
203,240,44,46
213,240,37,46
225,245,34,52
236,250,32,51
241,258,39,51
250,258,43,57
261,261,50,57
273,264,51,55
284,269,53,52
295,272,56,53
309,276,50,53
319,277,52,52
336,282,43,50
346,282,39,52
360,284,30,52
367,286,28,55
372,288,24,56
377,287,24,59
380,287,24,65
379,288,29,63
376,288,37,64
369,291,44,59
362,290,50,63
356,292,54,62
348,293,56,63
337,296,63,60
329,298,64,56
325,300,57,55
315,303,59,54
303,304,63,52
293,305,64,52
270,305,75,53
263,306,74,51
262,305,65,51
264,302,52,55
263,299,45,59
269,296,35,61
268,294,26,61
265,295,23,59
262,293,22,60
258,292,26,60
253,286,32,65
249,283,41,67
246,281,46,65
243,280,54,66
242,279,58,65
241,279,59,61
243,276,62,59
242,273,64,56
243,270,67,56
248,268,62,58
253,267,59,60
261,267,52,56
264,266,51,56
271,265,46,54
281,266,38,53
286,267,33,53
294,269,26,53
300,268,22,57
307,267,18,58
310,265,19,60
310,269,26,59
315,270,28,60
315,273,34,61
312,274,43,64
310,275,55,64
309,278,58,64
308,279,62,65
310,280,62,66
306,280,65,68
306,281,66,66
305,279,65,67
300,280,66,67
303,281,59,65
303,280,54,67
299,280,55,66
296,282,53,62
298,281,45,61
295,281,41,60
296,280,35,59
296,279,29,60
294,279,25,61
296,277,18,65
293,274,19,63
290,277,20,59
285,276,26,61
280,278,29,60
273,277,36,61
268,274,41,64
266,273,45,61
263,274,48,56
261,274,50,59
256,273,55,57
255,272,57,57
254,273,59,58
254,273,59,62
253,272,62,58
256,275,58,56
259,275,57,55
261,277,55,52
265,277,51,59
269,279,48,56
275,281,41,53
278,283,38,55
279,282,37,56
285,283,30,61
292,286,24,57
293,286,24,60
298,290,19,58
301,292,17,57
301,292,20,55
300,285,26,63
299,286,31,62
296,285,38,64
292,285,47,65
291,285,51,62
287,286,54,63
287,288,55,61
284,288,57,61
278,288,61,60
277,287,58,61
277,286,59,66
269,283,65,72
268,286,62,65
266,287,59,63
263,285,58,64
261,286,56,67
260,288,55,68
258,285,48,69
256,291,52,64
257,291,48,65
254,292,43,58
253,293,39,57
253,294,33,56
254,295,27,58
255,295,22,59
254,295,21,59
255,296,20,59
256,297,19,59
257,297,20,56
257,290,22,61
257,292,28,59
258,287,36,65
261,285,41,69
263,284,42,71
264,284,44,71
265,285,48,70
270,285,50,70
274,284,54,70
281,288,56,66
287,294,58,58
290,295,61,60
296,296,61,58
301,298,62,56
304,298,64,57
311,300,59,55
312,298,63,58
319,300,57,55
320,297,57,59
321,296,54,61
324,297,48,60
324,298,44,59
324,300,41,56
322,301,35,55
318,304,33,53
313,307,30,52
306,310,30,47
299,314,26,40
295,312,23,40
289,309,20,42
282,309,24,45
271,311,28,48
263,312,33,45
256,316,33,42
246,317,23,41
241,315,25,41
233,314,24,39
228,310,25,39
225,310,24,36
221,306,25,36
219,304,27,32
218,300,29,34
218,296,31,36
220,293,32,36
224,289,32,38
228,286,33,38
233,283,35,41
239,280,36,40
241,278,44,40
250,278,44,40
262,274,44,42
268,270,47,45
282,270,44,46
291,272,45,43
300,264,51,51
309,259,55,55
319,255,59,53
334,248,59,56
350,241,58,55
363,235,55,52
373,230,57,46
380,225,59,48
390,220,58,52
397,218,55,53
402,214,58,54
412,213,51,55
415,215,50,55
420,212,45,57
422,213,44,57
423,214,40,57
424,214,36,57
423,216,35,56
420,217,31,54
416,218,30,52
412,217,28,51
408,218,25,48
403,215,24,50
397,215,21,50
391,212,22,51
385,213,18,50
378,210,19,53
372,212,16,51
365,212,17,50
359,212,16,49
353,211,19,48
348,211,15,46
341,209,17,44
337,207,17,44
333,205,18,45
329,199,20,45
327,195,20,44
324,191,22,46
322,188,22,47
321,187,21,48
318,187,23,48
316,189,25,50
314,196,28,48
311,205,33,47
310,215,33,45
310,227,35,37
310,240,35,38
310,249,35,47
308,262,38,50
308,265,39,47
309,279,42,44
311,290,42,53
315,299,44,55
315,303,48,51
318,304,50,50
323,298,51,55
328,296,52,58
332,294,57,58
337,294,58,60
340,294,60,58
344,296,61,59
352,292,60,64
357,295,61,60
364,292,59,64
368,293,60,62
373,292,62,62
377,288,64,63
381,286,65,63
384,284,61,60
388,281,59,57
389,277,62,57
391,273,60,61
392,275,60,59
392,270,59,61
392,270,58,61
390,266,59,59
388,260,55,59
383,254,56,56
378,246,56,55
373,234,53,54
365,224,51,47
357,215,49,46
349,206,49,49
340,200,49,49
331,196,48,49
326,193,44,48
316,190,46,50
309,188,46,52
304,185,43,53
300,184,39,51
297,182,37,51
293,181,36,50
287,179,39,51
287,179,37,51
282,183,40,51
280,194,38,49
