86,0,169,248
86,2,186,249
89,1,168,254
89,2,160,253
84,-2,163,259
98,3,147,253
103,2,141,251
105,2,133,247
88,1,152,253
88,4,152,243
78,3,157,252
88,1,147,246
78,4,156,249
85,2,150,247
88,1,147,244
89,4,144,239
87,6,150,238
98,0,139,237
104,1,139,235
111,0,131,232
123,0,116,230
104,0,135,228
96,1,140,226
101,7,137,229
94,3,140,232
92,0,141,233
81,8,146,235
79,13,146,237
75,9,142,245
58,4,157,254
45,5,166,259
35,6,173,249
26,6,171,253
34,2,174,254
32,10,167,247
38,11,165,242
44,8,150,252
33,4,157,257
43,3,146,257
26,8,162,257
28,5,162,259
32,3,166,263
35,5,172,266
38,5,176,266
40,5,179,269
65,2,163,272
92,2,138,276
108,0,131,265
95,3,142,267
107,10,135,259
106,3,133,265
53,2,186,261
39,10,199,254
48,15,189,244
51,4,186,258
41,3,191,248
50,8,174,240
35,3,182,231
39,4,184,235
34,2,181,239
37,4,178,226
31,1,185,224
37,0,177,234
49,0,167,229
54,1,158,228
66,4,145,227
81,1,134,228
74,0,133,227
76,2,162,226
67,4,146,216
66,2,122,219
71,1,122,222
84,-1,114,222
87,10,112,215
99,5,108,224
107,7,104,222
109,0,106,223
118,12,106,226
120,6,108,234
115,10,113,243
99,10,139,249
110,7,128,265
101,2,143,274
109,6,140,283
112,-2,135,299
108,-3,138,302
102,0,153,304
101,1,154,307
107,-1,136,318
118,-3,132,311
118,-1,131,314
114,1,139,313
116,0,135,313
105,0,145,302
107,-1,136,305
104,8,133,284
96,7,144,272
103,16,124,254
96,8,128,250
98,6,127,255
90,4,130,243
95,12,114,236
92,12,123,235
91,14,118,227
87,6,129,238
89,6,120,245
87,5,126,242
83,6,134,249
81,2,138,249
92,5,132,257
84,2,143,254
94,0,139,251
80,4,160,242
98,4,145,249
91,5,151,244
90,1,154,250
101,3,147,242
93,4,158,247
109,12,144,238
100,9,161,242
109,3,148,248
100,1,160,252
103,0,155,257
101,4,157,262
102,0,153,277
89,0,164,278
80,-1,172,289
86,1,157,292
73,-1,164,308
70,-2,158,304
63,-1,156,315
58,2,153,323
55,3,149,323
33,3,175,325
15,0,193,344
15,3,195,336
29,-2,169,330
14,0,186,344
22,-2,175,330
20,-1,178,316
17,5,187,307
17,5,195,297
20,10,183,277
27,8,190,255
26,9,188,251
27,6,190,260
41,3,173,258
47,5,176,254
60,5,169,255
73,1,166,268
81,-1,167,279
90,0,162,282
93,-2,171,294
112,-1,160,295
128,6,151,309
137,11,152,288
137,12,161,301
156,12,156,311
161,19,155,300
159,16,156,290
183,13,133,285
162,3,151,286
162,4,148,285
182,-2,125,280
179,0,120,271
166,4,127,269
167,-6,123,264
161,-7,126,263
150,-2,132,268
133,-3,143,264
111,-9,158,278
91,-4,177,270
75,-2,195,275
75,-3,182,277
82,-5,163,275
72,-1,157,268
89,0,142,268
100,-2,126,263
79,-2,138,262
97,0,121,249
103,0,113,244
106,-1,110,249
115,1,102,240
119,1,99,239
119,-2,103,249
119,-1,107,245
124,-1,105,242
123,1,108,229
128,1,104,226
131,1,106,232
133,-2,108,235
144,6,104,234
145,0,114,239
156,2,111,239
163,-1,114,245
167,1,114,248
156,-1,131,265
158,-1,133,279
149,-7,146,287
147,8,150,285
110,22,190,285
97,27,204,300
89,37,211,289
83,41,207,293
76,43,211,297
99,50,169,295
75,49,192,302
81,44,173,305
105,37,143,307
118,38,107,309
115,16,110,332
102,49,118,299
67,49,142,306
51,32,161,318
58,24,147,331
51,27,153,328
39,26,153,314
20,37,175,307
13,36,180,308
24,26,165,319
26,26,160,314
38,26,142,301
33,28,153,306
36,25,147,306
31,23,156,308
34,19,151,309
29,24,152,288
30,32,159,287
35,24,155,296
34,25,156,283
30,19,165,305
40,20,157,297
53,23,146,310
57,36,149,294
66,46,140,280
71,56,141,278
72,59,144,272
72,47,164,295
83,57,151,280
91,60,159,277
99,62,164,272
106,63,167,269
120,49,161,285
128,58,164,269
127,55,166,270
129,60,167,259
134,60,172,260
135,57,167,264
142,50,157,254
138,46,165,257
136,45,165,257
142,42,155,254
130,32,165,266
145,34,149,265
132,32,158,267
135,35,143,263
130,29,146,267
135,33,131,272
139,31,127,271
132,24,136,282
130,33,138,271
132,32,134,264
134,29,137,269
134,27,131,266
130,33,138,264
133,19,139,273
130,24,137,275
130,26,132,266
128,32,139,260
133,24,135,265
136,25,133,258
138,17,131,269
137,13,135,265
134,10,136,266
124,5,148,272
134,0,131,270
131,0,135,268
138,0,125,272
143,3,116,271
123,8,136,270
121,11,133,270
116,14,141,278
126,18,134,283
126,28,135,282
121,37,137,275
125,38,127,280
103,46,148,272
107,48,143,268
107,46,139,267
112,53,139,255
110,56,136,245
115,54,134,250
108,49,138,252
104,49,145,249
103,36,144,264
102,29,147,272
99,18,151,284
98,19,152,275
100,16,150,270
96,14,164,269
107,14,152,264
105,13,156,265
115,8,152,267
108,16,162,261
118,14,163,264
122,9,148,262
124,8,148,261
127,9,144,265
136,9,134,249
137,6,139,250
140,6,139,243
149,7,139,240
149,4,142,235
148,5,147,229
150,3,144,234
161,2,138,232
160,0,135,229
166,2,134,226
164,1,140,222
162,0,141,222
158,5,151,217
164,4,143,222
168,3,146,221
174,3,150,225
181,2,145,226
178,5,144,228
182,1,144,230
191,3,120,232
196,1,115,233
200,2,106,240
193,8,109,237
195,6,100,229
183,2,110,235
194,4,100,234
188,9,99,225
186,5,100,223
183,5,102,226
178,5,105,226
173,2,108,229
169,4,109,220
169,2,114,221
170,2,117,217
176,8,116,213
185,3,116,222
193,4,115,214
199,5,113,218
200,3,117,221
204,0,113,226
209,2,115,218
212,1,115,217
217,0,111,220
218,0,107,217
221,0,103,215
224,2,100,208
211,4,111,197
218,2,105,199
210,6,109,194
218,6,106,197
213,2,111,216
209,5,121,236
213,5,117,244
218,5,108,253
218,4,107,267
222,-12,102,249
223,0,100,245
217,2,106,218
204,1,124,214
211,2,116,225
202,3,125,216
204,2,122,220
206,4,115,219
198,1,122,221
193,1,121,220
198,1,107,221
187,1,113,218
177,0,119,219
175,1,116,218
171,3,114,216
161,3,117,224
160,4,112,223
159,5,110,227
156,6,106,234
143,6,115,233
147,8,107,234
138,10,117,234
138,5,119,234
138,9,120,231
142,6,119,231
144,6,114,232
140,-1,120,233
144,6,119,228
134,4,131,222
143,5,128,218
147,3,127,219
148,9,133,226
151,4,130,221
148,-1,133,221
160,5,118,211
163,0,119,208
166,-2,123,209
171,0,125,208
163,0,139,214
150,2,154,203
146,0,167,214
160,8,152,200
159,6,160,204
173,0,139,205
172,4,141,203
172,4,140,203
169,2,147,212
171,1,143,206
171,3,143,206
175,2,136,204
174,1,133,200
171,0,136,210
170,0,130,218
169,0,123,222
172,4,116,208
161,0,120,203
153,0,119,195
148,0,120,210
138,1,118,214
133,0,118,211
123,2,124,210
122,3,115,207
99,0,130,209
95,1,128,209
84,0,133,208
75,0,147,207
79,1,145,207
85,0,140,207
82,0,140,201
88,2,143,200
85,0,152,200
91,2,147,195
104,-1,139,193
102,3,146,192
123,2,131,192
136,3,129,183
150,4,118,180
156,5,120,179
169,8,112,175
174,5,113,185
172,2,122,193
182,4,113,199
181,3,117,202
184,2,118,206
175,0,129,213
179,3,131,214
179,0,131,222
173,4,140,222
167,5,142,223
164,2,142,232
161,0,140,237
164,-3,129,241
156,1,135,242
144,0,154,243
152,0,135,245
142,1,141,246
143,-3,140,255
156,0,127,251
136,2,151,248
140,3,148,258
168,-5,120,275
151,-1,142,252
159,-1,137,241
168,0,131,234
171,1,134,231
185,-1,124,238
177,1,136,228
188,0,135,229
197,-1,125,238
206,-4,121,237
204,-2,125,237
200,1,130,230
205,0,129,237
201,0,143,238
209,0,143,242
212,-2,136,242
215,1,137,237
204,2,139,224
208,3,139,227
203,2,140,224
212,-1,126,218
199,2,132,209
199,0,135,210
209,2,123,208
196,0,138,203
200,4,131,192
190,4,138,196
182,6,142,198
178,3,139,203
177,4,137,209
174,2,134,219
177,4,132,249
160,-1,150,218
183,3,123,212
166,2,135,206
162,3,134,207
171,4,126,203
162,0,129,204
160,5,145,197
156,3,139,202
168,6,132,202
160,1,130,211
159,3,133,231
166,0,126,251
166,1,129,264
173,1,127,265
167,1,134,277
165,0,145,288
167,0,138,301
163,0,146,301
165,-1,143,310
162,5,151,291
171,6,143,296
171,10,137,291
163,21,146,286
167,20,135,278
148,33,156,271
154,27,152,271
139,37,162,261
141,26,155,273
126,34,170,268
117,31,172,279
115,33,168,271
104,39,182,283
91,37,205,298
99,28,181,316
107,29,162,317
91,49,186,294
90,46,180,299
82,51,193,299
75,46,192,304
88,39,174,313
89,43,173,312
94,42,168,311
83,48,189,307
86,35,180,323
93,34,172,320
94,31,174,320
98,37,168,318
98,43,175,308
92,41,188,309
100,30,179,324
106,43,179,313
100,31,187,318
110,26,185,322
117,27,170,317
114,26,176,314
116,25,171,326
113,22,183,328
133,24,167,331
123,25,177,327
125,23,169,332
130,16,161,340
125,24,164,330
116,33,180,322
113,27,180,330
114,28,179,329
108,38,188,320
115,31,169,321
98,38,189,315
96,38,197,308
106,43,185,306
101,43,195,315
111,48,186,310
125,47,168,306
128,47,166,309
120,41,171,319
124,44,182,308
130,39,179,317
137,32,172,322
141,37,180,315
147,40,181,318
158,34,175,321
166,38,168,323
175,37,170,319
182,41,165,313
184,45,174,318
190,34,168,323
195,45,170,319
198,44,171,314
207,42,166,319
215,39,159,320
226,47,154,317
229,35,150,323
235,38,146,319
229,37,150,319
221,40,161,319
225,33,153,324
223,39,155,313
220,40,157,313
221,26,157,325
211,19,165,332
213,22,154,323
213,15,159,338
212,13,151,341
207,7,158,345
219,6,139,344
202,4,152,341
189,10,161,351
207,7,139,354
193,8,154,344
201,9,136,334
188,4,139,339
189,5,145,350
175,8,154,321
178,15,141,295
172,11,151,302
159,18,154,277
167,14,151,287
176,12,137,288
164,19,151,270
163,15,153,265
156,18,160,267
159,15,149,275
158,19,148,264
153,10,155,290
149,10,153,291
152,9,151,290
142,8,160,296
140,8,162,302
145,13,149,286
141,20,157,282
138,19,162,275
149,23,146,266
155,29,146,256
151,29,154,265
155,24,149,269
159,26,146,261
159,22,150,261
156,14,153,264
159,8,145,266
146,9,167,261
144,7,157,256
135,6,154,258
135,3,152,255
137,4,156,256
131,10,142,251
126,5,152,258
115,10,157,256
114,8,161,271
111,15,154,263
110,14,163,267
112,14,161,276
113,13,156,278
113,14,165,290
120,14,160,298
121,23,159,284
120,24,161,282
138,23,151,284
149,21,137,286
145,15,144,292
155,20,136,287
136,22,155,287
149,27,154,295
162,28,142,290
148,21,164,309
162,33,152,290
175,41,139,273
158,36,157,273
180,41,142,274
169,36,153,271
178,40,146,259
191,39,130,257
190,24,132,265
199,26,126,276
170,15,157,298
182,18,145,285
168,26,163,282
180,25,148,283
179,25,140,277
177,26,143,293
174,24,142,285
160,25,152,298
155,15,151,329
150,13,150,318
150,22,145,284
137,19,152,298
126,14,160,314
115,19,163,292
124,15,147,295
110,23,160,287
106,26,163,284
115,31,153,283
107,38,165,272
108,36,160,276
110,33,159,285
112,37,154,280
111,35,155,279
109,36,157,272
111,31,158,272
119,27,148,276
118,30,150,269
123,29,148,274
127,23,142,283
121,23,154,287
129,20,153,299
131,22,150,286
130,20,160,297
139,21,147,294
146,21,144,287
149,19,147,297
154,18,147,294
158,19,145,297
160,24,149,285
157,22,152,290
163,15,145,293
153,18,155,285
156,12,150,298
158,11,147,294
154,13,151,286
166,10,138,277
147,12,157,266
145,11,163,272
147,5,155,277
133,8,173,272
128,6,177,275
137,4,169,275
140,7,164,272
143,6,162,267
152,8,147,261
134,7,166,263
140,14,161,267
146,14,158,275
146,20,163,271
148,20,161,272
150,18,163,280
170,21,146,266
159,26,155,273
166,30,151,253
176,29,141,260
180,32,142,260
181,31,142,274
196,28,133,279
187,37,138,267
190,35,141,256
184,37,145,239
177,33,151,241
191,26,133,275
186,18,144,274
175,17,160,252
179,10,153,263
179,10,152,266
178,11,157,254
181,6,151,267
176,2,158,269
171,5,164,256
173,0,154,273
168,0,153,280
166,-1,152,272
155,0,154,248
148,4,162,257
140,2,164,238
132,6,167,221
127,3,165,210
126,0,163,219
120,2,166,216
118,4,166,219
112,1,169,232
113,5,163,239
111,3,162,231
100,5,174,234
92,4,181,233
105,7,159,237
97,6,170,249
90,7,176,279
88,3,174,307
102,1,171,288
88,6,173,301
97,-2,167,297
82,0,177,333
84,2,178,288
93,0,168,320
91,1,174,304
80,2,183,336
83,2,177,314
93,2,175,340
86,0,178,328
90,0,182,321
100,6,179,301
90,6,191,342
98,0,183,345
109,-2,170,336
80,4,197,345
97,7,176,300
110,4,165,265
102,0,170,264
104,3,169,250
120,10,150,212
115,5,166,230
120,6,163,233
131,6,152,215
128,8,164,226
131,10,164,223
138,9,153,215
129,12,163,208
139,9,156,224
130,9,164,222
142,6,150,231
133,9,159,241
137,14,160,231
137,15,156,244
146,8,143,253
138,9,149,258
138,6,148,277
141,6,146,261
156,5,126,264
134,12,142,259
122,7,155,286
119,7,148,295
110,6,157,323
118,6,139,318
121,0,136,331
118,2,132,325
106,-2,146,314
105,3,142,304
104,1,153,298
112,2,146,291
100,2,156,297
115,3,147,290
111,0,150,298
111,-2,155,303
116,-2,153,318
129,-3,147,311
115,6,159,277
122,6,160,282
129,6,153,281
140,0,143,284
153,2,131,288
136,8,161,290
156,7,148,300
155,1,140,306
146,8,144,298
167,3,121,324
168,0,113,289
153,7,133,260
139,5,145,267
125,7,150,277
137,1,138,332
120,0,162,343
121,5,159,336
96,0,189,320
88,13,224,345
76,14,225,337
75,8,249,353
51,16,291,350
43,38,316,325
29,20,343,342
47,50,322,310
61,26,312,335
45,18,348,340
33,92,364,276
15,58,393,301
11,20,433,328
35,41,388,326
47,50,364,294
38,6,383,353
67,27,356,333
125,76,295,277
48,9,312,345
38,2,331,360
17,7,393,351
32,8,396,350
39,5,375,353
55,6,342,348
105,-4,271,371
138,2,205,353
127,7,239,355
128,8,237,358
128,-1,249,356
120,9,262,359
118,7,260,343
112,3,275,352
108,12,294,342
105,-1,291,360
103,17,295,338
102,9,294,348
101,-5,276,351
85,4,291,364
86,13,274,349
79,5,265,347
65,5,298,348
50,4,300,355
43,-2,291,360
55,-6,252,366
71,9,229,348
115,4,178,346
109,0,177,354
104,0,172,341
98,2,178,350
90,2,184,339
99,0,176,352
88,-2,181,357
92,-6,182,357
75,0,202,353
107,-2,164,345
103,0,178,351
115,2,175,351
122,-2,164,341
130,-3,166,335
108,0,197,328
129,0,175,298
123,3,190,278
124,4,194,299
128,0,194,272
128,3,195,268
143,3,185,265
130,4,200,266
153,-1,173,268
144,0,182,269
158,7,171,273
164,1,166,274
167,0,168,271
162,6,172,265
163,7,171,266
161,2,174,270
156,3,178,267
166,2,166,272
157,7,178,266
157,3,173,275
149,5,179,273
148,0,170,282
146,3,165,279
128,-6,181,311
124,-5,185,297
108,0,191,297
102,1,191,296
100,0,184,307
100,0,187,300
98,0,188,298
103,-1,188,312
95,4,187,295
93,1,190,292
81,4,198,283
83,6,201,276
84,1,202,275
81,4,207,264
92,1,189,269
92,0,186,275
81,3,194,263
78,4,195,268
75,3,198,269
77,4,193,282
87,5,192,284
96,4,179,286
93,3,184,290
84,4,199,297
91,2,200,296
104,-3,185,308
85,0,207,304
94,0,209,308
102,1,197,298
111,2,193,291
102,-3,201,281
114,-2,196,291
122,-5,191,282
121,0,200,277
131,-1,195,266
147,-5,174,259
155,-4,178,258
153,0,184,251
159,-1,178,254
175,-2,163,260
180,0,161,253
183,1,157,253
178,2,172,257
183,4,170,259
187,0,165,263
187,-2,158,265
186,1,160,263
184,5,160,253
192,0,153,262
187,-3,148,263
185,-2,148,264
182,-1,148,259
177,2,149,251
183,0,136,251
173,-1,145,247
177,-5,141,250
157,-1,155,243
170,2,134,235
152,-6,141,239
141,0,147,244
154,0,130,237
143,-5,136,255
128,-1,155,247
149,3,138,230
130,3,154,233
132,0,149,260
126,0,156,267
131,-3,151,266
127,-4,150,270
135,-4,147,264
147,0,143,269
140,0,149,260
153,0,141,276
153,-1,147,262
159,-1,149,276
156,-2,153,278
158,0,160,269
167,-1,157,278
169,5,153,262
172,2,160,262
183,-1,157,281
192,2,155,251
193,0,160,300
197,-4,165,296
188,-3,184,303
192,8,194,284
189,8,181,251
207,2,154,245
192,7,166,229
202,3,153,236
203,3,149,232
202,5,149,235
210,4,143,234
208,4,138,236
196,2,156,255
196,-2,157,244
187,0,167,256
182,4,165,232
182,3,164,245
175,0,166,256
174,5,170,245
171,1,170,271
169,5,164,256
164,0,155,259
158,2,164,229
154,3,159,245
146,1,165,231
145,0,159,232
139,-1,158,231
145,0,146,224
140,4,146,205
157,3,128,203
156,2,128,205
163,2,119,198
164,2,119,196
175,2,105,193
159,3,118,179
169,6,114,183
161,-3,125,182
165,3,122,166
163,0,126,168
175,-3,112,162
182,1,106,159
185,3,102,158
185,3,104,154
181,3,111,152
185,2,111,152
185,2,107,152
187,4,112,160
185,5,113,158
187,4,113,159
181,5,121,162
178,5,129,168
179,4,134,174
172,0,137,185
190,4,126,189
186,8,127,198
168,1,145,210
164,4,156,209
154,4,160,219
164,7,151,220
156,7,155,228
145,4,169,238
145,5,168,246
140,7,167,250
135,7,169,261
145,6,162,267
138,13,165,267
132,13,168,271
142,14,158,272
132,23,165,263
149,27,151,260
136,27,159,260
142,31,153,255
135,30,162,260
134,29,162,261
136,32,159,258
137,29,156,266
146,28,150,264
143,28,148,268
144,31,145,263
146,30,141,274
137,27,153,269
144,30,146,271
148,33,141,262
151,29,139,263
148,20,140,279
149,21,133,268
147,15,139,270
146,13,143,271
148,10,144,265
157,3,135,271
159,0,130,268
156,-3,133,269
160,-3,129,265
163,-2,129,253
163,-2,132,245
166,-3,133,238
161,-1,134,226
165,5,132,214
153,1,135,214
162,5,130,208
152,4,138,211
165,6,131,207
161,6,133,212
166,8,129,210
157,4,136,209
169,5,127,205
157,8,137,206
152,2,144,215
158,3,140,219
152,3,143,219
157,4,136,222
149,3,136,224
157,3,130,236
132,0,155,245
134,0,153,244
147,1,141,251
129,3,159,245
135,6,153,240
127,1,154,253
128,0,158,244
119,1,152,242
123,0,148,245
106,1,162,243
108,4,163,234
113,3,153,236
109,1,162,240
107,2,156,231
97,2,161,234
107,4,154,230
106,4,150,227
111,1,151,226
97,5,165,234
95,-1,172,230
98,-1,176,233
92,2,177,237
106,3,165,233
112,1,157,232
115,3,161,233
114,3,174,237
115,1,174,241
125,0,167,246
120,1,173,245
128,1,165,240
133,2,161,246
139,1,152,249
128,1,165,245
133,2,161,244
141,1,149,242
132,2,157,244
132,1,153,243
127,3,158,245
130,0,147,254
120,0,153,248
121,0,145,252
111,2,147,249
102,4,147,247
97,5,150,244
87,3,158,245
79,4,163,245
67,4,169,252
65,6,161,245
56,4,169,236
48,5,166,236
53,7,160,231
68,3,144,237
57,2,164,228
68,0,162,235
87,2,156,230
96,8,156,215
110,7,153,221
120,4,155,229
131,2,149,232
136,2,155,228
154,4,150,221
152,3,158,223
169,5,142,214
164,1,151,217
168,2,151,215
174,1,142,216
174,3,139,217
167,0,141,224
182,3,121,219
163,9,127,209
145,2,136,213
139,2,136,214
148,4,123,209
137,2,129,209
142,3,126,211
131,1,136,215
119,2,149,209
117,2,149,217
111,2,152,219
116,3,148,237
117,1,137,240
101,2,155,237
101,5,155,242
94,4,156,244
85,7,169,239
79,5,165,236
73,5,168,246
76,3,149,246
70,0,157,248
68,2,149,246
76,0,144,244
83,4,125,247
71,2,135,248
81,2,132,248
104,6,108,239
110,5,96,235
115,3,96,234
118,11,93,220
121,21,91,201
119,2,96,214
118,8,100,203
122,7,98,193
123,6,97,183
123,10,99,174
120,11,103,172
118,9,102,173
123,9,103,175
126,7,99,182
129,5,101,186
129,6,100,192
127,6,101,196
127,7,101,199
118,1,106,206
117,3,105,208
112,3,107,208
113,4,106,214
110,7,106,209
106,4,102,218
102,10,108,209
91,7,116,214
91,9,113,212
84,7,117,217
80,12,117,215
79,5,116,229
72,6,110,230
69,11,115,230
60,5,122,237
61,5,121,236
60,7,123,238
59,8,127,232
66,6,121,229
72,6,116,225
71,7,113,219
70,3,111,221
70,4,109,210
72,5,106,215
76,4,99,211
77,3,100,209
81,5,100,211
78,5,101,214
76,6,106,213
78,7,103,218
72,5,105,221
75,2,96,223
69,2,103,218
71,2,96,220
69,5,92,218
77,4,87,218
80,0,93,213
88,5,87,201
95,3,88,202
104,1,87,201
113,3,86,192
118,4,85,184
118,5,94,177
124,0,88,181
127,6,94,169
127,9,94,161
127,2,89,163
122,3,88,151
115,4,92,141
109,3,97,138
103,2,109,138
96,-1,105,145
89,1,110,151
84,0,113,159
75,2,121,166
71,1,119,174
65,2,118,181
62,4,117,188
60,10,116,189
60,6,120,204
60,17,121,192
59,15,129,194
60,4,136,205
73,3,134,208
68,4,151,209
89,3,138,218
101,2,139,220
104,0,142,223
95,0,155,229
99,4,158,226
94,2,165,225
93,1,173,232
97,2,173,230
94,0,185,241
109,2,173,240
112,0,182,246
121,1,174,255
123,1,186,249
130,5,175,256
134,3,182,261
139,0,177,262
143,2,184,267
147,2,187,273
144,3,188,269
152,4,189,278
151,4,182,285
146,3,191,283
144,5,187,285
154,7,181,289
147,4,179,280
158,2,165,279
146,-2,174,281
147,0,176,278
140,-2,183,274
146,-2,176,270
162,-3,150,265
160,-1,153,256
178,-1,134,247
169,-4,144,259
166,-4,143,267
164,7,143,260
152,2,166,265
157,-3,157,272
155,-4,156,275
151,0,164,276
135,-2,169,281
121,-5,171,282
108,-2,202,289
121,0,192,273
116,-1,208,290
116,0,213,281
111,1,231,289
115,2,232,288
118,3,233,295
127,1,233,306
141,7,229,282
146,8,222,281
147,7,250,281
153,3,235,296
159,2,238,282
163,0,239,285
168,8,227,259
168,4,261,300
164,3,239,278
186,12,229,286
188,8,235,317
194,4,198,317
197,4,162,277
185,0,160,283
180,11,154,294
165,4,164,292
162,12,155,301
154,15,156,297
153,15,158,301
135,22,169,289
125,16,170,293
134,12,147,290
110,1,172,296
105,5,174,288
100,7,176,281
102,6,174,271
115,11,167,263
108,6,174,259
111,3,179,258
118,6,172,245
137,7,157,232
142,5,161,232
154,6,152,223
163,11,145,218
171,4,152,219
179,5,155,222
187,0,153,221
192,2,148,214
196,5,153,214
203,2,140,211
211,5,135,209
211,2,143,207
213,4,135,202
219,2,124,199
222,2,125,197
225,0,127,198
225,3,126,189
227,2,124,189
228,4,125,184
229,5,128,189
227,-1,126,200
228,6,130,200
224,0,131,205
222,1,135,202
216,0,142,200
211,1,148,195
202,2,147,200
198,1,146,202
191,0,143,206
183,1,143,202
180,5,143,217
173,1,142,232
172,6,134,235
168,5,130,247
162,3,129,255
159,3,129,254
158,6,132,244
160,7,129,246
159,8,137,244
158,11,133,241
156,13,138,242
160,8,136,253
162,7,136,245
168,6,128,245
170,7,128,233
177,3,123,235
176,8,127,239
181,5,123,259
184,4,118,249
182,7,126,246
186,10,125,252
182,16,137,253
185,24,138,245
182,28,140,233
184,28,143,235
184,31,141,239
184,38,140,246
172,43,153,240
178,48,150,240
181,46,141,246
180,54,138,249
185,53,129,257
190,56,120,258
181,61,125,256
177,60,125,263
177,64,119,255
160,52,135,270
151,55,138,270
153,60,131,268
136,58,143,270
130,55,153,271
117,60,159,259
121,54,144,263
114,48,147,256
108,52,150,248
114,49,145,246
109,45,151,252
116,44,146,256
116,43,148,251
120,47,149,255
132,47,142,250
140,50,138,243
147,49,135,243
154,41,134,251
163,47,133,250
169,53,135,238
168,52,143,239
173,48,140,245
176,48,137,251
178,49,135,249
167,50,144,249
177,55,143,247
175,55,144,244
182,55,148,255
185,48,142,267
188,54,141,245
193,44,139,264
190,45,146,256
187,39,147,260
184,40,147,256
183,43,146,259
175,43,151,255
172,48,152,249
166,54,146,236
160,53,151,237
156,49,150,239
148,57,154,227
137,52,159,228
132,46,166,228
128,37,161,237
131,32,161,243
121,37,165,230
120,28,166,236
106,29,178,229
107,27,187,231
107,23,183,242
107,23,194,231
109,18,187,242
101,20,192,244
112,20,198,239
113,15,195,239
110,9,193,250
102,8,197,238
98,6,205,234
103,2,203,240
103,13,204,221
105,8,210,225
96,19,218,204
96,14,216,201
97,7,220,205
91,9,220,200
79,4,234,207
81,12,236,209
77,11,235,200
111,8,214,211
69,20,239,193
99,14,215,215
69,18,224,221
119,6,180,239
118,3,174,238
139,7,152,249
135,6,154,253
136,10,154,248
141,10,150,246
149,12,140,247
139,17,147,241
144,21,146,241
150,21,146,253
157,34,146,247
160,36,143,251
164,46,144,246
164,51,146,250
162,58,151,247
166,63,151,252
171,64,147,254
169,74,151,246
169,76,151,251
164,81,154,253
172,75,152,268
173,83,153,262
166,84,161,264
173,92,156,266
169,88,158,267
175,100,155,262
178,101,159,255
165,114,175,246
178,114,162,242
175,119,166,237
167,122,169,233
162,125,169,229
163,121,169,230
155,120,172,236
151,117,183,238
147,114,178,243
154,125,165,233
152,119,170,242
146,115,175,231
151,111,158,248
149,114,158,245
137,108,166,251
145,122,170,242
130,114,177,240
124,112,185,250
139,114,165,248
127,119,178,249
144,112,167,246
123,120,177,240
130,116,176,243
136,126,169,229
131,124,177,238
134,129,173,223
123,130,174,227
124,128,172,227
110,118,180,239
111,131,179,228
101,116,186,241
103,113,189,235
106,109,189,242
110,113,178,241
110,114,178,239
109,109,178,244
108,102,180,248
116,110,172,252
114,103,169,251
107,98,176,260
97,101,178,255
105,86,163,268
98,80,161,275
85,97,162,261
96,84,152,270
84,99,157,255
80,97,167,261
73,115,173,242
68,113,178,245
63,107,185,246
57,112,193,244
79,103,173,243
76,106,180,253
82,112,178,244
93,93,175,267
99,99,170,260
102,94,174,269
106,102,169,256
109,92,174,265
127,79,166,287
142,92,160,274
144,90,162,271
154,81,161,284
149,77,168,286
167,79,155,283
160,69,163,291
168,74,154,286
154,81,170,285
158,70,169,290
160,64,169,295
155,58,168,306
148,57,170,302
141,55,175,308
154,61,160,303
145,63,163,299
137,61,172,297
130,67,175,296
117,64,177,291
108,61,177,300
93,71,185,290
89,74,181,284
72,74,189,283
63,80,193,277
59,79,197,277
47,70,197,293
44,84,196,282
31,73,204,291
32,85,204,274
33,79,189,279
13,75,197,282
16,81,187,283
5,85,185,270
5,100,172,260
5,82,165,271
3,85,164,273
-2,87,158,272
3,107,145,253
2,113,142,240
-3,115,139,236
0,100,136,251
-7,88,135,260
-1,87,128,272
0,78,121,275
1,74,123,284
-1,89,126,262
4,96,126,259
2,90,135,261
9,79,133,265
13,63,139,285
13,80,140,265
10,86,141,262
10,68,153,286
4,57,171,301
-12,67,197,288
2,68,211,289
-10,69,230,284
21,75,207,278
18,67,225,291
9,72,228,294
15,75,242,295
30,95,230,275
38,89,232,257
24,87,244,272
34,130,243,214
40,144,240,221
44,122,236,237
48,128,238,231
34,150,249,205
34,145,244,215
33,164,230,200
25,155,225,190
25,169,239,190
9,144,246,210
13,155,242,207
13,169,228,177
16,212,229,137
5,194,234,155
3,161,233,193
19,169,211,183
21,154,193,199
25,156,185,209
19,153,190,211
10,149,196,201
4,152,200,208
5,148,197,201
13,144,184,213
8,145,181,209
17,142,167,210
17,146,160,210
3,132,170,221
2,118,158,241
1,126,156,231
-4,112,149,242
-4,105,140,248
-3,109,136,252
-3,83,122,267
-3,76,122,274
-2,16,113,266
-2,75,106,282
-8,54,110,296
-6,54,109,302
-3,60,97,294
-4,62,97,303
-7,62,91,303
-3,68,82,291
-5,73,72,285
-7,64,63,298
-9,83,54,277
82,-7,81,273
82,-7,81,273
82,-7,81,273
82,-7,81,273
82,-7,81,273
82,-7,81,273
82,-7,81,273
82,-7,81,273
82,-7,81,273
82,-7,81,273
82,-7,81,273
82,-7,81,273
82,-7,81,273
82,-7,81,273
82,-7,81,273
82,-7,81,273
82,-7,81,273
82,-7,81,273
82,-7,81,273
82,-7,81,273
82,-7,81,273
82,-7,81,273
82,-7,81,273
82,-7,81,273
147,0,109,267
147,0,109,267
147,10,141,229
147,10,141,229
147,10,141,229
147,10,141,229
147,10,141,229
147,10,141,229
147,10,141,229
147,10,141,229
147,10,141,229
147,10,141,229
147,10,141,229
147,10,141,229
147,10,141,229
147,10,141,229
147,10,141,229
147,10,141,229
147,10,141,229
147,10,141,229
147,10,141,229
147,10,141,229
147,10,141,229
147,10,141,229
147,10,141,229
147,10,141,229
147,10,141,229
147,10,141,229
147,10,141,229
147,10,141,229
147,10,141,229
147,10,141,229
147,10,141,229
147,10,141,229
147,10,141,229
-33,154,111,205
-6,151,98,206
1,153,106,208
6,155,117,205
1,134,137,226
0,114,159,246
3,109,175,248
0,109,198,249
-6,91,208,269
2,76,213,285
0,61,239,301
-2,38,254,313
8,8,252,332
9,14,251,352
20,23,243,342
9,18,259,341
0,21,266,342
16,30,262,335
18,23,255,344
17,15,259,344
20,14,257,348
14,2,254,349
22,14,271,344
18,10,266,340
29,7,253,339
42,13,236,334
48,17,236,338
40,0,251,356
50,3,256,348
38,-5,280,360
56,-8,265,350
76,-7,252,341
116,-3,224,327
136,-4,203,324
137,4,206,297
137,1,217,289
160,2,190,276
143,6,208,267
168,2,197,255
156,3,201,253
168,2,195,245
170,-1,187,242
185,5,179,226
187,1,184,224
204,1,173,227
199,-1,182,215
204,2,178,208
200,0,182,213
203,0,186,208
203,0,183,208
198,0,186,209
207,1,184,205
198,0,188,203
199,3,184,200
191,4,194,196
183,7,207,196
204,8,188,211
227,4,182,209
211,6,200,214
201,10,215,214
216,6,205,226
215,1,211,224
216,-1,213,228
208,5,234,220
215,3,224,217
214,2,230,211
218,4,223,202
222,5,221,199
233,4,206,194
240,2,193,195
226,1,209,200
244,1,186,196
258,2,169,199
260,4,161,196
271,0,149,209
263,2,150,211
268,3,141,222
248,1,153,231
246,4,151,230
242,1,155,243
242,2,147,250
242,-2,148,255
237,5,143,251
227,3,156,252
223,4,158,253
216,4,171,247
205,2,189,254
197,3,203,255
198,2,195,257
201,-1,203,265
187,0,208,269
180,3,221,277
155,0,264,292
150,4,276,316
139,4,263,321
137,9,264,328
130,4,258,336
139,9,240,328
139,17,245,330
147,10,224,331
141,20,232,322
159,12,213,338
168,20,198,320
172,17,205,326
178,17,205,323
192,18,192,320
205,10,182,333
212,12,172,330
208,12,184,329
216,11,176,330
208,8,184,340
212,4,184,340
204,8,196,341
236,3,164,332
217,4,180,338
218,2,179,345
211,2,183,337
210,0,186,342
204,7,188,345
211,10,183,330
196,13,199,333
192,7,207,348
189,14,196,330
181,16,192,310
171,18,205,292
165,17,213,304
159,12,207,293
148,11,208,294
161,12,199,311
149,14,200,310
151,12,199,325
150,21,192,322
147,35,190,312
152,40,182,308
151,54,176,302
146,60,181,295
146,74,181,276
136,78,187,268
130,69,192,277
127,74,191,276
114,70,197,276
111,69,201,277
111,71,203,277
108,75,199,272
113,81,190,264
105,87,202,260
109,87,201,268
112,87,196,266
113,96,188,254
104,94,204,263
111,98,200,258
112,101,199,253
108,104,213,252
118,95,208,256
132,95,204,253
145,89,192,266
147,80,199,272
144,89,200,264
136,82,213,263
138,92,208,263
152,79,194,271
163,80,175,270
181,75,161,272
190,79,157,271
190,71,160,271
203,74,166,272
200,76,168,262
210,67,165,282
207,71,172,270
214,58,171,285
212,64,173,277
215,76,167,265
219,68,166,264
219,68,161,271
220,66,162,277
210,63,173,278
206,63,173,283
215,57,170,280
207,57,180,290
212,64,172,278
214,50,171,300
210,53,177,295
213,55,180,297
213,65,176,285
198,71,199,278
216,74,179,278
207,69,187,285
211,75,185,281
216,73,180,277
207,71,186,280
206,72,191,266
197,66,200,274
203,63,191,280
190,61,207,284
204,60,191,288
197,54,194,292
206,58,184,298
196,63,189,296
185,70,198,280
186,74,189,281
173,68,205,290
180,67,187,286
148,75,223,283
176,73,200,287
171,89,208,278
176,85,200,270
161,99,213,263
171,90,202,271
159,90,209,261
163,95,209,264
163,97,207,252
165,101,217,253
162,83,214,273
166,86,214,266
155,74,224,272
157,102,239,256
163,90,240,263
161,99,239,249
177,109,239,247
172,107,247,243
168,108,257,240
176,101,257,255
181,99,253,252
186,100,248,255
181,92,255,261
196,116,236,243
192,107,246,245
185,106,251,248
191,93,257,264
195,92,250,260
187,90,261,263
198,89,233,262
194,91,244,266
197,83,244,270
202,73,225,278
196,83,229,272
197,76,220,273
187,70,228,286
190,66,214,291
189,62,210,300
190,58,209,303
193,53,194,304
174,37,215,309
198,42,170,309
182,40,180,316
164,33,195,315
154,38,200,315
162,37,188,304
146,48,193,315
138,59,202,292
141,73,188,271
129,81,198,276
127,96,186,257
116,104,186,242
102,112,199,243
98,113,208,238
94,136,213,225
89,125,209,231
96,136,208,224
96,140,202,222
99,130,213,228
94,136,210,215
104,135,213,228
98,127,213,229
99,121,208,238
98,121,214,236
100,115,220,247
104,107,222,245
109,98,221,259
131,94,203,259
124,91,214,257
120,86,216,254
112,79,225,246
107,67,232,254
104,57,233,261
104,49,235,257
102,53,230,246
94,52,245,267
90,46,231,272
85,57,241,272
82,57,244,282
77,64,250,287
70,77,258,278
71,70,242,287
81,84,230,262
77,87,229,269
71,86,230,264
71,79,231,271
60,76,247,274
63,74,237,274
64,71,233,283
70,75,228,280
72,70,223,282
58,59,223,295
53,67,225,285
38,64,222,288
19,60,228,292
24,66,202,285
27,72,180,284
21,80,175,268
24,87,171,272
31,71,177,280
19,51,204,297
23,47,212,297
21,51,213,283
21,52,216,292
18,48,230,297
27,39,230,303
24,29,240,301
41,20,238,305
42,17,231,297
60,14,219,284
54,14,222,265
40,12,240,263
47,15,235,278
44,14,241,264
36,15,248,272
61,12,236,268
38,17,249,274
42,13,253,215
49,19,250,199
48,18,248,203
65,22,233,212
80,35,223,192
81,35,220,192
83,47,222,189
70,28,236,204
65,37,244,197
68,43,239,195
80,53,228,176
75,56,233,175
72,60,236,168
88,67,219,166
75,59,232,180
81,64,223,169
103,74,209,160
115,70,187,172
68,79,234,168
41,67,251,179
40,65,250,209
36,63,257,225
19,45,266,226
16,56,258,219
40,61,249,202
11,62,269,212
4,62,271,216
2,63,271,224
7,61,268,222
6,75,259,202
9,82,250,214
3,72,254,210
5,83,243,201
2,85,236,213
2,66,228,216
7,86,213,210
3,80,210,238
11,88,195,197
-1,80,202,209
11,75,187,212
10,72,202,227
14,52,213,261
20,52,213,251
13,56,225,269
22,42,217,252
28,36,220,251
21,18,225,249
17,6,240,268
35,27,226,242
25,17,228,240
25,33,230,227
21,8,241,265
34,37,235,240
33,16,240,259
36,31,239,259
31,52,241,244
53,72,224,229
50,82,224,227
48,82,222,241
60,105,208,218
61,95,202,242
42,116,218,233
36,104,218,254
35,105,206,241
32,105,209,253
23,102,204,252
16,101,199,244
30,102,194,251
19,99,198,250
24,96,183,254
19,93,183,257
15,90,181,254
11,83,183,259
18,82,168,250
12,76,170,252
8,72,174,232
6,72,174,244
4,72,180,244
6,73,185,210
4,78,177,208
8,84,184,210
12,94,185,205
11,96,187,200
14,107,179,228
7,116,200,196
9,121,205,210
11,127,209,226
14,152,204,197
25,165,204,182
13,170,217,178
14,167,217,185
11,171,224,183
19,174,238,183
31,180,245,174
14,177,258,178
33,186,285,171
11,182,283,176
-12,171,263,186
-12,171,263,186
-12,171,263,186
-12,171,263,186
-12,171,263,186
-12,171,263,186
-12,171,263,186
-12,171,263,186
-12,171,263,186
-12,171,263,186
-12,171,263,186
-12,171,263,186
-12,171,263,186
-12,171,263,186
-12,171,263,186
-12,171,263,186
-12,171,263,186
-12,171,263,186
-12,171,263,186
-12,171,263,186
-12,171,263,186
-12,171,263,186
-12,171,263,186
-12,171,263,186
-12,171,263,186
-12,171,263,186
-12,171,263,186
-12,171,263,186
-12,171,263,186
-12,171,263,186
-12,171,263,186
-12,171,263,186
-12,171,263,186
-12,171,263,186
-12,171,263,186
-12,171,263,186
-12,171,263,186
281,182,240,185
281,182,240,185
297,186,199,173
311,180,184,172
313,183,178,179
313,183,178,179
313,183,178,179
313,183,178,179
313,183,178,179
313,183,178,179
313,183,178,179
313,183,178,179
18,-28,201,144
24,1,206,107
31,4,206,107
36,3,211,124
49,7,207,129
59,9,198,135
70,13,199,147
77,15,197,152
76,25,203,146
76,38,206,144
84,48,193,143
83,55,195,137
84,62,196,140
79,72,204,139
92,82,191,137
103,91,186,136
106,98,183,141
117,95,175,155
132,108,162,149
139,97,166,154
152,78,154,178
151,67,161,192
152,61,160,198
150,58,162,205
167,54,147,230
182,57,131,251
179,44,136,251
179,36,141,254
189,23,135,271
202,17,122,260
181,11,145,261
201,18,130,261
200,19,132,268
213,15,121,292
212,8,125,321
202,37,141,326
206,35,137,319
211,25,133,331
208,11,144,346
207,41,143,317
207,25,145,331
207,37,146,323
204,41,150,318
198,56,160,299
204,33,147,322
200,40,154,306
203,40,152,310
201,30,150,324
198,37,158,313
202,30,155,325
189,34,172,320
195,33,159,330
194,31,161,330
190,30,168,328
196,28,161,329
197,29,159,330
202,27,153,329
203,15,148,337
199,15,159,339
191,20,164,334
190,19,166,337
186,42,165,318
194,28,157,325
194,13,152,343
200,16,147,341
205,22,140,332
200,5,141,346
199,18,141,347
204,9,135,346
197,19,140,320
203,29,129,314
204,33,130,313
202,34,129,325
192,20,131,328
199,36,140,321
189,38,144,310
192,31,142,324
189,38,147,316
190,42,147,311
188,50,151,303
199,50,142,301
195,54,148,297
196,31,153,323
196,27,148,328
199,31,150,323
200,36,142,316
201,16,160,339
196,40,157,317
196,34,141,323
193,30,155,328
191,41,157,312
196,7,164,346
184,14,177,346
182,15,182,339
