349,14,55,94
347,20,50,90
347,18,47,90
345,28,42,86
345,31,40,85
344,40,34,84
343,43,33,84
342,60,32,83
342,58,31,86
343,84,31,77
342,86,31,75
347,99,31,70
348,99,30,67
354,105,28,65
354,105,29,64
361,111,29,60
362,113,28,58
370,112,27,56
372,110,27,56
378,113,29,54
381,114,27,53
386,116,28,55
387,117,28,57
393,130,30,50
393,133,30,49
395,139,32,49
395,137,31,52
392,140,32,50
392,139,32,50
385,134,31,49
383,133,32,50
373,130,30,48
371,130,29,49
360,133,30,49
356,135,35,48
346,140,30,47
345,138,30,50
329,143,30,47
329,144,27,47
318,147,26,47
318,149,25,46
311,152,22,46
310,151,21,46
310,151,21,46
310,151,21,46
310,151,21,46
310,151,21,46
310,151,21,46
310,151,21,46
314,145,23,44
315,145,23,45
321,144,28,43
325,141,26,46
335,139,30,45
337,138,32,46
352,134,31,48
354,133,32,46
371,130,31,47
371,128,36,49
391,130,32,46
387,125,40,49
405,121,37,50
407,121,38,49
419,114,35,50
421,111,36,52
428,105,36,53
429,104,36,55
429,100,38,53
429,98,38,55
427,96,36,57
427,96,33,56
417,94,34,57
415,98,32,53
401,97,34,55
399,97,34,54
383,94,32,52
379,95,32,53
361,95,32,53
356,97,36,52
340,97,33,52
334,96,34,53
323,94,33,54
319,92,32,56
312,88,30,55
308,85,32,55
308,87,32,55
304,82,29,53
303,80,30,57
302,79,28,56
301,77,30,56
304,75,28,54
303,74,29,55
312,70,29,56
311,68,31,58
322,64,33,57
322,60,33,58
335,54,35,61
336,53,33,60
354,47,36,62
352,45,36,63
370,42,38,63
369,42,41,66
383,39,43,67
382,34,44,70
395,34,41,71
394,32,43,71
399,32,44,75
398,30,43,77
397,30,45,80
397,29,44,83
387,34,38,77
385,32,41,78
359,28,46,80
358,29,50,78
325,26,50,76
327,27,51,75
296,29,48,75
298,27,49,75
271,36,51,77
270,37,52,76
258,48,41,74
256,48,44,76
250,57,38,71
253,61,37,68
254,67,34,64
254,69,34,65
264,79,31,62
263,78,32,62
277,86,30,59
276,88,32,59
290,92,32,53
289,93,37,52
306,95,33,51
306,94,36,54
323,97,35,50
323,96,34,53
337,97,38,53
336,95,41,54
353,97,38,54
355,97,39,57
364,95,40,62
365,92,39,63
369,87,41,69
369,88,40,64
367,77,43,69
366,78,42,65
360,65,42,70
360,66,44,68
349,54,38,72
349,53,42,73
332,49,39,71
333,47,37,71
319,43,34,72
318,44,37,71
305,45,36,70
304,44,34,70
299,47,31,68
300,48,29,70
297,48,28,64
298,52,28,64
299,52,27,64
300,54,26,63
304,55,27,63
306,55,27,62
313,57,28,61
313,58,30,60
320,57,31,57
321,57,32,59
329,57,32,59
328,58,32,56
337,60,31,58
337,61,33,57
343,62,33,59
343,63,33,60
348,62,33,60
349,62,33,62
353,60,32,63
353,61,35,63
355,57,33,65
356,58,35,65
358,54,33,66
357,53,35,69
358,45,36,69
356,43,36,68
356,33,35,65
356,31,36,66
354,24,35,65
353,22,36,66
350,23,37,61
352,23,34,63
350,27,34,60
348,27,33,62
345,31,33,67
346,34,33,63
343,46,31,61
344,46,30,64
342,59,29,62
343,59,28,62
340,72,28,61
342,75,27,59
339,83,28,56
340,82,27,57
339,88,26,53
339,88,25,53
337,87,25,52
337,85,25,53
335,81,24,51
335,80,24,51
332,75,24,52
332,74,24,52
330,70,24,50
329,69,23,51
326,63,24,55
326,63,24,55
323,59,25,58
321,59,26,58
319,58,26,60
320,58,27,61
320,52,27,65
320,50,26,66
321,39,30,70
322,37,30,70
325,23,36,71
326,23,38,68
332,10,38,68
331,9,45,66
336,3,47,62
337,3,48,60
344,3,49,60
343,4,50,60
347,13,48,60
346,14,49,62
347,32,47,63
348,31,46,66
346,48,42,67
346,48,40,72
340,64,38,68
340,64,37,69
335,76,34,68
334,80,34,64
332,90,27,59
330,90,29,59
325,95,28,55
326,97,26,53
323,90,24,53
322,89,23,53
320,83,23,48
321,81,22,49
320,76,21,49
320,75,20,49
320,69,20,49
319,68,21,49
320,65,21,48
320,65,21,49
321,62,22,48
321,61,23,49
322,57,24,50
323,58,24,50
326,57,25,52
327,55,25,52
330,57,26,56
331,56,27,57
335,52,31,62
334,50,34,63
339,37,37,66
340,34,38,67
344,19,38,66
343,15,41,67
346,2,43,60
347,3,45,55
346,-2,49,45
346,0,50,39
347,0,49,32
347,1,48,27
342,0,48,32
343,1,46,32
329,6,48,42
328,2,50,53
320,8,43,63
321,4,41,70
313,15,41,71
313,15,39,72
311,26,33,69
312,27,31,70
310,35,29,69
312,38,28,67
312,45,27,66
313,47,26,66
316,53,25,61
316,53,27,60
321,54,25,54
320,58,26,52
326,57,23,54
327,58,23,53
333,61,23,53
333,65,23,51
338,69,24,51
339,69,25,52
339,69,25,52
347,80,25,49
346,76,26,54
356,85,26,51
355,86,26,50
365,93,26,48
364,95,29,48
376,99,26,48
376,99,26,49
386,112,26,46
386,111,27,49
392,123,29,46
392,124,29,47
392,132,31,45
392,134,30,43
389,139,31,42
388,141,32,40
376,142,36,47
377,143,35,46
361,150,36,48
361,150,38,47
343,156,33,45
346,154,31,45
324,155,34,46
328,155,33,43
312,152,29,45
314,151,26,46
314,151,26,46
314,151,26,46
314,151,26,46
314,151,26,46
314,151,26,46
314,151,26,46
284,128,30,40
283,132,33,34
290,130,36,39
288,132,40,34
301,133,45,43
307,136,45,44
322,140,46,47
331,142,51,48
351,149,47,45
383,151,37,48
390,150,46,51
390,155,52,44
426,148,52,51
428,143,57,52
456,141,58,51
455,139,59,52
479,139,55,45
480,139,54,45
494,135,42,43
497,136,41,41
498,136,38,39
500,136,37,41
494,143,42,41
491,141,45,47
473,146,54,44
471,144,57,46
440,145,52,52
438,147,60,47
405,151,50,47
412,155,50,39
374,155,51,42
379,160,47,38
327,148,47,45
330,148,53,43
312,136,41,49
311,134,43,46
301,127,34,48
297,124,38,46
284,113,37,49
283,111,38,49
281,103,33,50
281,102,34,50
281,101,34,48
282,101,34,49
288,102,33,50
289,103,33,51
299,109,34,52
299,111,35,50
319,117,35,53
318,121,41,50
339,125,42,51
343,128,41,51
367,130,43,52
365,131,47,52
388,134,45,49
388,135,47,49
401,136,44,48
403,136,45,46
406,132,44,46
408,132,42,46
405,131,42,42
402,130,44,44
395,129,45,43
393,130,47,43
381,130,43,45
379,130,45,43
361,132,37,45
358,131,46,45
336,130,41,43
338,130,41,42
310,123,42,48
307,122,46,48
294,116,37,48
292,116,38,47
275,110,35,46
273,108,38,46
264,105,34,44
261,105,35,45
258,108,31,40
259,107,30,43
258,108,30,45
260,110,29,43
266,118,30,44
265,123,35,39
282,126,31,37
284,128,33,35
303,136,32,40
306,140,35,44
326,142,39,46
334,143,44,48
352,145,42,46
358,143,46,48
373,143,49,44
381,140,44,46
401,130,38,50
403,127,39,50
411,119,37,49
412,119,37,47
413,112,36,44
411,110,38,47
406,104,37,48
403,103,39,50
391,99,35,49
389,99,32,48
370,95,38,48
368,92,42,49
343,85,40,51
340,87,43,50
315,74,43,54
310,70,47,55
292,58,41,56
288,51,43,62
278,40,39,58
275,33,43,64
270,21,38,58
269,17,38,60
265,5,38,58
264,4,40,58
263,2,39,54
264,3,40,52
271,3,37,49
271,3,37,50
283,6,38,49
283,5,40,53
303,6,36,52
301,6,43,52
325,3,40,54
323,6,51,55
351,4,47,59
351,6,52,59
380,5,44,67
380,8,46,66
404,10,49,75
403,5,52,84
428,17,45,85
428,17,45,83
440,21,44,93
440,22,46,97
445,37,45,97
444,38,44,97
440,59,44,104
440,62,43,102
427,90,48,105
426,88,44,107
401,106,54,116
394,106,61,121
365,115,73,122
363,113,75,124
334,114,88,128
331,112,91,126
315,96,99,134
311,92,100,138
302,79,99,142
304,79,98,141
301,78,98,136
302,80,96,135
309,77,94,140
307,79,100,142
319,83,100,152
316,90,100,151
343,103,93,149
337,103,101,149
367,117,86,139
369,110,87,145
400,121,67,143
404,125,68,136
426,133,60,132
426,133,60,131
441,137,59,126
443,139,58,122
448,136,59,115
450,135,56,118
454,135,55,109
456,134,53,109
456,135,54,111
458,134,53,103
457,142,56,100
461,135,52,99
463,134,48,100
463,131,45,95
463,129,44,95
462,126,43,87
462,125,39,87
455,121,39,83
456,122,38,83
446,121,33,73
446,119,33,75
429,116,40,72
428,114,42,73
411,111,41,72
411,112,37,71
394,108,36,69
394,106,34,71
375,101,36,65
371,99,42,68
363,83,36,66
360,81,39,68
354,70,35,64
353,67,36,67
347,59,36,63
345,56,32,60
345,60,32,59
343,55,32,57
342,56,33,59
344,59,29,57
345,59,29,58
348,67,26,57
348,66,27,58
351,71,28,60
357,77,27,58
357,78,29,60
363,79,28,60
364,80,29,58
371,78,30,60
372,80,29,59
380,76,30,62
386,74,36,64
394,77,38,58
402,74,39,56
404,74,44,58
405,80,45,55
403,86,44,53
398,88,41,55
393,88,39,58
391,91,39,54
384,92,36,58
383,93,36,56
377,101,29,51
376,101,28,51
368,103,29,54
368,105,27,52
361,106,27,55
358,109,27,56
357,109,27,56
354,114,25,52
355,114,23,53
353,118,23,53
353,118,22,52
351,120,23,52
352,120,22,52
350,124,24,51
350,127,24,48
351,126,24,49
351,126,25,50
351,126,24,50
351,130,24,50
351,130,24,50
351,133,25,51
352,134,24,50
351,131,25,51
353,121,25,55
353,122,26,51
356,112,25,52
355,108,27,54
358,98,25,57
358,96,25,57
361,93,27,58
362,90,26,60
365,89,28,61
365,90,28,60
369,90,30,62
375,90,29,60
375,90,30,62
380,87,31,62
381,86,31,65
386,85,30,62
386,86,31,64
391,92,30,59
390,95,31,55
395,96,29,61
396,101,28,61
397,102,27,62
398,110,27,57
398,110,27,59
398,115,26,55
399,113,24,54
398,117,26,53
398,115,25,53
397,117,25,56
395,120,25,57
396,122,24,53
395,122,26,58
394,123,28,57
394,120,29,59
394,120,29,62
395,115,32,60
396,116,31,62
399,109,35,65
405,108,34,68
407,106,33,66
413,105,38,74
415,106,36,73
426,107,37,75
426,107,37,73
439,108,37,78
439,110,39,74
449,110,37,77
451,108,34,74
456,107,35,77
459,106,34,71
458,103,36,73
456,97,36,72
457,95,33,72
452,94,34,68
451,92,34,71
442,89,36,70
443,92,33,70
435,91,36,68
424,96,36,68
424,97,36,67
413,99,39,65
410,98,40,65
401,99,41,62
398,99,44,64
391,99,41,63
389,98,44,65
384,97,41,62
379,97,41,63
377,98,42,67
373,98,40,65
374,100,41,64
370,101,43,69
370,103,40,64
370,105,39,67
370,106,40,67
370,109,37,69
370,109,37,67
372,115,35,69
371,113,35,72
371,121,36,68
371,120,35,69
371,122,37,69
372,121,35,71
372,121,34,74
373,121,32,72
373,122,33,75
374,124,31,74
374,125,31,74
373,128,32,72
372,129,31,72
372,131,31,73
371,132,30,71
369,133,31,73
369,134,30,71
367,135,29,70
367,134,30,71
365,131,31,70
365,132,29,72
362,131,30,70
362,131,32,72
359,131,32,70
360,133,31,70
358,133,31,72
359,134,30,72
357,134,31,73
357,136,31,68
356,135,32,72
355,136,32,71
353,135,34,70
353,133,34,72
352,132,34,75
351,134,34,73
349,133,35,73
348,135,35,74
346,135,34,73
345,135,35,76
341,137,37,76
341,136,35,74
338,144,36,72
338,140,36,74
333,140,38,81
333,142,37,79
329,142,36,80
330,144,36,80
328,146,34,80
328,147,36,80
326,150,35,81
326,150,35,86
327,152,33,82
327,152,32,83
326,150,34,86
327,152,33,82
325,152,35,82
325,152,35,84
324,151,34,86
324,150,35,86
325,151,34,85
326,150,34,89
329,151,32,85
328,150,32,84
331,150,33,84
331,151,31,82
333,150,32,84
332,151,31,81
334,151,30,83
332,151,32,83
331,151,31,83
331,152,31,83
328,151,34,84
329,151,34,84
327,153,32,80
327,152,33,82
327,150,32,85
327,150,32,87
325,151,36,87
327,152,35,84
327,153,34,83
327,151,33,85
328,152,30,79
327,152,32,83
327,151,36,83
328,150,35,83
327,148,39,87
326,147,38,85
327,142,39,86
326,142,39,85
326,141,37,79
328,140,34,81
325,139,37,80
325,139,37,80
324,139,35,77
325,136,33,80
322,133,34,77
324,132,32,77
322,127,33,77
322,127,32,75
321,124,33,73
321,123,32,74
321,118,35,73
321,115,35,73
320,106,36,74
321,105,34,73
320,93,35,73
321,93,33,70
322,82,31,70
322,81,31,69
321,78,32,66
322,78,31,67
324,77,27,65
324,76,28,65
327,77,28,63
328,77,27,63
333,78,26,61
334,78,26,61
340,76,29,61
342,77,29,61
349,78,30,61
351,81,31,58
358,79,34,61
357,81,38,62
368,81,35,58
369,80,35,60
378,80,34,62
379,81,34,59
385,85,35,57
384,81,39,60
391,83,37,61
392,82,36,62
397,81,35,63
397,80,35,64
399,81,36,66
399,79,35,67
400,77,34,66
399,77,36,66
400,74,33,66
399,76,33,67
399,75,31,65
398,73,32,65
398,73,30,64
398,75,30,65
398,75,30,65
398,77,31,66
397,82,32,65
398,84,31,63
398,88,33,66
399,89,32,64
401,93,32,64
400,93,32,64
401,99,31,64
400,101,31,60
401,101,31,59
401,102,31,58
400,98,30,57
399,98,30,56
397,95,30,57
398,94,29,52
394,96,29,55
395,96,28,54
394,99,26,53
393,98,25,54
390,99,26,56
392,98,26,56
391,96,24,58
391,97,24,58
391,96,26,58
391,96,27,60
394,99,27,61
394,97,27,62
399,100,32,63
400,103,32,62
405,107,32,63
407,107,32,64
413,114,33,62
412,113,37,64
419,116,36,67
418,120,39,65
424,127,37,63
424,127,37,65
425,131,37,64
423,133,38,61
423,138,36,59
423,138,35,61
420,143,31,58
418,146,33,59
414,156,29,53
412,155,30,53
408,157,25,50
407,153,24,53
400,149,26,51
398,148,24,51
392,142,25,53
392,140,24,51
384,135,27,51
383,135,26,51
378,126,27,55
377,124,26,54
372,120,28,56
372,118,29,56
368,114,31,59
370,113,29,62
370,107,30,63
370,107,30,61
373,101,31,63
374,98,32,64
380,92,33,65
382,87,33,68
390,82,37,70
390,82,39,71
403,80,36,70
404,82,38,69
415,84,34,69
415,90,35,65
424,101,32,62
424,102,34,63
428,111,33,67
428,115,33,66
428,128,34,67
428,130,32,65
428,130,32,63
422,144,29,63
421,144,30,65
413,155,30,57
413,154,30,59
401,162,33,54
397,162,37,51
393,158,32,48
392,157,31,50
385,151,33,48
384,150,33,49
381,146,31,45
379,145,33,46
378,143,31,48
377,143,32,46
376,143,29,46
375,145,31,47
374,147,30,48
375,149,29,49
375,156,29,50
374,156,31,51
377,157,30,53
378,155,31,55
381,152,35,56
381,148,36,57
390,141,37,60
391,139,34,58
402,120,35,64
404,120,34,61
413,106,36,60
415,107,32,56
424,93,37,59
424,91,37,58
432,83,37,58
432,83,37,57
434,81,38,57
435,81,36,59
433,83,36,59
433,83,36,59
426,89,35,59
416,92,35,64
415,96,34,60
406,100,35,61
406,103,34,59
397,107,34,62
396,105,34,61
389,111,28,59
387,110,28,57
382,110,26,56
383,109,25,54
377,107,23,53
375,103,24,52
373,104,25,52
370,102,26,49
370,101,25,52
368,98,25,50
369,99,24,50
368,100,24,52
369,100,23,51
369,98,24,54
372,95,26,55
372,95,27,57
378,94,27,54
379,91,28,55
387,86,29,58
387,85,32,59
398,81,36,58
399,81,35,60
411,78,40,55
425,70,42,57
426,68,43,57
441,63,47,57
441,62,49,56
451,63,52,52
454,64,50,50
461,67,54,51
462,67,54,52
468,79,53,54
469,91,52,61
468,95,51,61
462,109,51,63
462,113,52,58
450,124,51,66
447,125,54,67
434,141,47,59
432,145,45,55
419,148,39,55
418,147,41,52
399,142,42,56
390,138,32,54
388,136,30,53
377,130,28,53
374,127,31,53
366,117,26,54
364,113,27,58
356,104,27,55
356,102,24,55
349,94,26,56
345,93,25,53
344,91,25,54
342,91,24,54
342,95,26,52
342,93,25,57
342,92,26,57
347,93,27,58
348,93,27,57
356,87,30,60
368,83,34,62
367,80,38,63
384,75,34,66
386,75,37,64
403,76,38,67
399,78,43,67
421,84,39,65
419,85,43,65
437,91,43,66
450,93,40,69
451,91,41,70
457,92,40,69
458,96,39,67
457,95,36,66
456,96,38,65
453,99,34,64
453,99,32,63
446,103,33,62
443,104,38,61
434,109,31,59
422,114,32,55
419,116,32,53
409,117,30,53
407,119,28,50
394,121,35,51
393,121,36,50
384,123,33,49
384,124,30,47
377,124,28,46
370,124,30,48
368,125,31,46
365,126,27,44
363,124,30,47
360,126,28,45
359,125,29,47
358,125,25,49
355,128,29,48
353,127,28,49
353,129,27,50
353,126,26,50
350,130,28,48
350,129,29,49
350,130,28,52
349,131,29,51
348,140,30,49
348,143,31,48
348,146,32,50
351,149,33,51
352,148,33,51
356,147,34,52
357,147,34,51
363,143,32,53
366,143,32,52
373,140,31,52
373,141,32,51
379,144,37,51
386,150,38,50
391,152,38,50
401,156,37,54
401,160,37,51
414,163,31,54
412,162,33,50
428,166,29,52
430,164,29,49
440,163,27,51
441,161,28,51
446,162,28,53
447,161,30,52
448,163,29,52
444,165,29,51
444,165,28,49
431,163,34,52
425,165,39,50
413,166,36,50
410,166,41,50
383,171,41,48
382,170,43,48
362,174,35,44
361,175,36,45
344,171,33,46
342,173,28,41
328,175,29,42
326,175,28,41
316,170,31,39
312,169,34,41
310,170,34,37
310,169,34,37
312,169,35,39
313,168,36,38
320,171,40,37
319,171,44,37
339,173,41,40
350,174,35,41
364,177,36,43
369,176,42,47
397,177,33,46
411,178,25,45
426,177,32,44
429,172,36,48
442,164,41,53
443,162,46,50
458,156,44,51
460,152,44,54
469,148,42,52
472,148,43,48
472,147,41,45
470,149,42,47
469,148,42,49
463,153,41,51
462,156,43,48
444,162,46,50
444,162,48,47
419,169,45,47
401,170,39,46
389,168,42,44
363,166,41,46
357,161,42,46
343,153,39,45
336,145,45,46
325,137,39,46
322,131,39,51
315,124,39,46
310,117,38,43
310,114,36,42
308,111,38,38
307,112,40,41
310,112,37,40
310,113,39,40
315,117,40,41
315,119,41,43
325,125,42,45
343,134,40,45
344,136,44,47
365,143,41,44
372,141,47,50
395,144,41,49
399,148,44,45
425,145,41,47
425,144,47,50
445,141,45,47
443,138,50,50
457,137,44,45
465,130,44,47
465,130,43,45
465,130,45,44
465,130,44,44
463,133,42,45
461,133,44,46
450,140,48,47
448,139,49,50
429,145,51,51
404,148,49,50
404,152,44,46
379,152,42,46
374,156,48,40
350,149,40,47
343,146,47,45
324,141,39,47
326,143,38,43
310,134,34,43
298,124,35,44
296,120,35,45
292,112,36,45
291,111,35,44
292,104,35,46
292,101,36,47
297,101,37,45
296,99,40,46
307,101,38,48
320,104,37,50
319,105,42,51
342,110,38,51
341,112,43,52
366,113,42,55
371,115,42,55
399,121,39,53
400,123,45,51
423,123,49,53
446,128,51,49
446,127,55,50
465,129,49,48
469,127,47,48
472,125,52,45
476,124,49,46
474,121,48,44
471,119,52,45
467,119,51,45
466,120,54,44
451,122,58,51
439,129,52,51
436,130,57,51
412,132,54,56
408,133,58,54
381,136,51,52
380,138,54,48
353,139,46,47
355,141,45,43
327,128,40,52
309,122,38,50
306,119,41,52
296,110,34,52
293,106,35,54
287,101,33,53
286,99,34,53
285,100,34,47
285,98,33,49
287,98,34,49
295,102,33,48
294,103,37,50
307,107,35,50
307,110,38,50
329,113,33,53
330,116,35,51
355,121,37,51
354,123,43,53
377,127,40,51
395,126,45,50
398,123,49,50
413,120,51,50
414,119,57,50
431,116,51,48
434,116,51,49
444,112,50,49
444,114,52,47
451,114,51,46
452,112,46,49
450,111,47,51
445,108,45,54
446,110,45,52
438,108,37,55
438,109,36,54
426,108,31,54
425,106,29,55
409,103,36,55
408,102,38,56
399,97,32,53
395,90,28,55
394,89,29,53
394,81,26,54
394,81,27,54
396,79,24,50
397,78,23,52
400,78,24,52
400,77,25,52
406,77,24,54
411,79,28,56
412,79,30,54
417,79,34,55
419,82,34,53
427,84,33,54
427,83,34,57
434,87,35,60
434,89,36,58
439,95,38,58
443,96,40,62
444,96,40,62
445,99,41,63
444,97,41,63
444,99,41,64
443,100,40,62
439,104,40,62
440,101,38,66
434,106,38,64
430,111,34,62
428,111,34,61
424,113,32,63
424,115,30,61
419,115,30,64
419,115,30,65
416,117,30,63
417,119,31,61
415,117,29,59
417,118,28,60
416,117,28,56
418,108,28,59
418,105,29,58
420,98,28,57
420,97,27,56
421,95,29,54
421,94,29,56
421,94,30,54
421,94,30,53
420,94,31,54
419,97,33,55
420,97,32,56
417,105,33,55
417,103,32,60
415,113,31,60
415,115,32,60
410,120,32,61
410,119,32,63
407,118,31,61
406,119,32,62
404,112,30,62
404,109,30,63
402,103,33,61
403,102,31,64
402,99,34,61
403,100,32,61
403,101,33,63
403,100,34,62
404,105,34,63
404,106,34,62
405,109,33,64
405,108,34,65
406,115,33,59
406,113,31,61
406,118,32,59
406,115,32,59
404,120,33,56
405,121,31,54
404,124,30,56
404,121,28,53
402,126,28,53
402,124,27,54
399,128,28,53
396,131,28,50
397,131,26,51
396,132,24,52
395,131,25,54
394,131,26,56
394,130,24,55
394,128,25,58
394,126,25,58
394,116,29,61
396,106,30,63
395,103,32,64
399,94,32,63
399,91,33,63
403,84,34,63
403,82,36,66
405,79,37,64
404,79,40,64
408,77,37,65
407,80,39,68
407,82,40,64
406,87,37,66
406,89,36,65
404,101,35,70
404,106,32,68
403,120,31,66
403,119,31,72
400,131,29,62
398,134,27,64
398,137,26,61
398,136,26,58
399,135,25,56
400,132,26,56
400,132,25,55
404,126,26,56
404,125,26,57
408,118,29,56
410,116,27,57
415,115,27,58
419,113,29,59
421,113,29,60
427,110,29,63
425,108,34,65
429,101,36,65
429,98,37,65
429,87,36,67
429,89,35,63
427,75,36,66
423,64,36,70
422,61,35,71
414,61,34,66
414,58,34,66
404,57,33,68
403,57,32,68
393,61,32,69
394,62,30,68
383,73,33,68
375,85,33,65
377,91,32,62
375,98,31,60
374,101,33,59
377,103,33,59
381,103,30,57
389,105,29,57
389,104,30,57
398,103,30,54
407,100,30,52
408,99,30,48
417,91,31,50
419,87,32,52
426,83,32,51
427,84,33,50
433,82,37,52
434,77,38,58
438,78,39,62
437,76,40,63
438,77,40,63
437,74,37,65
435,71,37,69
425,68,38,66
424,64,38,69
411,61,38,69
410,58,38,70
393,56,39,68
395,58,38,67
378,56,36,67
365,61,40,64
365,60,40,66
359,63,36,70
359,65,37,70
361,72,33,70
361,74,33,66
367,80,36,67
369,81,35,68
380,88,35,69
393,96,33,63
392,98,40,62
411,102,39,60
409,100,44,60
425,101,44,62
423,100,51,63
437,99,49,64
438,99,52,61
447,95,53,65
458,97,49,66
457,97,52,67
458,103,53,66
458,107,53,63
454,105,54,63
454,106,55,63
442,104,55,63
443,103,52,62
427,102,44,62
411,100,41,60
412,99,40,62
393,98,39,62
392,98,40,62
377,102,42,60
376,104,42,62
368,107,43,61
368,107,42,61
368,112,45,63
370,114,43,62
377,120,43,60
389,116,38,62
393,114,38,62
409,111,35,63
411,108,38,63
426,100,39,64
431,99,36,61
447,93,36,65
447,90,36,65
461,89,39,67
469,86,36,69
470,85,37,69
472,85,37,73
472,82,37,72
470,84,35,73
469,83,34,72
458,84,38,76
458,87,38,71
435,87,45,68
414,82,48,71
408,80,53,73
391,80,46,68
388,80,51,68
373,78,42,69
370,80,47,67
359,83,41,65
360,88,37,61
356,91,36,63
358,97,33,61
359,99,34,59
368,103,30,57
369,101,31,57
382,105,32,55
384,106,32,52
398,104,34,52
397,100,41,55
414,98,41,53
413,98,48,50
429,93,44,50
441,93,45,52
444,97,49,50
463,101,42,52
466,101,42,51
478,94,40,58
478,96,46,58
480,96,52,63
482,96,51,63
489,94,47,62
487,86,48,62
486,85,48,65
479,83,49,59
478,80,49,57
473,75,43,59
472,73,44,60
459,68,41,59
460,70,41,58
443,71,45,52
433,71,39,52
433,72,40,53
426,74,36,54
424,74,38,55
419,78,32,55
420,73,31,60
418,75,31,55
418,73,31,58
419,66,28,61
418,60,28,61
419,58,27,61
418,52,27,59
419,50,26,58
419,41,26,60
418,40,28,58
417,36,29,56
417,35,29,56
416,31,29,55
414,33,30,60
413,35,31,57
411,42,34,58
411,42,32,58
408,47,36,62
409,50,34,61
405,55,39,66
406,55,38,66
404,57,39,66
405,55,39,67
404,52,41,67
405,47,44,62
406,46,43,59
408,42,43,61
409,44,42,61
414,44,39,62
415,47,39,61
417,54,37,61
419,54,35,61
422,67,37,62
425,74,35,65
426,77,33,62
429,81,30,62
429,81,30,62
431,87,28,60
431,88,27,59
432,98,25,55
431,96,25,58
429,112,24,53
427,122,25,49
426,128,24,44
420,136,27,48
418,140,27,48
411,149,27,47
411,150,27,49
403,160,25,51
401,164,26,49
392,171,27,48
389,169,28,52
383,160,28,56
384,158,27,55
378,146,32,57
379,143,31,56
379,144,31,55
381,129,32,58
382,127,31,55
391,112,29,55
391,109,31,56
404,95,38,58
403,95,38,55
426,77,36,61
424,78,36,60
440,63,42,66
438,62,45,64
451,58,49,62
452,59,49,62
461,59,45,60
462,63,45,55
461,68,45,54
459,71,47,52
453,80,49,52
449,79,53,54
438,89,52,53
435,91,55,52
415,102,54,50
417,106,52,45
401,108,45,45
398,111,50,40
375,105,42,47
372,103,45,46
350,96,44,47
351,96,42,47
339,91,36,48
335,88,40,50
326,82,33,52
323,80,37,53
319,73,31,54
319,70,32,56
318,64,30,56
319,63,30,56
322,58,34,56
322,57,35,57
333,54,35,57
335,53,34,58
356,47,39,62
354,43,42,63
377,38,47,63
378,37,48,61
400,32,53,62
418,29,52,60
421,32,53,57
434,33,52,57
434,34,56,58
442,39,53,59
439,38,55,57
434,39,56,57
433,40,58,58
420,44,58,58
400,44,53,63
399,44,55,62
376,46,46,66
375,48,46,62
352,44,42,64
351,44,47,64
323,34,43,69
325,33,41,70
302,17,44,71
293,4,43,71
290,2,44,72
284,-4,47,64
285,2,46,53
286,0,49,45
286,0,47,42
293,0,50,39
292,2,54,37
307,1,60,45
336,3,56,52
331,3,68,56
371,4,62,67
370,5,69,71
416,7,67,87
416,6,70,95
463,23,65,91
460,29,68,87
505,49,68,85
535,56,62,88
544,61,56,86
572,80,60,85
576,86,58,78
588,104,50,82
587,110,50,79
580,135,49,83
581,144,58,93
582,182,53,95
581,177,53,103
564,218,57,109
546,242,60,114
546,252,55,106
511,265,56,93
508,267,63,92
482,275,54,84
489,277,41,83
466,281,46,76
466,283,43,76
449,289,49,67
440,294,46,64
440,299,45,58
455,311,33,48
457,314,27,45
457,314,27,45
457,314,27,45
457,314,27,45
457,314,27,45
457,314,27,45
457,314,27,45
457,314,27,45
457,314,27,45
457,314,27,45
457,314,27,45
457,314,27,45
457,314,27,45
457,314,27,45
457,314,27,45
457,314,27,45
457,314,27,45
457,314,27,45
457,314,27,45
457,314,27,45
457,314,27,45
457,314,27,45
457,314,27,45
457,314,27,45
457,314,27,45
457,314,27,45
457,314,27,45
457,314,27,45
457,314,27,45
457,314,27,45
457,314,27,45
457,314,27,45
457,314,27,45
457,314,27,45
457,314,27,45
457,314,27,45
457,314,27,45
457,314,27,45
457,314,27,45
457,314,27,45
457,314,27,45
457,314,27,45
457,314,27,45
457,314,27,45
457,314,27,45
457,314,27,45
457,314,27,45
457,314,27,45
457,314,27,45
457,314,27,45
457,314,27,45
457,314,27,45
454,315,34,44
455,303,41,54
453,300,47,58
460,284,48,74
459,279,48,78
468,256,46,88
468,250,48,93
473,231,46,94
475,231,46,89
477,209,45,91
477,205,43,88
476,181,43,89
472,160,43,87
473,153,40,85
465,132,39,85
464,128,38,81
456,108,39,78
451,106,45,78
441,95,43,75
447,94,39,74
428,82,45,74
419,79,43,69
418,75,42,70
408,74,40,69
408,72,35,71
396,76,38,68
396,77,34,66
386,81,34,65
386,80,30,64
379,79,29,66
373,80,30,66
373,79,29,65
368,78,30,67
368,81,30,67
366,80,29,67
367,81,29,68
366,84,31,69
367,84,30,69
369,88,34,70
373,87,34,73
374,84,35,69
380,85,36,72
382,83,39,75
389,81,40,76
391,78,39,73
401,74,39,78
400,72,44,77
413,66,42,79
413,64,44,80
426,61,39,78
427,59,40,80
436,57,39,79
438,58,37,79
444,57,36,76
444,58,36,79
448,60,33,76
447,62,34,73
445,64,35,74
446,67,33,71
440,72,33,71
440,73,33,70
432,83,35,66
432,86,32,64
423,90,35,62
422,89,37,64
414,92,36,63
412,97,38,58
403,97,38,60
401,100,41,58
394,102,37,57
394,99,36,58
388,95,39,62
387,93,37,64
382,90,40,62
384,91,40,61
380,78,42,68
380,75,43,70
383,67,46,70
383,66,48,71
390,56,51,70
394,54,48,71
407,50,45,69
405,49,48,68
426,48,43,67
424,46,47,67
447,47,46,64
444,47,51,64
462,43,50,66
462,42,54,65
474,40,52,63
473,42,57,63
478,44,56,63
477,43,53,64
478,51,50,67
478,53,52,63
474,65,51,65
475,66,50,64
470,79,45,67
461,92,41,67
461,95,35,65
449,102,39,61
448,104,40,61
436,103,40,59
436,103,41,58
426,97,32,59
425,98,34,57
414,95,31,57
408,90,28,56
407,90,27,56
400,85,29,57
400,86,26,57
394,85,28,55
394,84,28,58
390,82,31,59
390,84,31,58
391,85,33,61
393,87,37,64
394,88,38,65
403,88,37,66
404,88,38,67
418,89,39,70
418,84,43,70
435,88,45,71
433,87,45,72
458,84,45,76
477,85,44,72
478,88,45,69
492,86,40,68
493,88,39,66
499,87,39,66
499,86,38,67
500,91,39,65
500,91,38,63
498,99,38,64
498,102,37,61
490,114,37,68
480,127,39,65
479,131,37,60
466,137,38,58
465,140,38,55
449,141,37,53
448,141,39,54
438,138,30,55
435,137,34,55
423,134,32,52
415,129,30,52
414,127,29,54
407,123,26,52
406,121,24,52
399,120,23,51
399,120,23,51
393,122,24,50
393,122,23,50
389,121,26,50
391,120,32,51
390,121,34,50
397,122,37,47
401,123,36,48
408,125,43,50
406,128,49,49
425,136,50,48
425,137,51,50
445,145,58,52
471,149,55,56
474,151,63,56
508,156,57,54
511,157,66,53
546,152,55,57
553,147,56,62
584,143,56,61
582,139,59,64
603,129,49,69
597,114,45,74
614,114,38,73
614,114,38,73
614,114,38,73
614,114,38,73
614,114,38,73
618,85,26,69
619,105,21,60
607,105,28,57
602,107,37,51
588,120,46,57
552,118,57,62
545,123,60,56
497,119,71,58
498,125,76,53
451,110,64,63
454,114,63,58
406,109,62,61
401,110,63,60
375,105,55,61
356,105,53,56
350,101,55,58
340,97,54,54
339,97,49,51
335,91,54,48
335,90,52,48
335,90,49,46
336,88,53,46
342,90,50,45
351,89,49,49
351,88,53,51
372,88,46,55
369,88,53,56
399,85,50,60
401,83,48,59
430,79,49,62
430,77,54,61
456,72,59,62
474,69,61,54
478,65,60,58
489,51,58,58
488,49,61,57
493,36,62,57
492,39,65,55
497,35,60,55
493,35,64,55
493,40,61,60
494,39,59,62
489,53,56,60
474,55,53,65
472,53,53,69
449,59,49,69
451,60,41,66
423,57,44,68
424,57,45,67
395,53,42,68
394,54,44,68
371,47,42,69
354,43,46,67
349,42,51,67
339,42,52,62
338,40,50,63
332,39,52,62
331,41,48,59
327,43,48,62
326,47,47,60
325,52,49,64
328,62,44,63
330,65,44,60
339,66,41,68
338,70,42,65
353,74,33,63
353,77,34,63
365,80,30,62
366,81,30,61
374,84,31,63
377,88,33,66
377,90,36,65
381,96,35,64
380,96,35,66
382,100,32,67
382,101,34,66
381,106,34,64
380,107,34,65
379,109,33,66
376,114,34,64
376,114,34,66
374,117,30,64
373,118,31,65
369,119,30,68
368,121,30,65
364,121,29,66
364,124,28,66
358,125,30,64
358,125,29,65
351,126,33,66
345,131,35,63
345,132,36,63
342,136,33,61
338,135,37,61
336,137,36,62
337,134,35,63
335,139,32,61
334,139,34,62
330,142,33,62
329,147,29,60
328,146,31,62
329,149,28,64
328,149,27,64
327,150,27,64
327,151,26,64
325,151,27,64
326,153,27,62
324,153,29,65
323,155,31,63
322,154,31,66
322,155,32,66
323,155,31,67
323,155,30,68
323,157,30,65
324,156,28,67
323,156,29,66
324,157,27,65
324,155,26,66
323,155,27,66
323,156,28,66
323,157,26,64
322,158,28,68
322,159,27,67
322,160,28,65
321,160,28,68
321,161,25,68
322,162,26,65
323,162,25,66
321,162,28,65
322,162,27,62
322,162,27,61
322,162,27,62
322,163,27,63
323,162,27,65
323,161,27,65
323,161,27,67
322,162,27,67
322,161,26,68
321,162,27,64
321,162,26,64
320,162,27,63
320,161,27,66
322,162,27,67
321,163,28,63
322,163,28,63
323,162,27,64
323,163,26,63
322,162,27,66
322,164,26,62
320,163,28,64
321,162,27,66
320,162,27,64
322,163,25,63
321,162,27,65
323,163,25,64
321,163,27,62
321,163,27,64
321,162,28,65
321,162,27,65
321,162,28,65
321,162,26,65
322,161,26,66
320,162,27,64
320,162,27,65
320,161,28,63
320,160,29,58
316,155,31,63
317,151,30,62
314,138,31,63
315,136,29,61
312,131,31,61
312,126,31,64
308,120,34,66
307,113,33,65
307,92,34,67
306,77,36,69
307,68,36,66
310,60,32,68
310,62,33,65
313,58,31,64
314,57,32,65
316,55,32,65
322,49,33,66
322,48,34,65
329,45,32,65
330,43,31,68
334,43,31,69
336,44,31,69
340,50,32,70
340,51,34,70
343,61,36,72
345,72,36,69
344,70,37,72
346,77,38,71
346,79,36,71
345,84,36,69
344,83,37,71
343,81,36,70
343,81,34,74
340,82,34,72
337,80,35,76
336,81,37,77
330,82,37,80
329,83,38,79
324,88,39,80
323,89,40,81
318,90,38,85
317,89,39,85
311,88,39,89
311,90,37,84
305,86,38,87
299,86,38,87
297,83,40,88
291,82,39,92
291,82,39,92
285,77,42,96
286,79,40,95
281,76,43,98
281,77,41,97
279,78,40,100
277,80,43,99
278,80,42,97
278,80,43,101
278,82,42,104
280,86,41,102
280,87,42,101
284,94,39,104
281,92,41,104
285,104,38,102
283,105,41,105
284,119,40,99
282,120,43,98
281,122,43,100
282,123,44,96
284,124,42,94
282,122,45,100
283,123,43,102
283,124,44,103
281,125,46,102
282,123,44,103
282,121,46,110
282,121,47,110
280,121,47,109
283,123,44,104
285,126,43,106
283,126,44,102
285,127,42,104
283,127,45,101
282,125,45,105
281,125,47,105
282,126,47,106
281,127,48,101
282,126,47,104
283,126,48,106
283,127,47,105
283,126,46,108
282,126,47,106
283,127,46,107
284,125,45,107
283,126,46,105
283,126,47,107
283,126,47,101
283,127,47,105
283,126,47,109
283,125,46,107
284,125,46,104
285,125,44,105
283,127,46,99
282,125,47,108
283,126,46,103
282,127,47,99
283,125,46,102
282,122,46,103
284,121,44,103
288,112,39,99
289,108,39,96
291,94,38,97
291,89,38,98
293,76,38,96
294,74,36,94
295,63,36,93
295,61,37,89
297,56,35,88
297,54,36,89
299,54,36,85
299,53,36,88
304,48,35,88
303,47,37,88
309,43,36,86
310,45,36,85
318,42,37,82
319,43,37,83
329,42,37,83
328,44,39,84
340,45,36,89
340,45,37,91
350,61,37,90
350,64,37,90
356,84,35,83
359,87,34,78
364,92,32,78
364,93,33,75
367,97,33,75
366,99,33,73
370,103,30,72
368,103,31,73
370,109,29,71
369,113,30,68
367,124,28,71
368,129,29,71
367,138,27,70
367,140,27,69
364,144,29,68
364,146,29,66
361,150,28,66
363,150,27,65
360,155,27,64
360,158,26,63
357,165,27,61
357,167,27,62
355,174,26,61
354,176,26,59
354,182,25,52
353,184,25,48
352,189,24,48
352,190,25,47
351,196,25,42
351,199,24,39
351,199,24,39
351,199,24,39
347,206,25,35
347,206,25,35
347,206,25,35
347,206,25,35
347,206,25,35
347,206,25,35
350,204,23,33
348,206,27,36
350,198,27,40
352,194,25,39
353,192,25,42
352,193,27,46
356,187,25,52
357,186,25,53
359,181,23,57
357,178,25,56
359,173,25,58
359,172,25,60
361,169,26,61
361,169,27,62
362,168,27,60
363,167,27,61
365,166,27,63
364,168,28,63
366,168,28,64
366,170,28,63
367,173,31,65
367,175,31,65
367,181,31,61
368,180,30,63
368,182,30,61
368,182,30,61
368,184,30,61
368,184,29,61
369,185,29,63
368,185,29,62
369,188,28,62
367,188,30,62
368,189,30,62
367,188,31,62
369,189,28,62
368,189,29,64
368,189,29,63
368,189,28,63
368,190,30,63
368,190,30,65
369,190,27,66
368,189,28,67
368,191,28,64
368,191,29,66
367,191,31,68
367,192,29,69
367,191,28,72
367,191,29,74
367,190,29,74
367,195,28,70
367,193,28,74
365,190,34,76
366,192,28,75
365,192,26,74
364,189,30,78
366,189,36,79
368,197,38,71
368,197,38,71
368,197,38,71
368,197,38,71
368,197,38,71
368,197,38,71
368,197,38,71
368,197,38,71
368,197,38,71
368,197,38,71
368,197,38,71
368,197,38,71
368,197,38,71
368,197,38,71
368,197,38,71
368,188,30,82
368,187,35,84
369,192,32,83
366,188,32,83
365,187,34,84
364,188,39,72
366,187,35,64
373,204,28,67
376,202,26,69
378,202,28,66
378,202,29,66
377,201,34,66
382,198,35,68
384,201,34,67
388,203,35,67
392,204,32,65
399,208,33,66
392,208,43,67
403,211,39,71
405,214,37,67
412,218,34,68
419,221,33,70
419,223,35,70
425,228,34,71
425,227,37,70
428,232,39,73
430,233,37,72
435,236,37,77
434,234,40,76
440,236,40,75
445,231,41,75
444,228,43,75
448,223,42,75
450,219,40,78
454,215,40,78
454,213,40,80
456,210,41,80
456,209,42,81
456,208,44,82
458,213,41,80
457,212,41,80
455,212,42,81
455,214,41,81
451,212,44,80
453,208,41,80
448,203,40,77
449,203,39,79
443,198,41,74
445,195,38,73
440,191,38,72
436,183,37,72
437,182,35,72
431,179,36,68
430,175,38,64
427,177,36,62
425,176,38,63
423,173,35,62
421,176,37,61
419,179,35,62
415,177,36,60
417,179,32,61
414,180,35,62
411,184,37,61
412,186,36,64
413,188,38,66
416,185,39,70
422,185,40,74
428,182,39,76
436,179,40,80
436,173,44,79
445,175,40,80
454,170,38,84
455,171,40,83
461,169,39,82
461,168,40,87
466,170,38,83
465,170,39,83
466,169,38,81
466,169,36,78
463,172,36,75
462,171,36,75
458,174,35,72
458,175,31,73
450,176,35,70
448,176,35,70
441,180,34,65
440,181,34,65
432,179,34,62
431,178,37,62
423,173,36,61
423,173,34,60
417,168,34,58
416,169,35,55
410,164,34,55
410,165,34,53
405,164,34,56
405,166,34,56
401,165,34,56
402,165,33,59
398,169,37,61
399,168,36,62
401,171,37,65
400,171,38,65
407,173,38,67
406,170,40,69
420,166,37,73
421,163,37,75
434,160,37,79
436,160,36,79
452,159,34,81
452,158,37,81
466,158,39,85
468,157,40,85
477,155,41,87
478,155,42,86
483,155,42,87
484,155,42,85
483,162,43,80
483,162,41,80
479,164,38,82
479,164,37,82
469,172,40,78
468,175,38,77
459,183,37,75
457,183,36,71
456,183,39,71
446,187,33,66
444,186,32,63
434,185,37,60
431,184,39,61
425,179,35,59
422,178,40,58
418,172,35,59
417,171,35,60
414,167,32,58
413,164,32,58
410,161,32,57
409,160,33,63
409,156,30,64
407,153,32,64
407,146,30,66
408,149,30,63
409,131,35,68
409,128,34,69
412,106,37,72
412,104,38,73
417,85,37,76
417,84,37,73
423,68,38,77
425,65,36,77
430,49,38,84
430,48,38,84
434,38,38,87
432,38,40,88
433,38,40,86
435,38,38,89
434,41,39,93
435,42,38,91
430,50,41,93
431,52,40,93
427,62,39,92
426,60,40,94
421,69,41,95
421,70,41,97
414,81,42,94
414,81,43,95
409,86,44,98
408,86,44,99
404,91,44,103
404,94,46,103
399,101,43,106
398,101,45,107
393,115,47,109
392,116,47,107
384,129,48,115
385,128,48,129
375,148,49,130
374,146,51,138
366,175,53,139
362,185,57,120
354,215,52,134
355,206,52,140
345,203,53,133
343,195,54,140
334,203,59,142
333,198,59,139
328,194,56,134
326,183,54,127
320,166,55,130
320,160,52,132
313,128,54,138
314,123,51,141
306,93,50,135
304,85,51,134
300,65,48,118
302,65,44,110
294,40,48,114
293,37,49,116
288,21,51,112
287,16,50,114
284,5,50,110
284,4,48,110
280,2,47,97
281,2,45,93
279,3,45,78
280,5,46,74
279,2,39,68
278,1,40,67
277,-2,38,64
277,-1,38,63
275,0,43,57
276,1,41,56
277,0,42,55
278,1,41,53
284,0,41,51
284,1,41,51
292,2,42,46
292,1,45,47
302,0,44,48
302,0,44,49
315,2,45,54
313,2,48,55
331,7,45,60
328,4,51,64
353,6,43,68
349,6,46,64
371,3,44,63
370,2,45,60
387,1,50,54
389,0,46,56
406,0,48,52
407,0,47,52
419,0,41,47
420,0,40,46
418,0,42,43
415,1,40,42
414,0,39,43
400,2,41,50
401,2,38,49
386,6,35,58
385,2,40,65
369,8,37,73
368,7,40,76
354,22,40,74
342,39,37,64
342,39,39,68
334,52,31,62
332,54,32,62
325,65,34,54
326,66,33,54
323,68,30,53
324,66,32,53
325,66,31,49
324,66,33,49
327,64,33,47
332,59,30,48
333,57,32,52
339,56,29,53
340,56,31,52
347,55,31,54
349,57,32,56
357,56,29,59
359,56,27,59
367,57,30,63
374,54,27,64
375,52,27,63
378,43,29,66
379,42,30,67
380,36,32,67
380,35,31,68
379,35,31,65
379,35,32,63
374,40,33,60
367,46,33,58
367,49,32,57
359,58,31,62
359,58,31,61
352,78,28,65
351,74,30,67
343,102,29,64
343,101,29,65
340,113,26,56
341,117,22,50
340,118,24,51
340,116,22,48
341,114,20,49
338,114,21,43
340,113,19,44
339,113,18,40
338,111,19,40
337,105,18,40
337,104,17,39
335,98,18,39
335,96,18,39
334,89,18,39
334,87,19,39
332,79,20,43
332,79,21,41
332,76,23,43
333,75,22,43
334,70,24,46
335,70,23,48
337,70,26,51
339,70,25,54
343,69,28,55
344,69,30,56
353,62,34,60
355,59,35,61
366,43,37,68
369,37,36,69
382,18,37,72
383,13,41,70
397,2,46,63
397,2,48,58
412,-3,47,53
410,0,54,46
424,0,47,40
424,0,47,40
423,1,48,43
421,1,48,46
411,5,51,53
411,3,48,61
399,14,44,68
398,10,47,74
382,32,40,81
380,31,40,86
366,57,35,78
364,61,33,77
351,82,31,67
349,87,30,63
341,98,28,55
339,102,28,52
335,102,25,50
333,102,26,48
330,101,24,46
330,100,25,48
330,100,25,43
332,97,25,41
331,96,26,42
336,94,25,43
337,96,26,41
341,94,31,43
343,94,31,43
353,94,32,43
353,94,36,44
369,94,34,47
384,94,36,52
386,96,40,52
407,96,40,58
407,98,50,57
433,102,44,58
433,102,49,57
461,102,52,62
461,97,58,68
496,95,56,72
521,94,60,71
524,93,68,73
548,86,68,76
549,84,72,78
569,65,68,89
570,58,66,95
580,55,57,91
580,49,59,97
575,33,63,106
558,25,73,109
557,25,71,109
526,25,71,107
526,26,67,104
485,28,67,103
485,34,65,96
444,36,64,96
442,37,71,95
409,38,62,96
388,43,54,91
387,47,52,88
372,54,48,84
374,53,41,82
367,59,38,76
366,64,37,73
366,70,31,70
365,68,32,68
368,73,29,64
368,71,29,60
372,72,28,61
378,71,29,57
380,70,28,55
385,69,28,56
386,68,28,58
392,67,27,55
392,68,29,55
398,70,28,55
399,69,29,55
403,72,29,57
408,74,29,58
408,73,30,60
412,74,31,61
413,73,31,60
415,70,31,63
415,66,31,64
415,58,32,68
415,54,32,71
412,42,34,74
408,34,36,72
407,33,35,72
400,24,39,73
400,25,37,73
389,18,41,73
391,20,38,70
381,20,38,68
380,22,38,66
369,23,38,69
359,33,36,65
359,34,35,67
350,46,32,67
348,45,33,70
341,65,31,64
343,68,25,62
338,77,27,63
337,77,27,64
334,90,26,59
334,90,25,60
333,95,24,54
332,98,22,49
332,97,22,47
333,93,21,46
333,92,21,46
333,88,23,44
333,88,22,43
335,85,21,41
335,85,21,42
336,82,22,42
337,80,24,47
338,80,22,47
340,81,23,49
341,81,23,50
343,83,26,54
344,82,25,54
349,79,28,59
350,78,30,61
358,68,34,66
358,62,35,69
369,47,36,73
369,43,42,77
382,20,45,82
382,16,46,83
396,2,46,74
396,3,47,68
413,0,47,58
412,0,51,53
425,-7,49,45
422,-1,53,37
430,0,47,31
428,1,49,29
425,3,49,34
424,1,48,36
409,7,50,45
409,4,52,50
391,11,44,60
389,9,50,67
369,50,46,84
368,51,45,90
355,73,41,85
353,76,42,83
341,93,37,75
342,93,33,78
333,107,32,67
331,112,33,65
327,118,29,58
324,122,26,55
323,119,27,52
323,116,24,50
323,116,24,49
322,111,24,47
323,110,24,46
323,108,23,43
323,107,23,44
324,104,24,42
326,102,23,43
326,104,23,43
327,105,24,46
327,106,24,46
327,110,26,51
328,109,25,57
330,118,25,59
331,119,25,60
333,125,27,60
336,126,29,63
337,127,28,63
341,123,30,66
340,120,32,70
346,113,33,73
346,110,34,74
352,98,37,79
353,95,37,80
358,78,38,83
363,58,38,90
363,54,39,90
366,47,40,88
365,46,42,89
367,42,42,88
365,45,43,90
365,50,43,93
366,51,42,94
362,63,40,95
362,62,41,98
356,82,41,92
350,95,39,89
349,98,42,85
345,106,37,81
342,114,35,79
339,123,32,70
338,134,29,61
337,139,28,56
335,141,27,52
334,139,26,53
335,137,26,50
334,136,27,49
335,134,25,46
335,131,25,48
335,129,25,46
335,129,27,44
334,128,26,44
335,129,26,45
335,130,26,46
336,135,25,51
336,134,25,55
337,147,25,53
337,153,24,48
337,158,27,49
339,157,29,54
339,153,29,55
343,151,29,56
344,149,28,59
348,142,30,61
348,138,33,63
354,133,32,64
355,129,33,66
361,117,34,73
363,116,33,72
369,102,36,77
377,95,39,80
378,90,38,85
383,80,41,84
385,79,41,84
389,73,39,86
390,72,41,87
393,73,41,85
393,75,41,82
395,78,40,88
393,84,41,87
393,88,40,86
390,101,37,81
390,105,38,79
384,113,35,78
384,115,34,77
377,122,37,76
376,124,37,75
373,130,32,71
370,135,30,66
368,135,30,65
365,135,30,63
364,135,30,61
362,133,29,57
360,131,30,57
359,128,29,53
358,125,28,55
357,122,28,52
356,122,27,51
356,120,27,50
355,122,27,49
355,123,28,47
354,123,28,48
355,124,28,46
357,125,27,46
356,122,27,48
357,124,29,49
358,124,28,50
360,124,30,54
362,127,32,58
363,128,30,58
368,130,31,60
369,129,29,61
374,128,33,66
375,127,32,65
382,125,34,68
383,122,34,69
392,116,35,70
403,108,36,76
404,102,40,80
414,97,44,82
414,94,45,87
427,88,45,89
426,88,49,88
437,82,46,93
438,80,46,94
445,78,47,98
449,85,49,98
447,82,48,98
450,96,45,91
449,100,46,92
447,118,42,91
448,122,40,84
441,148,39,89
440,147,42,92
433,166,39,81
425,171,37,78
426,172,35,76
420,171,33,70
418,171,33,72
414,171,30,64
412,174,32,65
407,173,30,61
407,172,28,59
403,169,28,53
401,162,25,53
401,160,25,51
398,157,26,45
397,154,26,45
395,154,26,41
395,153,26,43
394,154,27,42
394,156,26,41
394,157,25,42
393,163,27,42
393,164,27,41
393,171,27,46
393,172,27,49
396,174,29,56
395,177,30,58
399,184,32,65
400,185,34,73
408,194,33,72
406,197,37,80
415,203,41,79
418,203,35,78
431,204,38,87
432,204,36,89
443,197,46,96
446,195,39,95
459,191,49,95
459,183,52,100
472,172,56,104
478,163,59,109
477,159,64,109
482,162,63,113
480,157,63,111
479,160,60,113
480,165,58,111
471,165,58,114
473,169,53,109
461,178,50,110
449,193,48,104
448,199,46,100
436,215,44,92
437,220,39,90
427,221,38,86
428,226,33,80
419,223,35,75
418,224,34,70
416,218,28,65
411,212,29,62
412,212,27,59
410,205,26,57
410,204,26,53
410,196,26,50
411,196,25,45
414,188,25,45
414,186,24,45
416,180,25,43
416,179,26,45
420,176,25,45
424,177,25,46
423,180,26,44
427,188,25,46
427,188,27,48
430,196,27,54
431,198,28,53
434,206,31,61
435,213,29,56
437,220,31,64
442,230,31,67
441,229,33,71
442,236,37,76
442,236,37,76
445,229,39,82
444,227,40,87
442,213,44,93
442,210,45,95
440,199,47,97
437,186,48,101
435,183,51,101
431,175,51,101
431,173,51,105
426,168,51,100
426,173,50,98
420,171,49,98
422,172,47,95
418,172,44,99
417,176,42,96
417,178,40,93
416,190,38,87
416,193,36,84
415,204,34,78
416,206,34,76
416,215,32,72
416,215,31,70
417,219,29,65
417,220,30,60
418,216,27,59
420,209,25,54
420,210,25,50
421,204,24,45
420,202,25,44
421,196,23,41
421,195,23,40
421,192,23,37
421,192,23,35
421,189,22,34
420,189,23,34
420,190,23,34
419,193,24,36
419,194,22,34
418,201,23,39
418,202,24,43
417,212,24,44
417,211,24,39
416,231,25,40
414,247,25,47
411,245,28,50
409,256,30,57
408,246,30,67
419,244,35,77
420,240,34,80
429,237,46,79
423,227,58,87
438,204,67,97
459,179,70,99
460,175,73,99
474,162,73,82
472,157,84,82
475,139,91,81
478,137,88,77
488,124,80,79
491,123,73,74
492,118,65,72
494,118,63,77
484,123,61,77
472,131,57,79
472,130,59,81
454,136,54,79
456,135,51,81
438,145,45,73
438,148,43,70
427,149,39,70
425,151,43,68
416,156,40,66
410,158,36,61
409,159,33,57
404,156,32,55
401,155,35,55
400,154,31,49
399,153,32,49
397,147,31,50
397,144,30,49
396,142,27,46
396,139,25,44
396,138,25,43
398,136,24,42
398,135,23,41
398,132,25,44
398,133,25,46
400,133,24,49
400,134,24,50
402,140,25,54
404,146,28,62
405,148,29,65
409,156,32,69
410,157,32,70
415,164,36,71
414,162,40,76
421,160,47,80
420,165,52,79
428,156,53,86
438,140,56,92
437,133,63,99
444,118,64,93
445,117,68,88
450,91,66,88
449,91,71,84
451,72,70,83
450,67,72,85
450,62,68,83
448,61,70,83
443,63,65,83
431,78,62,85
433,79,58,83
416,101,63,89
415,105,63,90
405,128,59,86
405,134,58,83
398,152,51,85
397,155,52,84
391,168,49,81
392,181,44,74
392,181,43,72
394,185,40,65
394,186,38,63
397,190,34,58
399,190,31,54
401,185,29,54
404,183,26,48
408,170,23,46
410,161,23,47
411,157,23,43
413,147,22,42
413,143,23,40
417,138,21,38
417,137,20,35
419,129,21,36
419,128,20,37
420,125,22,36
421,125,22,38
421,125,23,37
421,131,24,40
423,131,22,41
423,140,23,42
423,138,22,43
422,159,25,50
422,161,25,53
422,171,26,53
422,172,28,59
423,179,30,62
422,179,31,64
424,181,33,69
424,182,34,66
428,170,40,76
427,166,45,80
434,145,45,83
433,145,47,79
442,113,48,83
441,109,51,80
450,83,54,75
450,79,59,74
457,53,62,75
458,42,62,85
465,30,64,82
465,28,65,81
468,25,65,84
468,27,63,85
467,38,65,88
468,39,59,89
466,71,67,97
467,79,66,86
463,115,67,99
468,121,60,96
465,154,63,100
466,155,63,108
471,174,62,104
472,180,62,100
478,187,59,92
481,194,57,90
492,196,48,79
492,196,49,80
498,200,48,80
501,199,46,77
507,204,41,71
509,200,38,69
514,200,35,66
514,199,34,69
514,198,33,69
517,201,31,65
515,201,30,64
513,214,32,60
513,215,31,58
504,217,34,58
502,215,36,59
489,211,36,60
489,211,35,59
471,208,37,57
470,210,40,56
451,208,38,55
451,206,41,55
429,206,41,56
430,206,38,53
410,204,38,53
412,207,39,47
384,198,44,53
379,194,50,57
366,191,36,58
364,190,39,59
352,189,53,65
352,189,53,65
352,189,53,65
352,189,53,65
352,189,53,65
352,189,53,65
352,189,53,65
352,189,53,65
352,189,53,65
352,189,53,65
352,189,53,65
352,189,53,65
352,189,53,65
352,189,53,65
352,189,53,65
352,189,53,65
352,189,53,65
373,189,36,68
395,192,40,55
401,190,47,47
422,186,38,46
427,185,37,44
443,178,42,45
445,177,41,45
461,166,31,42
461,164,34,45
466,158,38,39
464,159,44,38
462,158,47,36
464,159,47,35
452,162,46,34
450,161,49,37
433,166,51,40
432,166,54,41
408,169,50,44
408,170,55,41
367,168,59,41
377,170,52,40
339,158,45,44
340,160,51,36
318,147,44,40
316,146,48,36
305,137,43,38
303,134,43,35
299,130,38,31
298,128,42,31
299,128,40,27
299,127,43,29
304,129,44,31
305,130,47,33
316,136,45,35
318,136,48,40
335,149,49,35
347,150,51,41
363,154,49,41
381,154,47,47
405,155,41,44
414,152,37,46
438,151,43,48
437,150,49,47
452,146,41,45
460,145,34,46
469,137,39,40
469,137,41,41
468,129,43,37
469,136,42,31
463,140,47,30
461,141,49,38
453,147,56,42
443,148,64,48
431,155,54,44
438,158,50,38
399,166,55,42
394,165,63,41
356,169,59,43
362,172,56,38
333,166,47,40
332,165,47,37
316,159,41,34
313,159,43,28
308,153,38,28
306,152,40,27
306,150,44,26
306,150,45,24
311,152,43,26
312,153,46,26
323,159,41,32
323,159,44,35
338,171,49,39
343,169,55,49
368,183,44,46
383,186,43,46
415,187,32,44
417,184,40,46
438,182,49,47
441,180,45,48
465,174,41,48
464,173,42,48
480,170,33,50
478,165,29,52
478,165,29,52
478,165,29,52
478,165,29,52
478,165,29,52
465,170,32,45
466,175,29,38
450,189,33,37
451,192,38,33
412,196,39,40
413,194,52,40
364,190,53,47
363,190,54,47
318,184,57,37
318,184,57,37
300,169,44,31
305,167,40,31
292,155,35,24
299,154,30,23
279,145,34,23
278,145,39,19
277,138,44,22
278,138,45,23
282,137,44,24
282,138,47,27
292,140,48,33
301,142,43,36
315,147,43,39
322,150,39,44
344,157,39,42
351,158,35,44
377,157,40,48
407,160,40,43
413,153,44,48
434,150,42,48
437,148,49,48
453,142,50,47
453,140,55,46
465,133,51,45
465,132,53,44
466,131,52,39
467,130,52,38
468,130,50,36
459,129,51,40
456,130,54,40
443,129,51,46
442,129,52,47
421,133,49,46
422,134,51,44
396,136,46,44
392,139,53,39
365,134,50,44
351,128,41,46
351,125,36,47
341,123,37,43
338,120,39,44
331,118,37,38
330,116,38,38
327,115,40,34
325,114,41,37
326,115,42,37
329,120,41,39
329,121,44,41
337,128,43,44
337,130,43,45
349,134,44,48
351,136,45,49
371,139,38,48
375,139,36,45
400,138,28,46
412,132,29,49
413,130,32,51
418,127,33,49
418,126,32,50
418,122,34,47
418,122,33,46
414,121,33,45
414,123,34,43
403,126,38,43
393,131,37,43
389,133,38,43
377,139,35,43
374,142,33,40
356,142,36,47
352,144,42,45
328,145,40,43
324,144,45,45
316,149,37,38
320,145,31,42
307,145,29,42
302,143,24,43
302,143,24,42
298,143,26,38
299,142,26,37
301,144,28,37
301,145,29,36
306,148,34,36
307,150,35,37
317,156,37,38
331,161,38,41
332,164,42,41
354,170,36,42
361,172,37,43
378,175,33,42
384,174,40,43
401,172,34,44
407,170,35,43
421,170,31,42
430,165,29,43
430,164,29,44
432,160,28,41
433,160,28,41
428,159,29,41
428,159,30,41
419,162,32,40
417,163,36,37
403,167,37,41
387,171,37,42
378,176,42,39
363,175,37,42
360,177,39,39
337,169,35,44
334,168,35,40
311,160,36,42
314,158,34,39
291,145,31,36
294,142,28,40
271,137,33,33
270,139,34,25
257,134,31,22
253,134,33,25
245,131,37,28
247,129,35,31
245,133,37,25
246,133,37,27
255,137,34,24
261,136,32,24
273,142,31,22
275,142,32,20
298,145,28,25
298,143,34,27
316,139,34,33
318,138,36,38
342,126,36,47
342,120,42,50
368,110,32,54
365,106,39,55
386,99,40,55
384,96,48,57
400,93,43,54
415,92,37,58
417,90,38,57
423,91,40,56
422,93,42,55
422,95,46,56
421,95,46,57
416,100,48,55
412,99,53,59
400,101,52,57
384,102,52,58
381,104,56,57
356,99,52,63
357,98,50,58
330,94,43,59
328,96,46,56
296,89,46,54
293,87,50,57
265,79,51,59
248,76,51,55
244,74,48,56
229,72,55,54
224,71,56,55
216,73,56,50
215,73,54,53
211,76,52,53
213,78,50,51
213,84,48,53
214,85,49,55
221,92,47,53
240,100,41,47
243,102,43,48
262,104,39,53
267,107,39,52
293,113,32,55
293,112,40,58
317,121,40,55
318,126,44,49
337,130,47,46
360,129,44,48
365,128,41,50
377,128,42,47
379,125,44,48
385,122,44,45
388,121,40,44
387,117,41,41
386,113,42,43
382,111,43,42
379,111,40,42
376,109,44,45
366,111,41,50
364,111,43,49
348,116,40,48
348,117,41,45
326,123,38,44
330,127,35,39
299,129,40,41
280,130,35,33
275,132,36,30
261,131,35,30
259,132,38,27
242,130,39,25
242,130,37,26
234,127,38,28
234,126,38,31
233,124,40,31
233,124,42,32
239,123,43,32
248,125,40,33
248,124,44,36
267,127,37,33
268,128,40,32
292,135,31,35
293,135,39,34
313,142,32,41
317,142,36,43
334,143,39,43
359,144,31,44
368,142,33,46
385,148,37,41
386,147,39,43
404,146,35,43
404,146,39,43
413,144,38,43
412,145,39,42
413,144,39,39
412,145,39,36
408,145,41,37
403,148,38,36
402,149,40,37
385,154,42,36
381,154,48,37
355,161,52,39
348,160,60,44
331,169,49,38
309,172,45,40
309,176,43,34
309,176,43,34
309,176,43,34
309,176,43,34
309,176,43,34
249,137,36,29
251,137,33,24
243,126,31,27
230,122,34,30
228,119,37,31
223,117,41,33
222,117,42,33
223,119,46,33
222,119,49,33
235,125,40,33
231,126,45,30
253,135,40,27
258,136,36,23
276,147,34,20
302,160,30,18
310,165,27,19
327,163,28,25
331,160,33,32
352,149,31,38
359,137,34,44
373,129,32,46
374,122,38,50
389,118,34,45
397,111,29,47
404,103,27,46
405,100,28,46
407,94,29,44
408,94,27,42
407,92,29,42
407,92,27,42
401,93,30,45
400,93,30,46
387,97,32,47
384,102,34,42
368,107,36,40
364,106,41,40
343,101,35,42
340,102,41,40
310,95,45,44
310,93,43,45
287,84,41,50
283,83,44,49
271,78,37,46
265,75,43,49
255,67,38,46
255,65,38,47
255,54,36,46
257,48,35,50
263,37,38,49
264,34,39,51
277,25,36,49
277,22,39,48
291,14,35,50
291,13,37,52
308,9,35,53
311,9,33,55
326,8,32,57
330,8,28,55
334,6,36,57
333,5,39,59
333,4,40,54
333,3,39,53
329,1,38,46
327,3,41,41
320,3,36,35
319,2,36,37
304,1,44,42
303,3,47,43
301,3,55,51
302,3,54,54
308,4,52,64
308,3,53,73
317,28,45,70
318,35,44,79
327,73,36,73
331,91,31,75
331,115,34,67
334,117,32,63
338,115,33,64
337,112,37,65
338,111,39,65
338,109,39,66
346,96,37,73
348,93,36,73
351,73,36,73
351,44,42,75
349,36,47,79
350,4,48,80
349,5,46,73
350,-3,40,65
348,0,41,54
347,-12,41,46
348,-5,42,37
345,-13,41,31
345,-10,38,27
335,0,39,20
327,4,41,28
326,2,44,35
322,10,50,48
321,7,53,60
323,20,50,75
325,21,46,77
332,35,41,84
332,30,42,90
343,49,35,77
345,52,34,75
354,58,39,72
354,58,42,70
369,60,36,67
368,58,38,69
379,59,37,71
379,58,38,72
391,62,36,67
391,59,36,71
397,57,32,74
397,54,33,77
396,52,33,78
395,52,33,77
385,52,36,83
385,53,36,83
367,67,46,90
366,64,43,97
356,90,37,83
357,93,35,78
349,98,42,75
347,103,45,69
344,111,51,65
344,107,55,68
359,104,61,69
357,102,67,70
382,95,59,71
381,92,60,68
417,80,50,76
414,76,57,71
447,64,62,74
447,59,68,75
475,46,73,80
471,41,87,82
501,22,73,86
505,14,64,97
538,17,65,77
545,17,65,74
557,12,69,71
558,13,67,72
558,5,64,80
554,4,62,85
536,5,62,96
535,7,62,96
484,4,74,104
476,6,83,102
434,4,74,114
433,7,73,111
392,20,69,108
390,28,69,103
359,42,64,113
358,40,68,119
339,80,57,110
341,84,53,105
340,94,61,97
342,94,58,96
354,94,61,90
354,96,62,91
371,90,57,89
373,86,56,93
394,78,51,96
394,76,55,96
414,65,49,96
416,64,49,97
432,54,46,97
433,52,45,95
440,49,54,93
440,45,55,92
446,47,64,91
446,46,66,88
449,52,70,87
450,52,68,88
450,60,67,88
451,55,62,93
447,65,52,89
448,67,49,87
436,73,47,95
434,77,47,92
411,104,57,98
411,104,54,99
396,100,55,102
391,96,58,103
378,91,61,101
375,86,61,103
373,85,49,90
372,80,47,94
371,71,37,90
371,69,37,89
371,64,34,87
369,64,35,86
366,65,38,87
365,68,39,86
362,85,41,85
363,87,40,84
372,90,34,79
372,88,34,79
375,86,35,74
375,86,36,75
380,88,35,79
381,90,39,76
381,89,42,79
382,87,42,79
387,80,38,78
386,79,38,83
387,75,43,83
387,80,46,84
389,70,48,88
389,67,48,90
394,60,40,89
394,59,39,94
394,53,40,97
392,43,46,99
392,44,45,96
379,39,57,88
379,35,57,94
365,40,66,80
363,41,68,82
356,44,60,78
354,43,61,81
341,47,56,84
343,48,47,82
323,56,47,80
323,58,46,80
305,71,55,77
304,74,56,74
301,82,61,73
303,90,58,70
304,95,57,69
313,102,55,68
314,107,54,68
326,112,50,65
325,109,51,68
353,112,42,66
350,113,43,64
370,108,45,68
392,112,44,66
395,110,48,66
410,110,50,66
411,106,55,66
427,104,57,71
427,100,63,72
440,97,62,76
441,93,64,78
450,94,64,74
456,88,58,76
455,89,58,75
452,79,56,82
452,78,54,83
441,75,43,81
442,75,38,79
409,73,47,76
405,69,55,83
367,64,62,83
365,59,68,87
337,56,68,88
315,56,68,92
311,60,66,87
298,67,66,86
299,65,62,87
297,72,56,87
299,77,53,85
304,89,45,80
306,92,42,78
319,102,38,75
335,109,37,71
339,108,34,70
354,109,40,72
356,113,44,66
375,112,43,65
376,113,46,65
394,110,50,65
392,108,58,70
415,111,51,61
432,105,49,69
434,107,51,66
446,99,49,70
447,98,53,71
454,92,53,72
455,88,54,75
457,83,53,74
455,85,55,71
452,74,51,75
440,73,49,71
438,74,49,70
418,69,46,72
417,71,45,68
387,66,50,71
386,67,52,69
353,67,56,68
353,68,56,68
328,68,55,70
305,68,67,76
300,72,71,73
294,80,66,71
294,81,63,69
294,86,59,71
295,88,58,68
301,92,52,69
300,95,54,65
312,99,52,66
312,100,54,65
333,105,48,66
330,103,53,67
356,101,45,68
355,103,48,64
378,102,46,67
379,102,46,65
400,99,48,67
402,101,47,69
425,100,45,72
431,97,36,74
445,95,46,80
445,97,49,78
459,95,49,81
458,92,54,85
462,86,56,88
462,86,55,89
454,77,63,94
458,78,56,91
437,66,63,92
435,66,63,91
406,53,62,91
408,52,58,89
373,43,56,91
372,43,59,88
339,41,57,87
337,42,61,86
309,41,55,85
307,41,59,87
292,51,56,80
291,50,58,81
288,58,57,80
290,65,53,75
295,77,56,75
296,80,56,74
312,89,55,74
306,96,62,69
331,103,54,68
332,105,52,68
351,105,50,72
375,113,43,65
377,107,43,69
397,109,39,70
401,109,37,67
416,107,38,67
415,106,41,67
430,101,37,70
432,100,34,68
440,98,38,72
440,93,40,74
442,94,47,75
439,93,54,78
440,92,51,79
432,92,57,78
431,91,55,80
419,85,56,83
419,89,58,81
400,82,53,79
401,81,50,79
377,70,49,79
351,62,49,77
351,60,47,78
326,55,51,74
326,55,50,72
303,52,63,72
301,53,64,71
290,51,63,70
287,50,69,71
285,55,69,74
289,59,62,74
291,63,58,72
297,66,57,76
299,67,56,75
315,72,46,77
314,76,50,76
339,79,39,75
338,83,44,69
360,84,40,70
361,82,37,68
382,81,39,71
400,81,46,67
399,80,52,66
416,78,49,68
416,79,55,67
433,77,55,69
433,78,59,68
446,74,58,73
447,74,58,75
458,74,57,77
466,75,54,82
465,74,55,84
465,74,53,88
466,75,49,85
456,70,49,90
455,70,51,89
432,61,46,93
432,58,47,96
394,40,52,100
350,22,66,107
341,22,76,103
284,8,93,101
280,5,91,100
242,1,90,83
237,1,91,84
211,1,80,64
207,1,77,60
195,0,73,53
195,0,69,45
195,0,73,45
207,0,68,50
207,0,69,52
226,2,68,61
225,2,68,66
244,12,64,73
253,7,56,84
277,22,48,86
303,43,42,79
303,51,46,76
333,61,41,69
332,65,51,68
362,70,46,66
361,71,53,64
386,80,48,60
383,81,58,61
404,84,55,60
404,87,62,59
430,90,49,53
442,87,47,57
444,86,50,58
455,85,48,63
455,87,50,62
463,85,50,69
463,86,49,70
468,87,49,74
468,90,51,74
469,95,50,80
462,108,53,87
461,112,53,85
452,116,51,91
453,118,50,90
432,126,50,82
433,124,46,84
400,113,53,92
402,113,50,90
369,113,51,85
338,99,59,98
336,99,58,94
311,94,55,99
310,92,54,104
282,96,68,105
278,96,67,103
268,97,69,107
267,96,69,108
260,96,70,104
266,93,69,105
266,90,67,108
273,85,66,109
275,83,64,110
286,78,63,107
290,68,58,110
305,58,54,112
308,53,52,115
318,42,53,112
322,40,49,112
328,31,46,113
330,32,48,112
329,33,48,113
326,24,47,116
323,23,47,117
308,17,57,113
305,16,58,115
291,1,65,117
287,6,67,112
280,0,65,108
272,2,64,99
270,5,65,98
271,6,58,98
272,9,57,98
277,7,51,108
277,8,51,110
285,23,45,111
283,18,47,117
292,44,41,113
298,68,41,106
299,74,40,104
306,88,38,97
305,89,39,98
308,94,43,96
311,92,39,94
312,98,44,96
313,100,44,92
313,96,49,93
314,97,48,98
312,100,50,91
314,103,46,92
313,102,47,89
310,101,46,96
309,102,49,97
306,97,47,99
307,102,46,98
303,101,45,97
303,101,44,97
300,104,42,96
295,106,44,96
293,107,46,97
290,111,45,100
290,111,45,99
285,117,43,99
284,117,42,100
281,119,42,100
280,120,43,107
276,121,42,94
276,121,40,92
274,122,42,94
272,122,42,93
273,121,41,103
273,121,42,108
274,122,41,110
274,121,45,116
275,124,46,110
275,125,51,108
273,124,55,107
272,126,56,107
273,125,56,110
273,125,55,110
272,124,57,114
272,126,56,106
273,125,53,106
274,123,51,107
276,121,48,111
278,121,47,111
280,123,44,110
283,127,45,105
284,128,44,104
283,129,45,97
285,129,43,95
287,128,43,99
287,129,43,91
284,129,45,91
285,128,44,89
288,129,41,89
288,128,42,90
