362,114,109,71
362,114,100,76
361,114,98,87
353,110,102,90
353,106,88,95
341,115,102,81
332,110,113,91
337,108,106,91
333,110,103,98
334,111,95,93
332,111,104,96
335,110,99,100
338,106,93,109
334,106,97,112
335,105,93,115
335,106,96,115
333,109,99,97
327,109,109,106
335,107,103,115
333,100,113,129
334,110,102,100
334,115,109,99
347,106,94,113
338,109,96,103
342,105,102,110
339,107,104,111
335,110,119,95
336,108,116,100
338,109,112,105
347,102,102,118
347,109,97,104
343,108,111,99
350,109,105,93
345,112,113,84
347,113,111,89
349,107,104,97
349,109,110,97
344,109,117,93
350,106,110,105
355,108,99,97
359,105,108,97
353,111,121,91
352,110,121,95
352,109,129,94
353,110,129,100
354,107,132,99
354,109,133,97
358,107,135,98
365,105,115,102
361,107,122,94
362,111,122,89
369,106,108,100
370,108,111,97
368,110,121,86
367,114,123,84
373,111,113,88
373,113,116,92
368,111,127,91
370,107,127,90
376,111,123,90
381,105,111,97
382,111,113,89
385,114,109,80
389,111,108,80
389,115,111,80
391,112,108,84
395,110,103,90
402,107,101,89
395,114,111,82
401,109,101,89
404,108,112,84
401,110,111,83
404,108,113,86
404,113,127,75
407,109,112,82
405,112,117,79
416,110,100,84
410,112,117,81
415,107,108,86
417,108,105,85
414,108,116,81
416,110,121,80
419,109,123,83
423,109,121,83
419,111,134,79
422,108,122,82
421,111,126,84
422,113,128,82
423,111,127,81
422,110,132,83
433,100,116,102
429,105,111,94
437,104,102,94
438,105,109,97
436,101,104,93
433,107,110,92
431,104,117,91
434,103,113,94
433,98,111,98
436,98,107,95
437,96,118,106
430,96,114,101
428,100,117,100
437,100,114,97
432,96,116,101
434,98,105,97
437,98,108,100
434,100,104,94
434,94,112,99
436,93,104,103
443,94,100,103
439,99,101,97
431,102,115,90
430,98,113,100
429,104,118,95
426,103,130,97
428,94,122,110
438,94,108,109
440,94,104,115
436,99,104,102
435,100,105,97
432,102,109,105
428,100,114,106
425,102,118,101
423,104,126,104
416,105,129,101
416,106,127,105
420,105,122,106
416,107,125,104
418,105,128,106
419,103,125,107
422,105,113,101
418,101,123,106
417,109,124,101
417,102,121,111
415,105,128,106
413,105,126,107
420,107,115,100
420,103,119,107
422,104,111,96
418,109,115,102
421,108,110,100
426,101,111,113
422,105,114,101
419,100,127,104
423,112,108,81
420,109,113,89
424,99,116,103
426,104,110,87
420,109,110,99
411,107,128,95
420,105,118,101
417,107,122,89
419,109,108,83
420,108,112,91
417,101,112,103
422,115,92,84
415,115,106,84
416,114,111,78
416,112,111,84
423,106,104,88
425,100,107,101
423,107,98,91
420,108,97,87
417,100,116,94
417,109,111,81
426,102,102,94
428,106,102,78
419,107,106,92
426,100,98,93
422,106,112,79
418,105,120,83
418,104,118,84
418,105,123,81
428,97,119,86
423,98,123,95
422,102,120,76
425,101,125,83
421,101,114,94
417,107,119,76
416,101,125,86
423,101,129,81
426,103,127,77
420,99,125,96
423,100,125,86
419,102,124,82
415,103,127,80
413,105,129,81
409,107,136,82
413,105,124,80
418,103,125,86
408,102,135,86
404,105,126,88
403,109,129,80
396,104,144,88
391,108,147,81
417,102,140,85
418,104,122,81
414,101,125,85
401,108,136,78
398,108,145,77
386,111,156,75
383,107,162,81
381,107,162,82
377,105,165,82
375,109,170,81
386,98,152,98
374,98,161,98
386,100,158,89
373,105,169,83
405,99,161,87
397,102,151,83
399,103,148,84
385,105,163,83
387,105,158,79
383,104,167,77
377,102,176,84
374,108,177,82
367,106,192,80
373,108,192,78
369,105,205,79
366,104,214,85
362,104,229,81
361,105,238,84
359,100,266,104
355,100,266,106
352,96,272,118
358,94,291,117
349,99,293,116
348,93,300,128
353,99,290,120
328,96,338,102
334,85,321,124
349,81,292,135
336,85,303,128
363,103,292,118
354,95,290,96
350,95,287,100
342,85,301,118
331,81,307,117
360,106,288,98
355,95,291,98
360,80,278,124
380,65,255,147
390,42,247,171
369,63,280,157
386,46,264,180
354,38,298,186
374,82,304,146
370,68,285,158
388,67,280,163
379,56,279,177
382,46,265,188
367,39,279,204
372,54,280,195
358,41,291,209
353,66,285,184
363,65,289,160
376,70,283,164
356,70,298,173
366,57,298,208
371,67,259,176
382,62,266,179
383,87,238,161
406,73,222,150
400,83,217,143
383,92,250,118
363,91,274,125
361,90,282,106
356,82,290,114
363,77,267,132
377,80,260,111
362,86,264,106
366,78,270,106
367,85,273,110
369,73,269,113
367,56,265,140
372,52,256,133
366,82,281,111
365,65,267,122
365,57,267,128
376,46,220,116
372,53,215,115
387,34,204,140
383,35,222,154
399,27,229,190
398,32,248,197
399,31,237,184
401,28,234,178
396,32,219,157
388,28,227,173
421,24,195,163
403,29,214,181
432,26,195,168
412,16,196,192
436,21,183,195
410,25,210,200
413,21,219,226
415,24,214,194
433,20,186,177
411,35,199,177
403,23,232,194
402,20,219,182
402,45,226,152
406,34,216,158
418,44,207,152
429,32,199,175
423,38,196,159
414,37,204,156
407,57,205,147
405,45,227,172
414,40,219,166
405,39,233,159
403,47,222,156
401,48,228,156
402,35,224,174
406,57,241,150
410,67,229,144
421,51,217,168
406,61,234,156
403,64,243,151
385,62,263,148
409,56,235,152
407,74,251,135
378,61,283,155
393,44,280,192
388,45,282,205
391,36,258,220
417,9,225,269
400,22,247,241
419,17,219,282
398,3,236,269
419,11,202,237
418,18,207,227
407,33,222,194
415,23,199,201
417,32,209,192
400,44,222,169
420,74,202,133
408,65,216,145
394,89,252,114
390,80,236,123
400,62,256,149
407,52,233,164
409,38,237,177
401,53,227,167
403,33,209,190
428,16,183,207
418,13,220,227
439,41,176,205
428,44,192,178
413,20,213,205
434,21,182,208
424,33,197,193
430,8,186,215
446,-1,160,225
424,12,185,212
419,28,197,195
440,8,166,230
437,5,172,221
449,13,158,220
440,13,165,224
451,15,169,211
435,6,157,214
443,4,159,213
435,4,171,216
428,19,172,191
418,25,155,191
451,9,121,204
444,9,131,200
459,7,117,201
460,6,107,195
464,3,110,221
461,8,115,208
449,10,130,197
464,12,103,201
459,18,88,190
480,22,78,193
497,-9,61,198
472,-6,73,206
490,-1,63,214
474,-7,83,231
482,-9,80,223
469,2,98,214
464,17,97,197
461,3,103,202
460,17,108,193
455,-6,121,210
449,8,107,196
433,19,125,187
427,22,145,187
435,7,164,214
432,30,189,190
419,43,214,180
414,40,234,184
401,43,243,176
402,64,257,154
412,52,229,165
399,54,252,155
407,64,226,148
404,70,228,141
409,52,219,162
401,57,239,153
406,72,234,143
401,69,220,138
402,51,211,176
417,36,210,180
398,50,239,158
389,68,227,140
408,57,217,154
411,82,227,138
401,34,201,150
416,24,172,172
427,14,160,192
413,26,188,180
440,24,161,189
422,30,190,177
436,12,168,210
438,41,178,182
409,39,205,188
420,57,206,171
419,28,200,200
418,30,189,189
441,24,179,210
426,16,184,217
427,2,192,222
414,17,214,205
422,33,215,188
427,35,190,183
418,44,228,178
414,47,220,175
421,52,228,169
422,56,194,163
423,58,215,149
415,92,237,118
407,54,248,142
396,36,257,177
415,35,215,180
423,5,192,215
424,20,197,176
419,39,228,184
406,25,221,197
420,42,226,177
406,34,246,175
408,42,248,162
411,32,223,172
414,51,201,142
416,43,222,155
408,41,229,154
416,31,226,169
412,46,216,139
421,31,212,169
409,12,233,196
424,9,189,203
430,24,176,172
450,13,162,191
453,7,133,179
446,41,175,167
433,43,215,162
416,37,244,174
412,41,240,167
405,47,266,158
404,40,263,171
407,29,226,187
405,55,241,159
417,36,249,179
404,69,273,148
397,61,276,139
400,49,274,156
408,36,247,171
405,29,263,182
413,49,228,162
408,45,254,148
419,53,237,142
392,45,244,155
395,45,259,149
400,21,245,187
401,28,210,168
400,20,233,172
410,40,235,150
390,42,260,149
384,28,262,175
382,28,270,176
384,22,238,170
396,27,254,162
387,27,216,143
401,44,248,149
390,23,243,179
382,18,239,179
378,11,283,180
383,1,242,180
390,23,269,159
382,28,282,157
389,16,256,172
383,10,242,162
381,12,252,164
385,4,225,153
393,52,262,169
388,34,272,175
389,25,258,183
378,17,261,172
382,12,241,164
378,12,236,139
373,12,213,101
382,7,188,112
387,5,181,107
392,6,167,105
385,0,181,106
383,7,179,95
387,2,173,102
384,-1,176,105
445,108,209,101
442,98,226,110
452,72,219,140
397,2,193,114
441,113,213,105
444,94,227,107
427,124,228,88
419,104,251,110
416,78,285,107
400,109,272,100
426,118,256,89
419,117,256,95
433,115,240,86
424,119,254,88
414,118,264,77
429,113,251,92
438,103,241,101
426,121,249,84
432,122,245,59
425,124,250,70
430,112,245,89
425,111,259,81
436,112,253,90
435,104,246,98
458,101,228,106
448,96,235,105
469,107,216,95
488,106,192,92
485,105,190,85
459,110,209,80
484,102,201,94
509,92,175,107
481,94,189,102
508,101,167,91
500,102,171,81
475,105,194,74
492,107,190,73
512,97,178,88
496,97,171,84
504,107,169,73
520,104,163,78
490,101,179,77
506,95,177,88
476,93,190,87
459,90,220,87
450,97,223,91
452,85,240,107
437,72,251,124
427,91,260,109
420,79,276,103
423,71,270,118
448,58,249,146
442,49,236,148
440,58,244,148
437,53,245,136
435,84,265,106
436,64,252,130
426,55,239,149
443,50,241,144
451,65,258,127
428,56,263,129
421,55,249,137
428,46,242,147
431,46,252,142
434,43,224,143
434,37,209,151
440,33,183,162
464,19,175,170
451,32,161,153
466,45,184,149
452,44,209,142
463,44,194,143
458,39,195,151
455,40,174,117
476,60,192,128
458,65,202,111
438,57,219,106
446,54,203,108
447,48,200,117
448,40,219,149
442,41,216,168
440,45,212,126
456,38,224,133
444,20,224,166
444,24,187,189
443,15,172,201
458,10,154,192
456,10,149,176
503,53,138,161
514,59,149,146
465,16,121,132
484,44,131,140
486,46,160,162
476,53,187,148
484,56,190,154
446,2,143,128
525,79,127,123
517,77,135,122
512,90,137,94
455,25,118,85
545,102,110,89
545,98,103,92
539,106,103,78
541,97,96,87
558,102,78,88
550,106,88,84
545,111,94,75
555,113,81,77
557,120,71,62
564,124,63,59
560,127,71,53
569,135,58,49
566,139,62,40
563,139,60,38
557,139,65,39
559,139,63,41
550,139,70,40
545,138,73,41
538,134,81,47
539,138,79,46
541,135,74,49
534,138,80,46
531,138,77,47
528,138,83,47
537,143,74,43
532,145,75,41
528,143,75,44
521,144,86,44
523,146,84,45
520,146,87,44
520,145,87,45
523,147,85,44
521,146,85,45
521,148,82,44
524,147,77,46
521,150,80,44
517,152,82,40
511,152,88,39
513,152,89,43
509,154,92,43
506,152,93,43
505,154,94,43
511,154,90,39
508,153,87,41
509,154,86,40
510,156,85,39
507,158,84,36
512,157,85,37
506,158,88,38
505,160,87,38
507,159,87,38
503,159,91,39
507,157,87,40
509,156,83,43
511,155,84,43
510,155,84,41
511,156,81,44
507,158,89,37
508,158,86,37
513,160,82,45
518,160,76,46
521,161,72,40
513,159,80,53
524,162,71,38
509,172,74,40
513,165,75,49
523,161,73,47
530,162,65,41
513,169,74,46
520,164,70,54
519,165,68,47
526,161,67,48
535,160,56,50
531,163,57,51
527,166,62,46
529,163,63,48
538,162,52,43
534,169,53,48
527,167,59,50
535,161,55,56
526,171,60,56
534,167,50,56
541,162,44,59
534,164,57,58
530,165,58,57
541,163,47,53
540,162,48,62
538,162,48,66
539,163,46,63
541,165,46,58
550,163,37,54
552,164,35,53
552,164,37,42
555,164,32,46
557,165,30,40
555,166,33,32
555,166,35,29
554,168,38,26
554,168,36,23
552,168,43,21
554,168,38,26
553,169,41,20
552,171,37,25
552,168,39,24
550,169,47,27
550,170,47,20
550,171,46,25
551,169,41,25
550,169,45,22
550,170,46,23
549,169,46,22
550,169,44,26
549,170,47,24
550,170,45,25
549,171,47,23
550,170,46,24
549,170,47,26
550,172,53,22
550,171,53,19
550,171,53,22
550,171,51,18
550,173,47,24
551,174,43,24
553,173,38,25
553,174,41,21
552,174,46,22
551,173,51,25
551,173,47,24
552,173,44,29
554,175,35,25
554,176,33,27
553,175,36,28
553,176,35,25
553,176,36,23
555,175,33,30
553,176,34,28
552,177,34,25
552,176,36,28
550,177,36,26
550,176,36,25
550,176,38,24
555,176,37,28
553,176,32,26
556,176,32,23
553,178,34,22
553,177,35,24
553,177,35,26
552,177,37,24
552,177,37,27
556,177,36,26
553,179,35,23
553,179,36,21
553,178,35,24
555,178,36,25
555,178,36,26
553,177,37,26
551,176,41,26
552,175,36,30
553,176,36,27
552,177,38,24
553,179,38,22
554,177,34,24
553,176,33,25
553,177,35,24
553,178,36,24
553,176,39,25
552,177,37,23
551,178,39,22
552,178,39,25
554,177,37,25
554,178,36,24
554,178,36,22
553,178,35,22
554,178,33,21
553,178,36,23
552,178,38,22
553,178,37,22
553,180,33,20
554,178,34,21
554,178,33,26
553,177,36,26
555,176,32,28
552,177,35,23
552,176,36,26
551,178,38,25
553,177,33,27
553,177,36,25
554,176,35,26
554,176,36,25
554,178,35,22
554,176,36,24
552,177,36,21
554,177,31,21
554,178,31,21
554,176,32,26
554,176,33,25
553,177,35,25
553,175,37,25
552,175,36,24
553,174,37,26
554,176,36,23
554,175,37,25
554,174,34,23
553,174,36,25
554,175,39,22
554,173,36,25
554,174,36,23
554,173,35,22
553,173,37,25
553,174,37,23
553,173,37,25
551,173,38,23
551,172,44,25
553,173,38,22
554,172,36,22
554,172,35,19
553,173,35,20
554,170,34,22
554,171,32,23
553,169,37,25
555,168,33,27
554,168,37,26
552,168,44,24
553,169,41,20
552,168,42,24
552,169,40,24
553,170,41,18
553,168,45,19
551,167,48,19
552,167,50,19
552,166,50,19
548,166,50,20
551,165,47,21
550,166,51,16
550,165,52,18
550,165,53,20
551,164,49,22
552,165,50,18
549,164,53,21
549,163,50,24
551,164,45,25
552,165,45,26
551,165,48,22
551,165,48,21
552,164,47,22
552,165,46,19
551,164,45,22
553,164,43,22
551,164,50,17
549,165,50,20
551,162,49,24
551,162,48,25
550,163,51,20
549,163,53,19
550,162,54,19
551,162,51,19
552,161,49,19
552,161,46,20
552,161,44,22
553,162,39,17
552,161,41,17
549,159,47,22
550,159,47,19
550,158,48,21
551,158,44,22
549,158,45,20
549,159,45,16
548,157,45,21
548,156,49,18
549,154,50,20
549,153,48,20
551,153,45,20
550,153,46,15
549,152,49,19
549,152,46,21
549,151,49,17
549,151,48,20
549,151,47,19
551,150,45,21
550,150,47,21
548,151,52,14
550,149,50,19
552,149,47,17
554,148,44,15
555,150,49,16
554,149,47,18
556,148,42,21
554,148,48,20
