451,275,53,74
449,271,43,76
451,272,44,77
451,274,44,74
452,272,45,78
449,272,49,75
451,272,44,77
451,273,45,74
452,275,43,73
452,275,43,70
452,274,43,71
452,274,42,71
451,274,44,71
451,272,46,74
452,273,46,74
450,273,46,71
451,271,46,74
451,272,47,75
452,271,45,75
452,272,45,72
452,272,46,72
453,272,43,73
454,273,43,70
454,272,43,68
454,272,40,73
455,272,40,68
454,272,44,73
454,271,43,73
455,270,41,73
454,269,43,75
455,269,41,74
456,269,42,75
456,270,41,75
452,271,46,71
453,270,45,74
452,270,45,73
452,271,44,66
455,269,40,76
455,272,40,72
453,274,42,67
453,272,44,71
454,270,43,73
452,267,46,79
450,272,47,71
451,273,44,74
452,273,45,73
450,270,48,75
450,270,47,75
450,270,47,76
452,266,44,80
449,270,47,76
447,269,51,78
448,268,50,75
447,269,50,76
450,267,45,81
450,267,45,78
451,269,45,75
453,266,43,76
450,269,46,79
448,268,50,82
447,268,50,81
447,270,50,75
451,271,46,74
449,269,49,78
449,271,47,77
447,273,50,75
449,268,47,81
451,269,44,79
451,270,47,74
449,270,49,73
448,272,48,71
451,270,45,75
452,275,43,69
453,272,44,70
452,272,43,72
453,273,45,70
453,266,42,79
452,269,44,75
450,273,48,71
452,273,44,72
449,270,50,73
448,263,51,78
450,251,51,90
448,252,53,91
446,255,56,92
448,254,55,94
449,251,55,96
448,254,54,92
452,256,52,86
445,259,62,85
443,259,62,87
446,262,58,82
450,261,53,84
448,264,53,79
446,264,60,81
449,268,52,78
446,263,59,83
441,266,64,79
447,269,61,78
450,267,56,76
453,265,52,83
451,267,59,81
453,267,54,82
451,270,54,79
451,269,59,81
453,270,57,80
456,269,55,78
459,271,61,76
465,278,60,67
471,277,61,70
476,282,60,69
481,281,65,72
481,285,70,66
485,292,62,60
485,292,62,60
485,292,62,60
483,288,73,66
482,294,75,56
486,286,66,66
493,286,54,68
497,287,46,69
437,286,52,69
486,286,62,67
493,289,54,62
496,285,51,66
494,289,52,62
494,289,50,61
490,288,58,61
493,290,56,60
489,287,61,65
495,283,53,67
493,282,56,68
494,292,53,60
492,286,56,64
494,286,51,66
497,286,50,66
498,284,46,70
493,283,53,71
493,288,54,63
495,286,48,67
495,281,50,70
495,282,50,68
495,279,48,71
496,285,48,69
496,282,49,69
496,282,49,68
494,286,54,60
494,282,54,68
494,285,54,63
494,280,56,69
493,286,55,65
495,291,53,57
492,292,57,60
494,286,51,68
495,285,50,68
495,284,50,67
493,282,56,69
494,284,54,65
494,281,53,71
495,281,50,74
494,288,52,65
496,288,49,66
496,285,49,66
494,282,55,68
494,281,55,68
495,287,52,62
491,284,57,69
495,285,50,71
495,286,50,69
497,285,47,69
495,285,52,68
496,287,51,66
491,286,57,67
495,282,52,70
495,284,51,68
497,281,51,72
490,287,61,63
495,285,53,68
493,283,57,72
496,280,55,74
493,273,59,82
499,284,50,70
497,284,50,68
494,284,54,67
495,287,55,67
496,286,51,69
494,283,53,71
497,283,51,70
495,280,58,69
496,285,53,68
494,283,53,65
494,283,53,66
495,282,53,68
493,281,57,70
491,284,63,67
489,286,66,65
487,292,73,59
488,297,68,53
488,282,69,70
482,287,74,66
482,293,68,56
484,284,61,60
480,277,64,71
472,279,68,65
474,276,58,69
475,269,57,73
468,269,61,72
465,263,61,82
464,267,60,70
465,268,58,63
468,265,52,69
467,264,53,73
466,265,53,71
463,262,57,66
453,258,67,74
454,265,64,63
453,263,57,67
449,265,60,63
450,264,59,63
450,265,59,63
450,263,56,67
445,265,66,63
445,264,62,61
449,263,57,63
448,263,59,69
448,266,63,65
446,267,63,62
449,264,55,69
447,264,60,69
442,261,66,72
439,267,64,63
437,262,69,66
441,267,59,60
439,265,61,65
437,263,63,69
430,263,73,71
436,263,65,65
429,260,75,76
438,264,65,66
451,264,48,70
453,263,46,72
457,264,42,69
458,263,40,65
459,264,39,66
458,264,40,68
456,264,44,66
457,264,41,63
459,264,39,64
458,264,42,65
458,263,41,68
458,264,41,68
457,265,41,68
456,265,44,67
454,264,45,69
458,265,41,70
457,265,42,66
456,264,44,67
456,264,43,66
456,264,41,66
458,263,41,71
456,264,43,70
456,264,42,70
457,264,42,70
456,264,42,72
456,264,44,73
456,264,43,66
457,264,43,63
457,263,44,66
457,264,42,66
459,264,40,66
458,265,41,65
455,264,45,63
459,263,38,66
458,263,40,68
457,263,41,70
458,265,41,67
458,266,41,68
454,266,45,63
457,266,42,66
458,264,40,72
456,264,41,70
458,264,39,71
459,263,38,71
458,264,41,69
459,264,37,69
457,264,40,70
458,265,39,68
458,265,43,67
457,265,41,66
457,266,40,65
460,265,37,68
460,267,36,66
458,265,41,64
458,266,41,63
456,266,43,64
456,265,43,61
457,263,43,65
457,265,42,64
456,263,45,67
456,261,44,69
456,263,44,70
454,265,47,68
456,264,41,68
456,263,43,70
456,264,44,68
457,264,42,67
456,264,43,64
455,263,43,66
456,263,43,67
458,265,41,68
456,264,42,68
458,264,41,68
457,265,41,68
458,262,41,72
456,263,43,71
456,265,42,72
457,265,41,70
456,263,41,69
456,264,41,65
457,263,41,68
457,264,42,64
455,264,45,63
457,265,43,65
457,262,42,72
458,263,42,69
456,263,43,67
458,264,39,64
457,265,42,63
458,263,41,67
458,264,40,66
458,266,41,62
458,265,41,63
460,265,39,63
458,265,42,62
457,264,44,65
459,263,39,66
459,264,42,62
458,264,40,62
456,264,43,66
458,263,42,70
457,262,43,71
458,262,39,72
458,263,42,71
457,263,39,72
456,265,40,69
458,265,39,70
457,267,43,63
458,265,41,64
459,265,39,67
457,265,41,66
456,263,44,68
458,264,41,66
457,264,43,65
457,263,41,64
458,263,41,64
457,263,44,66
456,264,45,68
455,264,46,69
458,264,40,69
457,264,42,70
458,265,40,67
456,264,43,72
456,266,44,68
458,266,41,70
456,266,41,65
457,264,42,69
455,265,45,68
457,265,43,68
457,264,42,69
456,265,45,67
456,263,43,70
457,264,43,68
457,265,43,68
457,265,40,70
459,265,39,68
457,265,41,61
458,265,39,65
456,261,41,72
453,252,45,81
455,256,46,74
451,260,53,75
448,265,57,66
446,266,65,66
440,263,76,71
443,272,70,60
446,268,66,65
443,265,64,73
448,266,55,75
445,265,57,77
441,265,61,78
435,261,63,86
437,269,57,76
434,267,58,81
432,264,55,86
428,265,54,86
425,269,53,82
423,272,50,80
413,268,56,87
408,269,60,85
400,270,67,86
400,268,59,90
394,269,65,83
394,270,63,83
397,269,57,78
389,267,62,80
393,266,56,86
398,269,52,87
397,265,50,89
397,270,52,81
396,270,53,81
397,270,52,80
397,268,52,82
398,269,50,85
399,271,49,79
399,273,50,75
400,272,47,77
401,273,46,75
402,271,46,81
403,270,47,79
399,268,50,81
398,272,52,79
397,274,53,76
398,276,53,73
401,275,47,75
397,275,53,77
400,277,50,70
403,279,47,74
401,278,49,76
400,275,52,75
404,282,45,69
400,280,51,67
399,278,52,72
398,279,53,74
400,277,52,76
399,275,53,77
399,279,51,74
401,279,51,70
398,278,54,74
401,280,51,71
400,276,51,73
401,278,47,72
399,275,52,73
402,286,51,63
397,283,57,65
396,283,58,68
397,277,57,74
398,278,63,73
401,283,59,66
403,284,53,68
401,278,51,74
399,273,52,83
398,280,52,75
401,269,49,85
397,256,58,93
397,249,62,100
392,249,66,100
387,244,68,105
387,243,65,107
385,241,67,107
385,240,58,106
382,239,67,106
380,246,64,98
380,244,65,98
376,246,71,94
381,242,67,97
380,245,65,95
380,242,62,96
379,244,61,100
376,241,61,98
376,246,59,97
375,247,62,92
380,257,57,81
387,255,50,79
390,255,46,80
474,273,47,70
475,272,47,67
476,275,46,70
478,276,41,68
386,262,46,66
385,262,48,66
384,257,52,76
382,262,51,74
380,261,53,75
383,259,50,79
383,259,51,70
383,256,52,77
380,253,54,79
383,257,50,78
384,256,50,77
382,253,54,84
384,258,54,78
382,258,50,77
384,257,48,78
384,254,51,81
387,262,45,72
388,262,44,73
387,263,47,70
388,262,45,72
388,264,45,73
388,263,45,69
387,264,46,68
388,265,46,69
387,268,48,69
388,266,48,65
387,263,46,68
384,264,50,65
385,262,47,73
387,258,45,76
386,252,47,81
387,257,49,73
390,257,45,73
386,249,50,83
383,248,53,85
383,250,53,83
385,253,52,83
386,259,52,73
384,264,54,66
383,260,60,73
382,265,63,68
384,267,60,59
387,263,55,64
382,266,64,61
385,267,59,61
387,265,55,66
374,261,66,74
372,268,65,62
364,262,67,69
359,257,77,75
366,262,74,65
350,260,84,72
375,267,64,61
288,262,63,69
307,256,73,78
305,259,76,75
300,261,79,71
287,263,73,75
289,256,70,81
296,258,57,76
297,256,55,80
293,258,56,80
295,257,54,83
296,258,54,82
299,260,51,77
298,260,50,76
301,259,47,75
298,259,53,77
295,264,67,72
294,261,73,79
286,261,84,79
286,270,85,65
293,262,75,79
288,266,81,70
288,261,84,76
295,263,76,79
299,266,80,69
307,265,76,74
318,263,66,79
327,269,73,65
338,262,63,72
342,257,71,79
354,264,66,75
358,262,77,75
366,260,77,83
375,255,73,88
378,265,74,74
379,262,80,78
386,269,69,65
380,264,83,74
383,269,88,61
381,268,96,68
376,264,97,72
374,263,89,76
373,258,97,78
367,267,113,66
366,263,103,72
374,262,86,73
378,269,68,57
383,266,53,61
386,260,49,73
386,259,49,77
388,261,47,73
388,262,47,74
387,267,49,68
389,266,46,70
388,263,47,73
391,264,43,71
391,264,43,69
393,259,36,71
392,261,41,72
392,260,43,69
390,259,49,72
386,257,53,76
379,256,60,76
372,257,66,72
366,258,71,75
377,266,75,60
383,258,64,69
386,265,55,66
384,257,57,78
385,259,54,77
387,263,50,73
386,262,52,71
388,259,50,73
386,262,53,70
380,262,61,71
378,260,63,67
375,264,71,70
377,266,66,65
380,261,61,73
383,258,55,79
381,264,61,70
382,262,65,73
383,262,63,74
382,259,66,79
381,259,68,80
382,265,65,77
382,262,66,78
387,263,61,77
391,261,57,82
394,262,56,78
397,260,55,78
399,260,57,75
402,253,56,83
400,251,65,85
407,245,57,79
411,253,53,73
416,250,52,77
420,251,47,72
426,255,47,71
430,255,44,79
423,255,55,75
424,255,54,75
428,255,52,70
423,260,60,65
423,262,60,64
424,264,61,60
429,259,53,71
432,258,48,76
432,260,49,68
433,260,48,68
437,258,43,71
437,257,42,73
436,256,46,72
437,255,45,73
440,253,43,76
437,253,48,71
438,249,44,79
438,247,49,79
438,248,48,75
439,246,48,76
438,247,49,76
439,246,50,79
438,244,48,80
438,245,50,78
440,245,48,79
441,244,46,72
438,245,54,63
440,246,51,58
442,248,50,49
442,245,47,45
439,241,49,45
441,236,41,48
439,233,47,58
440,230,42,66
435,233,46,67
432,245,48,64
428,247,57,66
429,256,54,64
431,258,53,72
433,264,57,70
438,262,51,75
440,263,54,75
437,263,60,78
434,264,65,78
429,262,66,81
437,267,52,77
442,262,48,79
441,262,51,79
443,263,49,80
442,263,53,79
442,264,52,80
444,266,48,76
445,266,47,75
445,266,47,72
444,267,49,73
443,266,49,72
442,267,50,72
444,266,47,74
442,266,49,76
443,268,48,73
440,268,54,73
442,267,50,75
444,267,48,76
445,268,45,74
443,268,48,75
442,268,51,77
440,265,53,79
441,267,52,77
440,268,54,75
438,267,54,79
441,265,52,84
442,267,50,77
444,267,47,78
443,268,48,80
443,268,49,76
445,269,46,75
440,269,51,75
444,268,47,78
442,269,49,77
443,270,47,75
444,268,48,79
444,268,49,76
443,267,50,77
442,267,51,75
442,267,51,76
444,267,48,76
444,267,49,74
442,267,51,74
445,265,46,78
445,266,46,74
442,267,50,71
442,265,49,73
444,266,48,74
444,266,47,73
444,267,48,73
445,266,47,74
446,267,45,73
445,266,48,71
445,267,48,74
445,266,47,77
444,266,49,75
444,265,49,77
442,265,52,75
443,266,49,75
444,265,48,72
445,265,46,73
447,266,45,78
447,268,44,73
447,268,45,72
444,267,49,76
442,267,49,71
443,267,47,74
446,267,46,73
445,268,47,75
444,268,49,72
445,266,46,74
444,266,48,74
444,266,47,74
444,267,46,77
444,268,47,74
443,265,49,76
445,267,48,73
446,266,45,74
448,268,42,72
444,266,48,75
446,268,45,63
444,265,46,75
440,265,51,78
436,265,58,78
434,265,59,78
433,264,63,81
435,264,57,78
436,265,58,79
434,265,60,77
434,263,64,81
432,263,64,81
432,266,66,77
436,265,58,82
438,267,54,77
433,266,59,75
432,265,62,78
433,264,62,80
435,263,58,82
432,261,62,75
429,257,62,78
429,253,58,78
429,250,58,74
430,246,58,75
431,241,59,72
435,236,53,73
434,236,59,67
437,231,56,66
442,227,49,66
445,225,48,64
446,224,47,65
445,222,48,71
441,223,52,67
435,223,58,61
435,221,62,65
441,226,53,67
433,227,65,60
447,231,60,54
445,228,57,53
454,222,48,56
452,228,45,59
451,221,45,64
451,217,49,73
451,222,47,82
453,212,44,94
454,220,44,92
452,210,43,102
446,209,49,112
444,214,48,105
442,216,51,107
439,214,50,113
436,216,51,118
431,219,56,118
434,216,54,133
429,219,58,126
429,216,59,129
429,221,59,125
425,218,62,126
426,216,59,128
422,212,62,129
420,216,62,125
422,216,61,129
415,215,65,129
415,224,66,124
415,235,66,113
426,248,52,102
429,256,49,90
426,263,55,83
427,264,53,83
427,266,54,76
426,267,56,78
428,268,52,78
431,269,48,76
433,269,47,77
434,272,47,72
432,272,50,72
434,272,46,69
434,272,47,69
431,271,52,72
436,272,44,69
432,272,50,71
433,271,50,73
430,269,51,75
434,269,47,74
432,272,50,71
434,271,46,73
433,269,47,74
433,268,48,78
434,268,47,75
432,268,47,77
434,269,45,76
434,270,45,73
432,268,48,75
432,268,49,76
430,269,51,76
431,268,48,77
432,268,49,79
433,271,48,73
434,271,47,74
435,268,45,75
436,270,44,73
436,271,44,71
433,271,48,71
433,270,49,75
429,269,54,76
428,266,52,78
430,266,51,77
431,268,49,76
433,270,48,70
433,270,46,69
433,268,46,73
431,250,48,81
427,249,56,91
429,252,57,92
429,255,58,89
431,257,53,83
431,257,48,82
424,257,52,81
418,257,53,80
411,255,53,77
406,252,51,72
390,249,61,83
390,247,60,81
346,255,65,79
353,253,76,84
219,250,69,73
224,251,55,76
228,248,48,78
228,251,48,76
229,252,47,75
229,253,47,70
229,252,47,67
231,252,44,68
231,252,45,75
231,253,45,68
230,253,44,68
232,251,40,74
230,252,44,74
228,253,46,72
229,253,45,73
229,253,47,68
229,252,47,68
231,251,45,72
232,251,43,70
230,258,44,66
229,259,46,63
228,264,47,57
225,266,49,57
227,264,45,60
230,271,40,57
228,257,45,66
229,258,46,74
233,263,44,76
235,262,47,79
241,255,43,86
249,245,44,97
255,255,47,91
266,251,53,97
278,241,60,104
280,241,57,103
283,236,61,109
279,243,80,99
270,242,87,100
257,244,78,92
260,236,96,100
245,244,97,86
253,237,100,93
248,242,99,86
257,235,90,95
248,232,105,101
254,241,98,85
251,251,87,73
254,257,78,64
257,262,64,52
260,260,53,56
262,257,48,62
266,255,40,65
264,253,44,71
266,255,40,66
264,254,42,69
265,251,42,72
263,253,44,71
261,253,47,73
264,259,42,64
264,261,42,62
264,255,44,72
265,261,48,67
269,257,46,74
273,250,47,84
276,244,49,92
287,246,49,95
289,246,44,90
301,249,59,87
303,255,75,82
313,245,59,95
330,262,53,82
339,258,54,80
359,257,65,79
352,259,74,76
354,260,76,81
362,248,84,95
339,250,93,95
343,239,108,99
296,245,125,86
292,244,116,79
316,244,130,77
293,238,154,91
300,239,168,89
285,243,178,90
277,250,189,78
290,249,183,79
278,252,188,72
288,249,189,76
277,249,193,76
291,250,179,79
276,255,186,75
275,252,191,78
268,253,203,84
254,253,213,85
250,251,212,84
257,253,198,79
240,254,220,80
238,258,224,75
234,253,225,81
218,259,237,75
241,233,213,76
223,238,237,82
236,255,235,68
230,260,235,71
251,253,217,78
230,248,229,86
200,250,254,88
229,255,243,86
243,208,233,101
251,198,202,121
263,170,194,150
261,188,205,154
239,203,222,127
247,190,218,141
276,182,182,127
281,195,176,140
291,166,172,166
277,167,173,172
298,146,143,199
298,165,140,184
297,176,139,174
301,143,137,195
285,161,161,184
289,151,151,195
293,161,147,190
288,137,164,214
297,152,151,209
298,145,145,208
296,136,144,211
292,161,143,191
287,134,166,213
295,192,158,170
282,162,166,185
295,183,156,169
295,151,156,185
287,143,162,206
290,168,186,181
280,171,188,170
289,141,169,203
288,156,166,169
302,141,140,195
295,155,166,189
274,137,188,198
273,128,183,208
280,130,155,194
277,141,168,185
264,152,187,172
268,157,182,158
259,169,195,133
261,163,194,160
283,167,161,142
274,167,177,165
286,153,153,194
282,140,150,194
287,129,138,208
279,141,151,204
272,142,156,198
291,109,121,232
278,129,138,206
281,130,149,211
274,124,149,219
273,141,146,199
276,135,139,207
283,117,131,223
285,118,137,229
290,93,122,248
287,79,124,257
285,90,134,257
274,112,156,232
276,106,153,236
272,118,154,221
280,143,139,192
274,136,167,206
258,157,186,178
259,167,185,151
268,173,185,142
264,164,188,160
264,161,186,157
262,166,193,153
269,171,180,145
268,175,178,141
281,166,160,162
287,162,147,159
285,169,153,167
279,136,146,181
284,136,144,196
288,104,137,233
276,123,156,221
273,141,162,195
262,153,185,184
275,158,157,158
269,166,176,138
264,162,175,165
278,169,161,131
265,178,184,98
257,182,200,66
254,179,205,83
264,174,193,89
250,171,203,100
271,165,179,127
269,162,169,141
271,163,174,150
257,160,193,172
267,165,174,154
260,171,193,158
249,167,200,155
257,155,187,181
254,161,195,179
269,166,177,155
259,158,192,183
276,166,159,157
275,156,173,181
258,167,204,164
272,148,170,184
271,145,173,194
271,161,181,169
261,167,179,153
260,154,183,175
264,163,184,153
261,171,200,161
256,165,202,167
244,171,221,166
260,153,202,177
274,163,167,160
265,169,184,151
259,169,199,159
268,164,179,156
265,160,182,176
260,163,183,163
257,162,193,182
277,161,160,152
273,172,163,120
267,176,162,82
257,178,171,66
256,177,176,68
260,172,180,75
255,167,177,85
251,172,184,78
265,168,174,75
266,167,166,77
264,168,157,80
267,171,163,66
264,171,168,69
258,166,176,79
266,166,166,80
260,169,174,75
272,166,164,63
250,175,176,68
261,171,181,63
251,170,187,73
254,172,188,90
242,174,195,110
249,176,184,111
263,175,175,103
284,170,152,111
244,163,179,87
257,161,190,100
237,167,207,101
231,169,210,98
245,168,196,102
238,170,210,101
250,174,190,106
259,174,181,109
267,177,179,111
255,179,185,103
270,176,173,101
265,171,176,129
275,175,165,120
268,180,165,83
274,175,154,90
268,173,165,90
263,175,170,82
261,176,171,82
257,174,173,90
263,171,174,95
261,170,177,97
265,173,171,98
269,172,165,100
273,174,166,92
270,178,165,84
272,175,166,89
276,175,155,93
276,179,156,80
269,178,163,84
274,177,157,83
272,180,152,86
273,179,149,87
277,178,150,85
279,176,140,91
275,178,135,86
284,175,114,92
281,169,113,101
293,174,94,92
302,170,95,89
313,172,79,86
323,167,73,97
325,167,84,94
322,168,101,93
302,179,103,88
312,165,111,85
303,174,130,80
275,174,163,82
271,177,181,75
262,176,192,79
254,177,199,71
258,173,191,72
249,174,193,68
245,176,200,67
247,176,194,62
258,173,181,67
254,173,189,70
257,170,176,70
263,173,180,68
262,173,173,65
256,172,187,67
249,171,186,77
252,171,174,74
256,168,167,79
255,168,184,82
253,167,186,88
259,171,172,68
262,168,177,72
262,170,186,78
274,166,173,79
271,167,179,99
262,165,181,131
276,166,146,164
289,128,137,200
277,144,144,192
274,157,151,178
284,179,135,151
284,143,138,175
276,159,148,160
283,154,136,171
284,110,133,196
290,115,119,207
284,145,125,185
280,88,129,215
281,161,127,175
279,150,137,171
268,167,152,155
268,135,161,179
278,154,148,161
268,172,178,137
261,169,201,142
256,178,207,134
252,179,197,135
255,183,198,128
258,183,214,122
263,186,181,118
257,164,196,141
264,169,172,132
261,174,184,128
258,176,193,126
259,175,184,139
254,171,213,151
251,187,200,124
264,171,182,142
265,174,181,149
270,166,182,158
278,160,177,173
271,173,176,153
284,158,157,170
267,166,182,156
284,164,157,160
279,150,167,185
288,152,153,166
296,167,143,149
302,173,135,131
296,158,150,162
302,171,131,138
288,158,157,162
288,165,152,145
285,157,159,173
272,164,188,158
262,173,193,132
272,168,178,138
276,170,170,106
273,174,176,96
275,174,176,100
259,170,189,110
266,172,185,97
267,177,185,74
273,174,173,85
262,171,184,96
271,170,172,97
277,172,168,89
270,176,173,84
265,173,170,89
270,174,160,80
269,175,168,74
267,172,174,84
257,175,173,84
258,174,189,81
258,183,181,56
262,177,183,60
257,175,189,59
261,170,180,68
258,170,184,74
257,171,179,76
262,169,181,85
256,168,180,85
257,168,176,88
265,169,168,83
271,168,159,75
265,168,168,64
268,167,159,72
277,169,152,58
269,164,159,71
259,166,172,67
261,166,179,66
254,162,173,75
257,163,182,77
251,168,188,67
248,171,198,56
251,175,193,51
254,177,190,51
255,183,189,40
258,185,186,36
254,183,183,40
260,184,185,40
263,181,185,56
264,181,189,67
281,181,178,72
257,181,193,75
258,176,194,85
258,174,181,92
258,176,193,76
259,171,195,93
266,170,176,99
256,172,192,92
264,172,185,91
264,169,186,94
260,171,185,94
267,168,177,99
275,171,171,96
280,170,159,95
272,172,169,90
279,173,176,81
274,178,188,77
266,174,192,91
269,172,188,95
273,172,178,86
281,173,177,90
261,177,198,77
252,171,208,84
264,170,182,76
251,174,200,72
252,173,199,78
258,171,203,84
261,173,198,70
247,179,210,54
250,180,204,50
253,182,196,40
249,179,205,44
253,174,200,52
253,169,203,66
249,167,204,76
238,174,208,61
249,171,204,69
233,170,221,78
228,173,227,69
230,174,220,70
258,172,201,62
260,171,181,61
258,171,184,63
267,170,173,60
270,166,174,71
264,166,179,78
271,168,157,67
272,168,172,66
279,167,165,71
270,166,170,80
263,169,179,86
258,170,195,87
244,169,211,84
245,169,201,93
262,169,181,98
282,168,162,105
271,172,173,106
284,178,157,86
280,180,170,78
271,177,173,80
284,172,157,90
278,177,170,85
270,174,179,85
275,176,166,89
283,176,167,86
281,175,168,89
275,177,175,82
273,178,172,82
280,174,164,84
270,173,172,83
265,174,174,84
283,175,155,81
272,172,166,93
278,175,176,96
265,177,188,93
269,177,180,95
278,173,174,105
272,176,191,92
262,173,190,97
282,166,165,105
272,167,181,101
277,168,173,106
264,172,182,98
279,167,169,109
275,173,170,97
281,172,166,96
267,172,183,96
281,171,167,103
275,174,174,99
258,175,197,90
275,168,172,108
272,172,183,107
262,179,197,79
269,179,178,88
267,177,177,91
274,178,168,87
274,175,168,90
262,178,178,89
266,176,178,85
273,179,176,89
268,182,182,74
262,179,180,80
254,179,197,81
264,178,180,87
264,178,180,85
278,179,159,86
266,176,174,88
279,175,163,89
264,176,183,82
264,176,179,91
263,175,180,86
272,174,170,93
273,173,168,97
271,173,171,97
274,172,175,96
272,173,178,99
267,172,186,101
271,171,180,104
278,170,169,108
263,175,186,102
261,176,179,88
275,173,164,95
278,175,154,93
266,181,168,83
264,179,177,78
260,174,183,91
271,172,172,102
270,173,174,101
276,172,161,105
274,174,166,99
269,175,175,82
254,176,195,87
257,170,197,105
251,167,204,139
270,169,181,159
267,176,193,155
263,170,192,162
246,186,210,135
258,182,196,137
269,171,184,163
246,183,207,142
267,188,184,124
247,182,191,155
253,158,191,169
256,156,176,191
262,141,174,198
269,131,143,224
268,129,152,227
274,121,144,230
275,115,146,223
286,93,126,243
286,107,131,234
279,95,144,238
285,87,131,257
278,96,142,248
277,122,146,223
278,99,142,246
287,88,133,255
281,110,142,241
279,76,143,270
279,86,141,265
274,93,141,255
274,107,147,241
271,79,149,258
274,90,149,254
273,84,147,263
272,95,148,243
266,99,155,246
263,115,170,233
266,137,157,190
266,152,181,157
260,161,184,150
262,172,187,132
265,176,181,117
252,178,193,116
248,184,197,94
252,183,194,87
261,178,181,96
245,178,199,101
250,178,190,95
251,177,189,93
247,175,189,95
247,177,188,93
253,179,180,95
250,180,183,95
247,179,185,92
242,179,192,90
248,178,191,96
245,179,192,89
254,177,178,93
257,179,180,89
261,176,172,90
266,178,170,86
253,179,181,83
255,176,174,90
262,178,171,85
265,175,166,93
270,174,159,90
275,177,150,89
280,178,145,87
283,178,147,84
276,179,159,83
273,180,164,82
287,181,143,82
283,181,148,83
278,183,155,77
273,181,167,78
276,178,165,85
278,177,158,83
281,176,161,88
268,177,173,81
277,176,163,78
281,174,159,82
286,176,153,82
290,179,152,81
279,182,158,77
279,181,164,77
277,182,171,75
276,178,174,83
264,176,180,94
268,178,173,87
274,180,167,85
272,183,168,79
272,181,176,81
273,183,170,84
267,181,181,82
268,179,184,86
264,177,181,91
267,178,177,90
266,179,181,87
270,178,176,93
270,178,168,93
266,179,179,94
273,177,171,97
270,180,175,91
260,179,180,91
259,177,182,94
266,178,174,91
268,179,178,92
252,177,186,99
257,176,180,99
251,177,174,97
251,172,174,102
247,176,179,89
240,174,198,94
240,170,193,101
238,170,189,106
243,168,183,106
247,172,176,96
250,175,170,90
248,176,168,87
245,175,176,89
233,172,186,101
250,173,173,87
239,176,179,84
248,171,180,95
236,176,186,92
241,171,186,99
253,168,168,105
246,176,186,92
249,177,180,96
242,176,194,101
246,176,191,94
252,171,185,112
267,163,168,150
267,166,171,168
277,166,159,177
269,143,161,196
280,149,155,199
266,145,174,207
264,166,179,178
251,165,192,178
251,175,192,176
264,192,176,149
267,151,166,151
270,143,161,182
266,153,173,189
261,157,196,179
274,165,165,163
267,166,182,175
265,158,171,182
267,170,171,158
273,163,159,176
288,140,140,190
279,154,153,179
274,157,151,180
281,160,139,169
283,172,152,171
275,129,151,171
274,117,151,185
281,146,149,174
279,153,153,181
288,167,140,159
284,155,155,193
270,163,171,173
261,145,193,197
266,143,191,196
269,142,196,209
261,159,199,178
269,164,186,175
273,178,181,142
280,175,170,166
290,150,144,188
299,164,138,166
294,168,138,179
293,144,140,164
292,152,141,170
292,153,140,176
287,165,145,174
289,147,136,198
293,158,126,185
289,145,132,194
285,133,146,208
289,125,138,214
298,106,128,233
288,99,142,230
279,133,150,185
292,128,132,192
297,111,126,216
286,127,145,184
295,135,132,180
299,135,127,189
302,136,121,194
307,145,117,187
299,136,126,201
301,120,121,216
308,91,109,244
295,93,130,247
288,123,136,211
293,120,129,222
290,110,137,231
288,106,142,228
283,105,147,230
277,127,157,188
272,137,156,173
275,141,151,158
265,151,163,148
264,159,172,126
264,162,171,128
265,165,170,101
262,171,174,90
254,171,183,96
261,170,181,90
279,168,164,96
281,169,164,94
301,174,148,69
302,175,145,64
316,172,140,71
319,173,139,66
333,179,131,59
307,181,146,53
300,181,156,56
312,178,154,69
294,182,163,73
301,181,160,80
306,191,159,74
303,169,155,79
304,175,165,92
324,120,163,121
310,154,146,140
323,149,153,139
313,160,141,128
306,174,143,122
338,108,137,146
315,126,146,182
327,106,137,206
311,87,168,248
321,82,156,254
319,84,155,258
324,83,148,259
321,88,145,250
314,88,152,248
319,87,142,244
313,91,140,234
310,88,140,242
305,97,141,232
303,99,142,240
299,92,143,250
298,99,141,248
290,95,147,257
290,83,145,269
284,86,153,265
285,92,153,260
290,95,141,259
298,75,132,273
296,86,132,254
299,87,127,257
301,98,131,255
288,101,143,251
286,110,146,232
291,84,126,252
269,89,149,248
257,98,171,243
270,87,151,258
268,83,147,259
265,89,151,258
259,80,151,263
258,86,151,249
246,92,172,243
242,90,174,248
247,99,169,238
243,78,145,255
235,97,179,237
230,82,175,252
217,95,199,247
192,93,223,255
196,98,231,239
213,80,191,273
197,74,210,278
205,68,214,264
214,71,188,265
190,64,219,283
206,60,202,283
222,70,187,229
216,80,204,235
238,78,168,235
226,84,188,246
229,62,181,270
227,62,198,270
239,61,182,275
242,65,188,256
227,68,210,274
224,46,219,297
236,36,200,308
242,39,183,300
227,45,197,293
240,53,184,290
239,39,174,293
232,41,198,303
237,27,185,309
225,36,190,299
223,42,197,299
215,39,203,297
222,33,192,305
208,39,212,293
204,32,204,289
203,32,199,304
195,28,197,311
195,44,194,291
177,19,203,320
183,24,183,307
164,30,192,299
173,28,175,309
166,27,177,305
169,36,165,300
135,34,189,295
141,40,193,292
96,50,232,278
112,37,209,315
102,36,212,308
69,28,245,286
44,24,270,303
67,41,245,275
58,27,258,285
52,18,247,304
41,23,265,311
